0 -0.059189
0.01 -0.060997
0.02 -0.062868
0.03 -0.0648
0.04 -0.066783
0.05 -0.0688
0.06 -0.070838
0.07 -0.072886
0.08 -0.074923
0.09 -0.07692
0.1 -0.078835
0.11 -0.080626
0.12 -0.082249
0.13 -0.083669
0.14 -0.084863
0.15 -0.085839
0.16 -0.086629
0.17 -0.087305
0.18 -0.087968
0.19 -0.088741
0.2 -0.089751
0.21 -0.091105
0.22 -0.092865
0.23 -0.095045
0.24 -0.097617
0.25 -0.10052
0.26 -0.10368
0.27 -0.10696
0.28 -0.11026
0.29 -0.11343
0.3 -0.11637
0.31 -0.119
0.32 -0.12128
0.33 -0.12319
0.34 -0.12475
0.35 -0.12601
0.36 -0.12703
0.37 -0.12785
0.38 -0.12855
0.39 -0.12915
0.4 -0.12969
0.41 -0.1302
0.42 -0.13068
0.43 -0.13115
0.44 -0.13162
0.45 -0.13211
0.46 -0.13268
0.47 -0.13339
0.48 -0.13428
0.49 -0.13539
0.5 -0.13674
0.51 -0.13831
0.52 -0.14003
0.53 -0.14186
0.54 -0.1437
0.55 -0.14547
0.56 -0.14708
0.57 -0.14846
0.58 -0.14956
0.59 -0.15035
0.6 -0.15085
0.61 -0.15112
0.62 -0.15124
0.63 -0.15129
0.64 -0.15134
0.65 -0.15145
0.66 -0.15168
0.67 -0.15203
0.68 -0.1525
0.69 -0.15306
0.7 -0.15365
0.71 -0.15422
0.72 -0.15469
0.73 -0.15502
0.74 -0.15513
0.75 -0.15497
0.76 -0.15449
0.77 -0.15366
0.78 -0.15246
0.79 -0.15093
0.8 -0.14912
0.81 -0.14713
0.82 -0.14505
0.83 -0.143
0.84 -0.1411
0.85 -0.13947
0.86 -0.13822
0.87 -0.1374
0.88 -0.13702
0.89 -0.13705
0.9 -0.13739
0.91 -0.13791
0.92 -0.1385
0.93 -0.13905
0.94 -0.1395
0.95 -0.13984
0.96 -0.14008
0.97 -0.14028
0.98 -0.14047
0.99 -0.14069
1 -0.14097
1.01 -0.1413
1.02 -0.14165
1.03 -0.142
1.04 -0.1423
1.05 -0.14251
1.06 -0.14259
1.07 -0.14251
1.08 -0.14222
1.09 -0.14172
1.1 -0.14099
1.11 -0.14003
1.12 -0.13886
1.13 -0.13753
1.14 -0.13608
1.15 -0.13456
1.16 -0.13304
1.17 -0.13154
1.18 -0.13009
1.19 -0.1287
1.2 -0.12739
1.21 -0.12614
1.22 -0.12495
1.23 -0.1238
1.24 -0.12269
1.25 -0.12163
1.26 -0.12064
1.27 -0.11975
1.28 -0.11895
1.29 -0.11825
1.3 -0.11764
1.31 -0.11712
1.32 -0.11669
1.33 -0.11634
1.34 -0.1161
1.35 -0.11595
1.36 -0.11591
1.37 -0.11597
1.38 -0.11614
1.39 -0.11643
1.4 -0.11683
1.41 -0.11734
1.42 -0.11793
1.43 -0.11857
1.44 -0.11921
1.45 -0.11981
1.46 -0.1203
1.47 -0.12067
1.48 -0.12089
1.49 -0.12099
1.5 -0.12098
1.51 -0.12089
1.52 -0.12071
1.53 -0.12045
1.54 -0.12007
1.55 -0.11954
1.56 -0.11882
1.57 -0.11789
1.58 -0.11675
1.59 -0.11543
1.6 -0.11397
1.61 -0.11244
1.62 -0.11094
1.63 -0.10953
1.64 -0.1083
1.65 -0.10728
1.66 -0.1065
1.67 -0.10594
1.68 -0.10558
1.69 -0.10539
1.7 -0.10535
1.71 -0.10543
1.72 -0.10559
1.73 -0.10579
1.74 -0.10598
1.75 -0.10614
1.76 -0.10623
1.77 -0.10624
1.78 -0.10615
1.79 -0.10597
1.8 -0.10568
1.81 -0.10524
1.82 -0.10464
1.83 -0.10383
1.84 -0.10279
1.85 -0.10153
1.86 -0.10003
1.87 -0.098313
1.88 -0.09639
1.89 -0.094283
1.9 -0.092009
1.91 -0.08959
1.92 -0.087048
1.93 -0.0844
1.94 -0.081654
1.95 -0.078823
1.96 -0.075942
1.97 -0.073082
1.98 -0.070339
1.99 -0.067814
2 -0.065584
2.01 -0.063694
2.02 -0.062135
2.03 -0.060848
2.04 -0.059745
2.05 -0.058739
2.06 -0.057768
2.07 -0.056804
2.08 -0.055837
2.09 -0.054862
2.1 -0.053869
2.11 -0.052848
2.12 -0.051805
2.13 -0.050761
2.14 -0.04975
2.15 -0.048813
2.16 -0.047986
2.17 -0.047289
2.18 -0.046723
2.19 -0.046262
2.2 -0.045854
2.21 -0.045437
2.22 -0.044951
2.23 -0.044347
2.24 -0.043591
2.25 -0.042665
2.26 -0.041575
2.27 -0.04036
2.28 -0.039082
2.29 -0.037806
2.3 -0.036587
2.31 -0.035454
2.32 -0.034408
2.33 -0.033429
2.34 -0.032479
2.35 -0.031506
2.36 -0.030456
2.37 -0.02928
2.38 -0.02795
2.39 -0.026467
2.4 -0.024861
2.41 -0.023181
2.42 -0.021493
2.43 -0.019856
2.44 -0.018321
2.45 -0.016937
2.46 -0.015737
2.47 -0.014727
2.48 -0.013861
2.49 -0.013032
2.5 -0.012091
2.51 -0.010872
2.52 -0.0092411
2.53 -0.0071202
2.54 -0.0045031
2.55 -0.0014461
2.56 0.001956
2.57 0.0055945
2.58 0.0093581
2.59 0.013133
2.6 0.016797
2.61 0.02022
2.62 0.023272
2.63 0.025848
2.64 0.027875
2.65 0.029308
2.66 0.030142
2.67 0.030412
2.68 0.030211
2.69 0.029676
2.7 0.028973
2.71 0.028277
2.72 0.027731
2.73 0.027433
2.74 0.027421
2.75 0.027675
2.76 0.028148
2.77 0.028781
2.78 0.029529
2.79 0.030358
2.8 0.031244
2.81 0.032164
2.82 0.033096
2.83 0.03402
2.84 0.034919
2.85 0.035786
2.86 0.036631
2.87 0.037482
2.88 0.038382
2.89 0.039379
2.9 0.040507
2.91 0.04178
2.92 0.04319
2.93 0.044716
2.94 0.046342
2.95 0.048054
2.96 0.049833
2.97 0.051643
2.98 0.053427
2.99 0.055111
3 0.056628
3.01 0.057926
3.02 0.058979
3.03 0.059785
3.04 0.060366
3.05 0.06076
3.06 0.061005
3.07 0.061124
3.08 0.061117
3.09 0.060965
3.1 0.060636
3.11 0.060096
3.12 0.059312
3.13 0.058249
3.14 0.056876
3.15 0.055171
3.16 0.053125
3.17 0.05074
3.18 0.048033
3.19 0.045042
3.2 0.04182
3.21 0.038432
3.22 0.034943
3.23 0.031415
3.24 0.027899
3.25 0.024435
3.26 0.021045
3.27 0.01775
3.28 0.014561
3.29 0.011494
3.3 0.0085709
3.31 0.0058188
3.32 0.0032629
3.33 0.00092094
3.34 -0.0011996
3.35 -0.0031021
3.36 -0.0048003
3.37 -0.0063217
3.38 -0.0077153
3.39 -0.0090504
3.4 -0.010404
3.41 -0.011841
3.42 -0.013402
3.43 -0.015103
3.44 -0.016933
3.45 -0.018878
3.46 -0.020924
3.47 -0.023063
3.48 -0.025287
3.49 -0.027575
3.5 -0.029897
3.51 -0.032209
3.52 -0.034468
3.53 -0.03664
3.54 -0.038717
3.55 -0.040712
3.56 -0.04265
3.57 -0.044548
3.58 -0.046408
3.59 -0.048206
3.6 -0.049906
3.61 -0.051477
3.62 -0.052907
3.63 -0.054214
3.64 -0.055444
3.65 -0.056659
3.66 -0.057931
3.67 -0.05933
3.68 -0.060911
3.69 -0.062697
3.7 -0.064671
3.71 -0.066787
3.72 -0.068982
3.73 -0.071187
3.74 -0.073335
3.75 -0.075379
3.76 -0.077298
3.77 -0.079104
3.78 -0.08083
3.79 -0.08253
3.8 -0.084274
3.81 -0.086124
3.82 -0.088123
3.83 -0.090284
3.84 -0.09259
3.85 -0.095006
3.86 -0.097493
3.87 -0.10002
3.88 -0.10257
3.89 -0.10514
3.9 -0.10774
3.91 -0.1104
3.92 -0.11316
3.93 -0.11606
3.94 -0.11913
3.95 -0.12238
3.96 -0.12582
3.97 -0.12942
3.98 -0.13313
3.99 -0.13691
4 -0.14069
4.01 -0.14444
4.02 -0.14812
4.03 -0.15171
4.04 -0.15519
4.05 -0.15859
4.06 -0.16193
4.07 -0.16523
4.08 -0.16854
4.09 -0.17185
4.1 -0.17517
4.11 -0.17851
4.12 -0.18188
4.13 -0.18531
4.14 -0.18883
4.15 -0.19245
4.16 -0.19616
4.17 -0.19992
4.18 -0.20366
4.19 -0.20732
4.2 -0.21084
4.21 -0.21418
4.22 -0.21734
4.23 -0.22034
4.24 -0.22318
4.25 -0.22587
4.26 -0.22842
4.27 -0.23084
4.28 -0.23319
4.29 -0.23552
4.3 -0.23788
4.31 -0.24032
4.32 -0.24286
4.33 -0.24549
4.34 -0.24818
4.35 -0.25092
4.36 -0.25368
4.37 -0.25647
4.38 -0.25928
4.39 -0.26209
4.4 -0.26483
4.41 -0.26745
4.42 -0.26984
4.43 -0.27193
4.44 -0.27365
4.45 -0.27497
4.46 -0.27588
4.47 -0.27639
4.48 -0.27649
4.49 -0.27619
4.5 -0.27548
4.51 -0.27439
4.52 -0.27293
4.53 -0.27115
4.54 -0.26907
4.55 -0.26674
4.56 -0.2642
4.57 -0.26146
4.58 -0.25857
4.59 -0.25558
4.6 -0.25257
4.61 -0.24962
4.62 -0.2468
4.63 -0.24416
4.64 -0.24169
4.65 -0.23936
4.66 -0.23711
4.67 -0.23484
4.68 -0.23251
4.69 -0.23012
4.7 -0.22768
4.71 -0.2252
4.72 -0.22268
4.73 -0.22015
4.74 -0.21763
4.75 -0.21515
4.76 -0.21278
4.77 -0.21059
4.78 -0.20862
4.79 -0.20693
4.8 -0.20554
4.81 -0.20445
4.82 -0.20363
4.83 -0.20304
4.84 -0.20265
4.85 -0.20246
4.86 -0.20247
4.87 -0.20269
4.88 -0.20312
4.89 -0.20377
4.9 -0.2046
4.91 -0.20562
4.92 -0.2068
4.93 -0.20812
4.94 -0.20954
4.95 -0.21101
4.96 -0.21248
4.97 -0.21386
4.98 -0.21507
4.99 -0.21602
5 -0.21663
5.01 -0.21684
5.02 -0.21662
5.03 -0.21599
5.04 -0.21501
5.05 -0.21376
5.06 -0.21233
5.07 -0.21081
5.08 -0.20926
5.09 -0.2077
5.1 -0.20612
5.11 -0.2045
5.12 -0.2028
5.13 -0.20099
5.14 -0.19908
5.15 -0.19707
5.16 -0.19496
5.17 -0.19279
5.18 -0.19056
5.19 -0.1883
5.2 -0.18607
5.21 -0.18391
5.22 -0.18186
5.23 -0.17992
5.24 -0.17807
5.25 -0.17627
5.26 -0.17449
5.27 -0.1727
5.28 -0.17089
5.29 -0.1691
5.3 -0.16735
5.31 -0.16568
5.32 -0.16411
5.33 -0.16262
5.34 -0.16122
5.35 -0.15987
5.36 -0.15855
5.37 -0.15725
5.38 -0.15593
5.39 -0.1546
5.4 -0.15322
5.41 -0.15178
5.42 -0.15028
5.43 -0.14871
5.44 -0.1471
5.45 -0.14549
5.46 -0.14393
5.47 -0.14244
5.48 -0.14104
5.49 -0.13974
5.5 -0.13855
5.51 -0.13746
5.52 -0.13648
5.53 -0.13561
5.54 -0.13486
5.55 -0.1342
5.56 -0.1336
5.57 -0.13304
5.58 -0.13247
5.59 -0.13186
5.6 -0.13117
5.61 -0.1304
5.62 -0.12951
5.63 -0.12853
5.64 -0.12747
5.65 -0.12636
5.66 -0.12524
5.67 -0.12415
5.68 -0.1231
5.69 -0.12211
5.7 -0.12118
5.71 -0.12028
5.72 -0.11937
5.73 -0.11843
5.74 -0.1174
5.75 -0.11626
5.76 -0.11499
5.77 -0.1136
5.78 -0.11212
5.79 -0.11059
5.8 -0.10908
5.81 -0.10765
5.82 -0.10634
5.83 -0.10517
5.84 -0.10415
5.85 -0.10328
5.86 -0.10255
5.87 -0.10194
5.88 -0.10144
5.89 -0.10101
5.9 -0.10061
5.91 -0.10023
5.92 -0.09984
5.93 -0.099429
5.94 -0.098992
5.95 -0.098527
5.96 -0.098037
5.97 -0.09753
5.98 -0.097011
5.99 -0.09648
6 -0.09593
6.01 -0.095349
6.02 -0.09472
6.03 -0.094022
6.04 -0.093231
6.05 -0.092324
6.06 -0.091273
6.07 -0.090049
6.08 -0.088625
6.09 -0.086986
6.1 -0.085145
6.11 -0.08314
6.12 -0.081028
6.13 -0.078868
6.14 -0.076708
6.15 -0.074569
6.16 -0.072441
6.17 -0.070296
6.18 -0.068103
6.19 -0.065851
6.2 -0.063545
6.21 -0.061203
6.22 -0.05884
6.23 -0.056466
6.24 -0.054081
6.25 -0.051687
6.26 -0.049291
6.27 -0.046909
6.28 -0.044563
6.29 -0.042278
6.3 -0.040075
6.31 -0.03797
6.32 -0.035969
6.33 -0.034064
6.34 -0.032246
6.35 -0.030506
6.36 -0.028845
6.37 -0.027272
6.38 -0.025787
6.39 -0.02438
6.4 -0.023026
6.41 -0.021697
6.42 -0.020374
6.43 -0.019058
6.44 -0.017771
6.45 -0.016563
6.46 -0.015485
6.47 -0.014565
6.48 -0.013803
6.49 -0.013184
6.5 -0.012692
6.51 -0.012317
6.52 -0.012061
6.53 -0.011934
6.54 -0.011951
6.55 -0.012109
6.56 -0.012364
6.57 -0.012627
6.58 -0.012794
6.59 -0.012762
6.6 -0.012444
6.61 -0.011775
6.62 -0.010707
6.63 -0.009218
6.64 -0.0073155
6.65 -0.0050393
6.66 -0.0024562
6.67 0.00034932
6.68 0.0032926
6.69 0.0063056
6.7 0.009348
6.71 0.012408
6.72 0.015501
6.73 0.018659
6.74 0.021927
6.75 0.025337
6.76 0.028893
6.77 0.032552
6.78 0.036233
6.79 0.03984
6.8 0.043284
6.81 0.046507
6.82 0.049479
6.83 0.052191
6.84 0.054655
6.85 0.056893
6.86 0.058937
6.87 0.06081
6.88 0.06253
6.89 0.064108
6.9 0.065555
6.91 0.066883
6.92 0.068091
6.93 0.069156
6.94 0.07004
6.95 0.070719
6.96 0.071192
6.97 0.07149
6.98 0.071672
6.99 0.071818
7 0.072023
7.01 0.072372
7.02 0.072916
7.03 0.073676
7.04 0.074637
7.05 0.075768
7.06 0.077018
7.07 0.078318
7.08 0.07958
7.09 0.080707
7.1 0.081606
7.11 0.082205
7.12 0.082455
7.13 0.082333
7.14 0.081852
7.15 0.081058
7.16 0.080009
7.17 0.078766
7.18 0.077382
7.19 0.075909
7.2 0.074397
7.21 0.072894
7.22 0.071428
7.23 0.070006
7.24 0.068615
7.25 0.067239
7.26 0.065858
7.27 0.064441
7.28 0.062956
7.29 0.061377
7.3 0.05969
7.31 0.057881
7.32 0.055937
7.33 0.053839
7.34 0.051571
7.35 0.049119
7.36 0.046488
7.37 0.043707
7.38 0.040834
7.39 0.037943
7.4 0.035113
7.41 0.032419
7.42 0.029923
7.43 0.027677
7.44 0.025708
7.45 0.02403
7.46 0.022655
7.47 0.021595
7.48 0.020852
7.49 0.020414
7.5 0.020253
7.51 0.020331
7.52 0.020609
7.53 0.021047
7.54 0.021604
7.55 0.02223
7.56 0.022867
7.57 0.023449
7.58 0.023906
7.59 0.024177
7.6 0.024223
7.61 0.024027
7.62 0.023598
7.63 0.022958
7.64 0.022139
7.65 0.021174
7.66 0.020091
7.67 0.018901
7.68 0.017596
7.69 0.016155
7.7 0.014557
7.71 0.012774
7.72 0.010782
7.73 0.0085606
7.74 0.0061127
7.75 0.0034625
7.76 0.00065367
7.77 -0.0022549
7.78 -0.0051901
7.79 -0.0080727
7.8 -0.010831
7.81 -0.013412
7.82 -0.015783
7.83 -0.017935
7.84 -0.019876
7.85 -0.021636
7.86 -0.023258
7.87 -0.024794
7.88 -0.026289
7.89 -0.027776
7.9 -0.029263
7.91 -0.030744
7.92 -0.032195
7.93 -0.033585
7.94 -0.034882
7.95 -0.036056
7.96 -0.037089
7.97 -0.037978
7.98 -0.03873
7.99 -0.039362
8 -0.039896
8.01 -0.040356
8.02 -0.040763
8.03 -0.041125
8.04 -0.041441
8.05 -0.041708
8.06 -0.041927
8.07 -0.042096
8.08 -0.042212
8.09 -0.042274
8.1 -0.042284
8.11 -0.042246
8.12 -0.042161
8.13 -0.042028
8.14 -0.041852
8.15 -0.041639
8.16 -0.041402
8.17 -0.041153
8.18 -0.040905
8.19 -0.040672
8.2 -0.040472
8.21 -0.040323
8.22 -0.04023
8.23 -0.040187
8.24 -0.04018
8.25 -0.040195
8.26 -0.04023
8.27 -0.040292
8.28 -0.04039
8.29 -0.040535
8.3 -0.040722
8.31 -0.040935
8.32 -0.041151
8.33 -0.041347
8.34 -0.041503
8.35 -0.041606
8.36 -0.041649
8.37 -0.041633
8.38 -0.041561
8.39 -0.041444
8.4 -0.041294
8.41 -0.041129
8.42 -0.040967
8.43 -0.040828
8.44 -0.040728
8.45 -0.040676
8.46 -0.040674
8.47 -0.040723
8.48 -0.040825
8.49 -0.04098
8.5 -0.041182
8.51 -0.041414
8.52 -0.041665
8.53 -0.041926
8.54 -0.04219
8.55 -0.042447
8.56 -0.042684
8.57 -0.04289
8.58 -0.043055
8.59 -0.043177
8.6 -0.043259
8.61 -0.043312
8.62 -0.043346
8.63 -0.043368
8.64 -0.043377
8.65 -0.043363
8.66 -0.043315
8.67 -0.043223
8.68 -0.043091
8.69 -0.04293
8.7 -0.042752
8.71 -0.042568
8.72 -0.042384
8.73 -0.042203
8.74 -0.04203
8.75 -0.041873
8.76 -0.041735
8.77 -0.04162
8.78 -0.041539
8.79 -0.04151
8.8 -0.041547
8.81 -0.041656
8.82 -0.041828
8.83 -0.042049
8.84 -0.042295
8.85 -0.042537
8.86 -0.042734
8.87 -0.04284
8.88 -0.042807
8.89 -0.042578
8.9 -0.042084
8.91 -0.041258
8.92 -0.040043
8.93 -0.038407
8.94 -0.036354
8.95 -0.033943
8.96 -0.031296
8.97 -0.028602
8.98 -0.026096
8.99 -0.024027
9 -0.022637
9.01 -0.022135
9.02 -0.022678
9.03 -0.024362
9.04 -0.027221
9.05 -0.031235
9.06 -0.036336
9.07 -0.042408
9.08 -0.049301
9.09 -0.056851
9.1 -0.064893
9.11 -0.073285
9.12 -0.081906
9.13 -0.090652
9.14 -0.099422
9.15 -0.10812
9.16 -0.11663
9.17 -0.12488
9.18 -0.13278
9.19 -0.14023
9.2 -0.14717
9.21 -0.1535
9.22 -0.1592
9.23 -0.16423
9.24 -0.16863
9.25 -0.17244
9.26 -0.17572
9.27 -0.17854
9.28 -0.18096
9.29 -0.18304
9.3 -0.18483
9.31 -0.18634
9.32 -0.18759
9.33 -0.18856
9.34 -0.18926
9.35 -0.18969
9.36 -0.18986
9.37 -0.18977
9.38 -0.18944
9.39 -0.18891
9.4 -0.1882
9.41 -0.18736
9.42 -0.18644
9.43 -0.18547
9.44 -0.18446
9.45 -0.18345
9.46 -0.18243
9.47 -0.18139
9.48 -0.18032
9.49 -0.1792
9.5 -0.17803
9.51 -0.17681
9.52 -0.17553
9.53 -0.17418
9.54 -0.17275
9.55 -0.17121
9.56 -0.16957
9.57 -0.1678
9.58 -0.16592
9.59 -0.16398
9.6 -0.162
9.61 -0.16004
9.62 -0.15814
9.63 -0.15634
9.64 -0.15467
9.65 -0.15315
9.66 -0.15177
9.67 -0.15049
9.68 -0.14928
9.69 -0.14813
9.7 -0.14702
9.71 -0.14594
9.72 -0.14486
9.73 -0.14376
9.74 -0.14264
9.75 -0.14148
9.76 -0.14029
9.77 -0.13907
9.78 -0.13783
9.79 -0.13659
9.8 -0.13534
9.81 -0.13406
9.82 -0.13274
9.83 -0.13137
9.84 -0.12995
9.85 -0.12848
9.86 -0.12698
9.87 -0.12546
9.88 -0.12394
9.89 -0.12243
9.9 -0.12093
9.91 -0.11947
9.92 -0.11806
9.93 -0.11671
9.94 -0.11542
9.95 -0.1142
9.96 -0.11303
9.97 -0.1119
9.98 -0.11078
9.99 -0.10964
10 -0.10847
10.01 -0.10727
10.02 -0.10606
10.03 -0.10488
10.04 -0.10374
10.05 -0.10267
10.06 -0.10165
10.07 -0.1007
10.08 -0.099791
10.09 -0.09892
10.1 -0.098084
10.11 -0.097286
10.12 -0.096529
10.13 -0.095811
10.14 -0.095125
10.15 -0.094464
10.16 -0.09383
10.17 -0.093231
10.18 -0.092676
10.19 -0.092167
10.2 -0.091709
10.21 -0.091309
10.22 -0.09098
10.23 -0.090739
10.24 -0.090602
10.25 -0.090589
10.26 -0.090724
10.27 -0.091038
10.28 -0.091548
10.29 -0.092256
10.3 -0.093143
10.31 -0.094178
10.32 -0.095325
10.33 -0.096549
10.34 -0.097824
10.35 -0.099121
10.36 -0.10041
10.37 -0.10166
10.38 -0.10285
10.39 -0.10395
10.4 -0.10493
10.41 -0.10579
10.42 -0.10651
10.43 -0.10706
10.44 -0.1074
10.45 -0.10752
10.46 -0.10742
10.47 -0.10715
10.48 -0.10675
10.49 -0.1063
10.5 -0.10585
10.51 -0.10548
10.52 -0.10523
10.53 -0.10515
10.54 -0.10525
10.55 -0.10554
10.56 -0.10601
10.57 -0.10663
10.58 -0.10739
10.59 -0.10824
10.6 -0.10916
10.61 -0.1101
10.62 -0.11105
10.63 -0.11199
10.64 -0.11292
10.65 -0.11385
10.66 -0.11479
10.67 -0.11571
10.68 -0.11661
10.69 -0.11748
10.7 -0.11831
10.71 -0.11913
10.72 -0.11994
10.73 -0.12073
10.74 -0.12151
10.75 -0.12227
10.76 -0.12302
10.77 -0.12377
10.78 -0.12456
10.79 -0.1254
10.8 -0.12632
10.81 -0.12731
10.82 -0.12836
10.83 -0.12944
10.84 -0.13054
10.85 -0.13162
10.86 -0.1327
10.87 -0.13374
10.88 -0.13474
10.89 -0.1357
10.9 -0.13659
10.91 -0.13738
10.92 -0.13804
10.93 -0.13859
10.94 -0.13907
10.95 -0.13952
10.96 -0.13997
10.97 -0.14045
10.98 -0.14098
10.99 -0.14158
11 -0.14228
11.01 -0.14309
11.02 -0.14404
11.03 -0.1451
11.04 -0.14628
11.05 -0.14756
11.06 -0.14891
11.07 -0.1503
11.08 -0.15171
11.09 -0.1531
11.1 -0.15445
11.11 -0.15575
11.12 -0.15699
11.13 -0.15817
11.14 -0.1593
11.15 -0.16039
11.16 -0.16145
11.17 -0.16251
11.18 -0.16359
11.19 -0.16468
11.2 -0.16578
11.21 -0.1669
11.22 -0.16803
11.23 -0.16917
11.24 -0.17032
11.25 -0.17149
11.26 -0.17267
11.27 -0.17388
11.28 -0.17512
11.29 -0.17638
11.3 -0.17769
11.31 -0.17904
11.32 -0.18042
11.33 -0.18182
11.34 -0.1832
11.35 -0.18454
11.36 -0.18583
11.37 -0.18706
11.38 -0.18823
11.39 -0.18933
11.4 -0.19038
11.41 -0.19136
11.42 -0.19229
11.43 -0.19316
11.44 -0.19397
11.45 -0.19473
11.46 -0.19545
11.47 -0.19611
11.48 -0.19672
11.49 -0.19726
11.5 -0.19769
11.51 -0.198
11.52 -0.19818
11.53 -0.19824
11.54 -0.19822
11.55 -0.19815
11.56 -0.19808
11.57 -0.19806
11.58 -0.19813
11.59 -0.19832
11.6 -0.19862
11.61 -0.19903
11.62 -0.19953
11.63 -0.2001
11.64 -0.20073
11.65 -0.20137
11.66 -0.20201
11.67 -0.20262
11.68 -0.20319
11.69 -0.20369
11.7 -0.20412
11.71 -0.20447
11.72 -0.20474
11.73 -0.20494
11.74 -0.20507
11.75 -0.20516
11.76 -0.20523
11.77 -0.20531
11.78 -0.20541
11.79 -0.20556
11.8 -0.20577
11.81 -0.20604
11.82 -0.20637
11.83 -0.20674
11.84 -0.20714
11.85 -0.20755
11.86 -0.20794
11.87 -0.2083
11.88 -0.20863
11.89 -0.20894
11.9 -0.20924
11.91 -0.20953
11.92 -0.20982
11.93 -0.21015
11.94 -0.21054
11.95 -0.211
11.96 -0.21155
11.97 -0.2122
11.98 -0.21294
11.99 -0.21375
12 -0.21462
12.01 -0.21555
12.02 -0.2165
12.03 -0.21747
12.04 -0.21842
12.05 -0.21933
12.06 -0.2202
12.07 -0.221
12.08 -0.22176
12.09 -0.22247
12.1 -0.22316
12.11 -0.22385
12.12 -0.22456
12.13 -0.22531
12.14 -0.22613
12.15 -0.22702
12.16 -0.228
12.17 -0.22905
12.18 -0.23016
12.19 -0.23129
12.2 -0.2324
12.21 -0.23346
12.22 -0.23444
12.23 -0.23533
12.24 -0.23612
12.25 -0.23681
12.26 -0.23743
12.27 -0.23797
12.28 -0.23846
12.29 -0.23889
12.3 -0.23927
12.31 -0.23959
12.32 -0.23983
12.33 -0.24
12.34 -0.24008
12.35 -0.24007
12.36 -0.23999
12.37 -0.23983
12.38 -0.23962
12.39 -0.23937
12.4 -0.23909
12.41 -0.23881
12.42 -0.23853
12.43 -0.23825
12.44 -0.238
12.45 -0.23779
12.46 -0.23767
12.47 -0.23764
12.48 -0.23771
12.49 -0.23788
12.5 -0.23814
12.51 -0.23846
12.52 -0.2388
12.53 -0.23911
12.54 -0.23938
12.55 -0.23958
12.56 -0.23972
12.57 -0.2398
12.58 -0.23984
12.59 -0.23983
12.6 -0.23981
12.61 -0.2398
12.62 -0.23981
12.63 -0.23989
12.64 -0.24005
12.65 -0.24031
12.66 -0.24067
12.67 -0.24111
12.68 -0.24162
12.69 -0.24216
12.7 -0.24272
12.71 -0.2433
12.72 -0.24389
12.73 -0.24449
12.74 -0.24509
12.75 -0.2457
12.76 -0.24633
12.77 -0.24698
12.78 -0.24765
12.79 -0.24834
12.8 -0.24907
12.81 -0.24982
12.82 -0.25059
12.83 -0.25137
12.84 -0.25214
12.85 -0.25287
12.86 -0.25354
12.87 -0.25412
12.88 -0.2546
12.89 -0.25497
12.9 -0.25524
12.91 -0.25545
12.92 -0.25561
12.93 -0.25574
12.94 -0.25586
12.95 -0.25596
12.96 -0.25606
12.97 -0.25615
12.98 -0.25624
12.99 -0.25632
13 -0.25638
13.01 -0.25644
13.02 -0.2565
13.03 -0.25658
13.04 -0.25669
13.05 -0.25687
13.06 -0.25715
13.07 -0.25752
13.08 -0.25799
13.09 -0.25854
13.1 -0.25916
13.11 -0.25983
13.12 -0.26054
13.13 -0.26127
13.14 -0.26197
13.15 -0.26261
13.16 -0.26317
13.17 -0.26362
13.18 -0.26395
13.19 -0.26416
13.2 -0.26427
13.21 -0.26432
13.22 -0.26432
13.23 -0.2643
13.24 -0.26429
13.25 -0.26431
13.26 -0.26437
13.27 -0.26445
13.28 -0.26456
13.29 -0.26469
13.3 -0.26484
13.31 -0.26501
13.32 -0.26518
13.33 -0.26535
13.34 -0.26549
13.35 -0.26559
13.36 -0.26566
13.37 -0.26571
13.38 -0.26575
13.39 -0.26581
13.4 -0.26591
13.41 -0.26607
13.42 -0.26629
13.43 -0.26654
13.44 -0.26677
13.45 -0.26697
13.46 -0.26712
13.47 -0.26723
13.48 -0.26731
13.49 -0.26739
13.5 -0.26749
13.51 -0.26761
13.52 -0.26776
13.53 -0.26792
13.54 -0.2681
13.55 -0.26827
13.56 -0.26842
13.57 -0.26854
13.58 -0.26863
13.59 -0.26867
13.6 -0.2687
13.61 -0.26871
13.62 -0.26873
13.63 -0.26877
13.64 -0.26882
13.65 -0.26887
13.66 -0.26893
13.67 -0.26899
13.68 -0.26905
13.69 -0.26912
13.7 -0.26918
13.71 -0.26925
13.72 -0.2693
13.73 -0.26935
13.74 -0.26938
13.75 -0.2694
13.76 -0.26943
13.77 -0.26947
13.78 -0.26953
13.79 -0.2696
13.8 -0.26965
13.81 -0.26967
13.82 -0.26966
13.83 -0.26965
13.84 -0.26967
13.85 -0.26971
13.86 -0.26979
13.87 -0.2699
13.88 -0.27003
13.89 -0.27017
13.9 -0.27034
13.91 -0.27054
13.92 -0.27078
13.93 -0.27103
13.94 -0.2713
13.95 -0.27157
13.96 -0.27181
13.97 -0.27203
13.98 -0.27221
13.99 -0.27236
14 -0.27247
14.01 -0.27253
14.02 -0.27257
14.03 -0.27258
14.04 -0.27257
14.05 -0.27254
14.06 -0.27251
14.07 -0.27248
14.08 -0.27242
14.09 -0.27234
14.1 -0.27226
14.11 -0.27221
14.12 -0.2722
14.13 -0.27225
14.14 -0.27235
14.15 -0.27249
14.16 -0.27265
14.17 -0.27283
14.18 -0.27302
14.19 -0.27325
14.2 -0.27351
14.21 -0.27382
14.22 -0.27415
14.23 -0.27447
14.24 -0.27476
14.25 -0.27503
14.26 -0.27528
14.27 -0.2755
14.28 -0.27569
14.29 -0.27584
14.3 -0.27594
14.31 -0.27602
14.32 -0.2761
14.33 -0.27621
14.34 -0.27635
14.35 -0.27653
14.36 -0.27674
14.37 -0.27696
14.38 -0.27717
14.39 -0.27738
14.4 -0.27756
14.41 -0.27772
14.42 -0.27786
14.43 -0.278
14.44 -0.27814
14.45 -0.2783
14.46 -0.27848
14.47 -0.2787
14.48 -0.27895
14.49 -0.27923
14.5 -0.27952
14.51 -0.27983
14.52 -0.28015
14.53 -0.28045
14.54 -0.28075
14.55 -0.28103
14.56 -0.28128
14.57 -0.28152
14.58 -0.28173
14.59 -0.28192
14.6 -0.2821
14.61 -0.28226
14.62 -0.28242
14.63 -0.28255
14.64 -0.28266
14.65 -0.28273
14.66 -0.28274
14.67 -0.28272
14.68 -0.28267
14.69 -0.2826
14.7 -0.28255
14.71 -0.28253
14.72 -0.28253
14.73 -0.28255
14.74 -0.28255
14.75 -0.28254
14.76 -0.2825
14.77 -0.28241
14.78 -0.28227
14.79 -0.2821
14.8 -0.2819
14.81 -0.28172
14.82 -0.28156
14.83 -0.28144
14.84 -0.28136
14.85 -0.2813
14.86 -0.28122
14.87 -0.2811
14.88 -0.28095
14.89 -0.28074
14.9 -0.28048
14.91 -0.28018
14.92 -0.27982
14.93 -0.27942
14.94 -0.27897
14.95 -0.27848
14.96 -0.27794
14.97 -0.27736
14.98 -0.27674
14.99 -0.27612
15 -0.27552
15.01 -0.27495
15.02 -0.27444
15.03 -0.27396
15.04 -0.27352
15.05 -0.27312
15.06 -0.27278
15.07 -0.27251
15.08 -0.27231
15.09 -0.27214
15.1 -0.272
15.11 -0.27185
15.12 -0.27165
15.13 -0.27138
15.14 -0.27104
15.15 -0.27065
15.16 -0.2702
15.17 -0.26971
15.18 -0.26918
15.19 -0.26861
15.2 -0.26802
15.21 -0.26742
15.22 -0.26684
15.23 -0.2663
15.24 -0.26581
15.25 -0.26538
15.26 -0.265
15.27 -0.26467
15.28 -0.26438
15.29 -0.26413
15.3 -0.2639
15.31 -0.26371
15.32 -0.26356
15.33 -0.26345
15.34 -0.26336
15.35 -0.26328
15.36 -0.26321
15.37 -0.26314
15.38 -0.26306
15.39 -0.26294
15.4 -0.26281
15.41 -0.26265
15.42 -0.26249
15.43 -0.26234
15.44 -0.26219
15.45 -0.26204
15.46 -0.26187
15.47 -0.26165
15.48 -0.26139
15.49 -0.26111
15.5 -0.26081
15.51 -0.26052
15.52 -0.26023
15.53 -0.25994
15.54 -0.25964
15.55 -0.25932
15.56 -0.25899
15.57 -0.25861
15.58 -0.25818
15.59 -0.25769
15.6 -0.25714
15.61 -0.25654
15.62 -0.25589
15.63 -0.25519
15.64 -0.25443
15.65 -0.25357
15.66 -0.25258
15.67 -0.25139
15.68 -0.24995
15.69 -0.24818
15.7 -0.24603
15.71 -0.24347
15.72 -0.24046
15.73 -0.23699
15.74 -0.23309
15.75 -0.22878
15.76 -0.2241
15.77 -0.2191
15.78 -0.21381
15.79 -0.20826
15.8 -0.20246
15.81 -0.19643
15.82 -0.1902
15.83 -0.18381
15.84 -0.17729
15.85 -0.17067
15.86 -0.16399
15.87 -0.1573
15.88 -0.15062
15.89 -0.144
15.9 -0.13749
15.91 -0.13114
15.92 -0.12498
15.93 -0.11905
15.94 -0.11332
15.95 -0.1078
15.96 -0.10246
15.97 -0.097311
15.98 -0.092347
15.99 -0.087587
16 -0.083041
16.01 -0.078703
16.02 -0.074553
16.03 -0.07056
16.04 -0.066686
16.05 -0.062893
16.06 -0.059148
16.07 -0.055424
16.08 -0.051697
16.09 -0.047946
16.1 -0.044159
16.11 -0.040327
16.12 -0.03645
16.13 -0.032534
16.14 -0.028602
16.15 -0.024695
16.16 -0.020865
16.17 -0.017175
16.18 -0.013689
16.19 -0.010472
16.2 -0.0075678
16.21 -0.0049933
16.22 -0.0027321
16.23 -0.000747
16.24 0.0010078
16.25 0.0025813
16.26 0.0040265
16.27 0.005403
16.28 0.0067747
16.29 0.008197
16.3 0.0097039
16.31 0.0113
16.32 0.012961
16.33 0.01464
16.34 0.016288
16.35 0.017861
16.36 0.019322
16.37 0.020646
16.38 0.021816
16.39 0.02283
16.4 0.023705
16.41 0.024473
16.42 0.025175
16.43 0.025854
16.44 0.026556
16.45 0.027324
16.46 0.028195
16.47 0.029191
16.48 0.030321
16.49 0.031581
16.5 0.032955
16.51 0.034415
16.52 0.035925
16.53 0.037448
16.54 0.038949
16.55 0.040395
16.56 0.041757
16.57 0.043013
16.58 0.044146
16.59 0.045131
16.6 0.045932
16.61 0.046511
16.62 0.046842
16.63 0.046933
16.64 0.046828
16.65 0.0466
16.66 0.046334
16.67 0.046116
16.68 0.04602
16.69 0.046108
16.7 0.046438
16.71 0.047067
16.72 0.048043
16.73 0.049384
16.74 0.05106
16.75 0.052987
16.76 0.05504
16.77 0.057078
16.78 0.058972
16.79 0.06062
16.8 0.061966
16.81 0.062997
16.82 0.063741
16.83 0.064251
16.84 0.06459
16.85 0.064821
16.86 0.064998
16.87 0.06516
16.88 0.065323
16.89 0.065492
16.9 0.065669
16.91 0.065861
16.92 0.066073
16.93 0.066305
16.94 0.066546
16.95 0.066775
16.96 0.066966
16.97 0.067091
16.98 0.067123
16.99 0.067044
17 0.066845
17.01 0.066519
17.02 0.066064
17.03 0.065491
17.04 0.064836
17.05 0.064149
17.06 0.063486
17.07 0.062897
17.08 0.062419
17.09 0.062068
17.1 0.061832
17.11 0.061682
17.12 0.061585
17.13 0.061509
17.14 0.061422
17.15 0.061301
17.16 0.061134
17.17 0.060921
17.18 0.060672
17.19 0.060405
17.2 0.060151
17.21 0.059952
17.22 0.059855
17.23 0.059896
17.24 0.060093
17.25 0.060448
17.26 0.060939
17.27 0.061533
17.28 0.062189
17.29 0.062869
17.3 0.063542
17.31 0.064192
17.32 0.064823
17.33 0.065449
17.34 0.066077
17.35 0.066706
17.36 0.067334
17.37 0.06797
17.38 0.068642
17.39 0.069389
17.4 0.070249
17.41 0.07125
17.42 0.072404
17.43 0.073711
17.44 0.075162
17.45 0.076747
17.46 0.078446
17.47 0.080237
17.48 0.082085
17.49 0.083953
17.5 0.085795
17.51 0.087556
17.52 0.08918
17.53 0.090635
17.54 0.091919
17.55 0.093054
17.56 0.094069
17.57 0.094993
17.58 0.095855
17.59 0.096687
17.6 0.097521
17.61 0.098387
17.62 0.099308
17.63 0.1003
17.64 0.10138
17.65 0.10255
17.66 0.10381
17.67 0.10515
17.68 0.10657
17.69 0.10809
17.7 0.1097
17.71 0.11142
17.72 0.11325
17.73 0.11517
17.74 0.11717
17.75 0.11919
17.76 0.1212
17.77 0.12314
17.78 0.12498
17.79 0.12667
17.8 0.12817
17.81 0.12945
17.82 0.1305
17.83 0.1313
17.84 0.13186
17.85 0.1322
17.86 0.13233
17.87 0.13228
17.88 0.13207
17.89 0.13174
17.9 0.1313
17.91 0.13074
17.92 0.13005
17.93 0.12922
17.94 0.12821
17.95 0.12703
17.96 0.1257
17.97 0.12425
17.98 0.12275
17.99 0.12128
18 0.11992
18.01 0.11869
18.02 0.11763
18.03 0.11672
18.04 0.11594
18.05 0.11528
18.06 0.11474
18.07 0.11431
18.08 0.114
18.09 0.11381
18.1 0.11372
18.11 0.11374
18.12 0.11389
18.13 0.11415
18.14 0.11447
18.15 0.11479
18.16 0.11505
18.17 0.1152
18.18 0.11518
18.19 0.115
18.2 0.11464
18.21 0.11413
18.22 0.11349
18.23 0.11281
18.24 0.11214
18.25 0.11156
18.26 0.11111
18.27 0.11082
18.28 0.1107
18.29 0.11074
18.3 0.11091
18.31 0.11118
18.32 0.11147
18.33 0.11172
18.34 0.11185
18.35 0.11179
18.36 0.11149
18.37 0.11094
18.38 0.11016
18.39 0.10919
18.4 0.1081
18.41 0.10696
18.42 0.10581
18.43 0.10472
18.44 0.1037
18.45 0.10277
18.46 0.10196
18.47 0.10123
18.48 0.10059
18.49 0.099991
18.5 0.099419
18.51 0.098847
18.52 0.098261
18.53 0.097654
18.54 0.097025
18.55 0.096378
18.56 0.095712
18.57 0.095025
18.58 0.094303
18.59 0.093529
18.6 0.092689
18.61 0.091779
18.62 0.090815
18.63 0.089821
18.64 0.088821
18.65 0.087836
18.66 0.086887
18.67 0.08598
18.68 0.085114
18.69 0.084277
18.7 0.083461
18.71 0.082662
18.72 0.081874
18.73 0.081086
18.74 0.080275
18.75 0.079414
18.76 0.078478
18.77 0.077453
18.78 0.076335
18.79 0.075122
18.8 0.073818
18.81 0.072439
18.82 0.071003
18.83 0.069521
18.84 0.06799
18.85 0.066401
18.86 0.064748
18.87 0.063032
18.88 0.061267
18.89 0.059473
18.9 0.057679
18.91 0.05591
18.92 0.054191
18.93 0.052534
18.94 0.050948
18.95 0.049452
18.96 0.04807
18.97 0.04682
18.98 0.045702
18.99 0.044698
19 0.043784
19.01 0.042932
19.02 0.042124
19.03 0.041352
19.04 0.040618
19.05 0.039932
19.06 0.039306
19.07 0.038753
19.08 0.038282
19.09 0.037899
19.1 0.037601
19.11 0.03738
19.12 0.037221
19.13 0.037107
19.14 0.037017
19.15 0.036924
19.16 0.036801
19.17 0.036619
19.18 0.036349
19.19 0.035975
19.2 0.035487
19.21 0.034889
19.22 0.034191
19.23 0.033413
19.24 0.032577
19.25 0.031703
19.26 0.030809
19.27 0.029906
19.28 0.029007
19.29 0.02812
19.3 0.027256
19.31 0.026414
19.32 0.025591
19.33 0.024784
19.34 0.023998
19.35 0.023242
19.36 0.022526
19.37 0.021853
19.38 0.021219
19.39 0.020619
19.4 0.020038
19.41 0.019459
19.42 0.018865
19.43 0.018247
19.44 0.017603
19.45 0.016924
19.46 0.016199
19.47 0.015418
19.48 0.014585
19.49 0.013715
19.5 0.012834
19.51 0.011965
19.52 0.011117
19.53 0.010283
19.54 0.0094415
19.55 0.0085554
19.56 0.0075704
19.57 0.0064247
19.58 0.005066
19.59 0.0034679
19.6 0.0016358
19.61 -0.00040279
19.62 -0.0026064
19.63 -0.0049182
19.64 -0.0072669
19.65 -0.0095755
19.66 -0.011771
19.67 -0.013795
19.68 -0.015605
19.69 -0.017181
19.7 -0.018519
19.71 -0.019633
19.72 -0.020545
19.73 -0.021279
19.74 -0.021866
19.75 -0.022334
19.76 -0.022717
19.77 -0.023055
19.78 -0.023398
19.79 -0.023798
19.8 -0.024304
19.81 -0.024952
19.82 -0.025766
19.83 -0.02675
19.84 -0.02789
19.85 -0.029158
19.86 -0.030527
19.87 -0.031969
19.88 -0.033463
19.89 -0.034994
19.9 -0.036556
19.91 -0.038152
19.92 -0.039785
19.93 -0.041458
19.94 -0.043173
19.95 -0.04493
19.96 -0.046738
19.97 -0.048607
19.98 -0.050546
19.99 -0.05257
20 -0.054701
20.01 -0.056963
20.02 -0.059371
20.03 -0.061924
20.04 -0.064601
20.05 -0.067371
20.06 -0.070194
20.07 -0.073031
20.08 -0.075846
20.09 -0.078611
20.1 -0.0813
20.11 -0.083883
20.12 -0.086327
20.13 -0.088598
20.14 -0.090666
20.15 -0.09251
20.16 -0.094132
20.17 -0.09555
20.18 -0.09679
20.19 -0.097878
20.2 -0.098836
20.21 -0.099688
20.22 -0.10045
20.23 -0.10113
20.24 -0.10172
20.25 -0.10219
20.26 -0.10253
20.27 -0.10271
20.28 -0.10271
20.29 -0.10253
20.3 -0.10217
20.31 -0.10163
20.32 -0.10092
20.33 -0.10006
20.34 -0.099098
20.35 -0.098086
20.36 -0.097076
20.37 -0.096114
20.38 -0.095236
20.39 -0.094467
20.4 -0.093819
20.41 -0.093294
20.42 -0.092887
20.43 -0.092583
20.44 -0.092376
20.45 -0.092269
20.46 -0.092275
20.47 -0.092401
20.48 -0.092641
20.49 -0.092962
20.5 -0.093297
20.51 -0.093559
20.52 -0.09366
20.53 -0.093533
20.54 -0.093127
20.55 -0.092414
20.56 -0.091385
20.57 -0.09005
20.58 -0.088428
20.59 -0.086546
20.6 -0.084451
20.61 -0.082206
20.62 -0.079887
20.63 -0.077572
20.64 -0.075333
20.65 -0.073225
20.66 -0.07128
20.67 -0.069516
20.68 -0.067931
20.69 -0.066518
20.7 -0.065263
20.71 -0.06415
20.72 -0.063156
20.73 -0.062259
20.74 -0.061443
20.75 -0.060698
20.76 -0.060012
20.77 -0.059373
20.78 -0.058769
20.79 -0.058191
20.8 -0.057638
20.81 -0.057121
20.82 -0.056659
20.83 -0.056279
20.84 -0.056008
20.85 -0.055868
20.86 -0.055872
20.87 -0.056014
20.88 -0.056281
20.89 -0.056655
20.9 -0.057118
20.91 -0.057657
20.92 -0.058256
20.93 -0.058906
20.94 -0.059597
20.95 -0.06032
20.96 -0.061054
20.97 -0.061772
20.98 -0.062438
20.99 -0.063018
21 -0.063481
21.01 -0.063796
21.02 -0.063937
21.03 -0.063879
21.04 -0.063596
21.05 -0.063069
21.06 -0.062289
21.07 -0.061264
21.08 -0.06003
21.09 -0.058638
21.1 -0.057149
21.11 -0.055624
21.12 -0.05412
21.13 -0.052682
21.14 -0.051341
21.15 -0.050118
21.16 -0.049028
21.17 -0.048074
21.18 -0.047243
21.19 -0.046509
21.2 -0.045834
21.21 -0.045173
21.22 -0.044484
21.23 -0.043735
21.24 -0.042914
21.25 -0.042023
21.26 -0.04107
21.27 -0.040062
21.28 -0.039
21.29 -0.03788
21.3 -0.036703
21.31 -0.035472
21.32 -0.034204
21.33 -0.032929
21.34 -0.03167
21.35 -0.030452
21.36 -0.029296
21.37 -0.028238
21.38 -0.027317
21.39 -0.026569
21.4 -0.026014
21.41 -0.025652
21.42 -0.025469
21.43 -0.025438
21.44 -0.025522
21.45 -0.025682
21.46 -0.025878
21.47 -0.026086
21.48 -0.026291
21.49 -0.026496
21.5 -0.026706
21.51 -0.026924
21.52 -0.027142
21.53 -0.027339
21.54 -0.027482
21.55 -0.027529
21.56 -0.027431
21.57 -0.027134
21.58 -0.026578
21.59 -0.025702
21.6 -0.024452
21.61 -0.022784
21.62 -0.020681
21.63 -0.018145
21.64 -0.015197
21.65 -0.011859
21.66 -0.008152
21.67 -0.0040995
21.68 0.00026358
21.69 0.0048771
21.7 0.0096451
21.71 0.014443
21.72 0.019138
21.73 0.02362
21.74 0.027822
21.75 0.031734
21.76 0.035387
21.77 0.038842
21.78 0.042168
21.79 0.045443
21.8 0.048737
21.81 0.052104
21.82 0.055574
21.83 0.059146
21.84 0.062787
21.85 0.066422
21.86 0.069947
21.87 0.073242
21.88 0.076191
21.89 0.078705
21.9 0.08074
21.91 0.082299
21.92 0.083413
21.93 0.084134
21.94 0.084521
21.95 0.084634
21.96 0.084531
21.97 0.084267
21.98 0.083888
21.99 0.083442
22 0.082971
22.01 0.082516
22.02 0.082118
22.03 0.081815
22.04 0.081645
22.05 0.081644
22.06 0.081845
22.07 0.082271
22.08 0.082931
22.09 0.08382
22.1 0.08492
22.11 0.086206
22.12 0.087644
22.13 0.089199
22.14 0.090833
22.15 0.09251
22.16 0.0942
22.17 0.095877
22.18 0.09752
22.19 0.099114
22.2 0.10066
22.21 0.10215
22.22 0.10359
22.23 0.10498
22.24 0.10633
22.25 0.10765
22.26 0.10897
22.27 0.11035
22.28 0.11183
22.29 0.11342
22.3 0.11513
22.31 0.11693
22.32 0.11875
22.33 0.1205
22.34 0.12213
22.35 0.12354
22.36 0.12469
22.37 0.12555
22.38 0.12612
22.39 0.1264
22.4 0.12645
22.41 0.12632
22.42 0.12606
22.43 0.12574
22.44 0.12543
22.45 0.12519
22.46 0.12505
22.47 0.12502
22.48 0.12508
22.49 0.12518
22.5 0.12524
22.51 0.12522
22.52 0.12506
22.53 0.12476
22.54 0.12431
22.55 0.12371
22.56 0.123
22.57 0.12222
22.58 0.1214
22.59 0.12058
22.6 0.11978
22.61 0.119
22.62 0.11822
22.63 0.11744
22.64 0.11663
22.65 0.11578
22.66 0.1149
22.67 0.11401
22.68 0.11313
22.69 0.11226
22.7 0.11139
22.71 0.11051
22.72 0.10959
22.73 0.10861
22.74 0.10756
22.75 0.10645
22.76 0.1053
22.77 0.10414
22.78 0.10302
22.79 0.10195
22.8 0.10096
22.81 0.10005
22.82 0.099217
22.83 0.098435
22.84 0.097688
22.85 0.096956
22.86 0.096228
22.87 0.095494
22.88 0.094735
22.89 0.09392
22.9 0.093008
22.91 0.091956
22.92 0.09074
22.93 0.089356
22.94 0.087824
22.95 0.08617
22.96 0.084416
22.97 0.082585
22.98 0.0807
22.99 0.078788
23 0.076873
23.01 0.074972
23.02 0.073093
23.03 0.071237
23.04 0.0694
23.05 0.067576
23.06 0.065768
23.07 0.06399
23.08 0.062262
23.09 0.060601
23.1 0.059012
23.11 0.05749
23.12 0.056018
23.13 0.054577
23.14 0.053151
23.15 0.051731
23.16 0.050319
23.17 0.048933
23.18 0.047598
23.19 0.046338
23.2 0.04517
23.21 0.044095
23.22 0.043098
23.23 0.042158
23.24 0.041266
23.25 0.040431
23.26 0.039671
23.27 0.038993
23.28 0.038384
23.29 0.037811
23.3 0.03724
23.31 0.036644
23.32 0.036012
23.33 0.035349
23.34 0.034674
23.35 0.034003
23.36 0.033344
23.37 0.032697
23.38 0.032065
23.39 0.031457
23.4 0.030885
23.41 0.030364
23.42 0.029911
23.43 0.029544
23.44 0.029281
23.45 0.029138
23.46 0.029126
23.47 0.029245
23.48 0.02949
23.49 0.02985
23.5 0.030311
23.51 0.030856
23.52 0.031473
23.53 0.032151
23.54 0.032881
23.55 0.033654
23.56 0.03446
23.57 0.03527
23.58 0.036039
23.59 0.036718
23.6 0.037271
23.61 0.037674
23.62 0.037926
23.63 0.038037
23.64 0.03802
23.65 0.037886
23.66 0.037643
23.67 0.037296
23.68 0.036852
23.69 0.03632
23.7 0.035708
23.71 0.035033
23.72 0.034311
23.73 0.033566
23.74 0.032818
23.75 0.032088
23.76 0.031393
23.77 0.030747
23.78 0.030167
23.79 0.029662
23.8 0.029234
23.81 0.028872
23.82 0.028555
23.83 0.028259
23.84 0.027958
23.85 0.02764
23.86 0.027313
23.87 0.026996
23.88 0.026717
23.89 0.026498
23.9 0.026356
23.91 0.026296
23.92 0.026301
23.93 0.026335
23.94 0.026343
23.95 0.026261
23.96 0.026021
23.97 0.025563
23.98 0.024849
23.99 0.023868
24 0.02263
24.01 0.021158
24.02 0.019479
24.03 0.017625
24.04 0.015623
24.05 0.013497
24.06 0.01127
24.07 0.0089683
24.08 0.0066195
24.09 0.0042452
24.1 0.0018575
24.11 -0.00053883
24.12 -0.0029416
24.13 -0.005348
24.14 -0.0077563
24.15 -0.010169
24.16 -0.012594
24.17 -0.015034
24.18 -0.01748
24.19 -0.019912
24.2 -0.022299
24.21 -0.024608
24.22 -0.026805
24.23 -0.028858
24.24 -0.030743
24.25 -0.032442
24.26 -0.033945
24.27 -0.03525
24.28 -0.036366
24.29 -0.037312
24.3 -0.03811
24.31 -0.038778
24.32 -0.039326
24.33 -0.039765
24.34 -0.040115
24.35 -0.040406
24.36 -0.040682
24.37 -0.040995
24.38 -0.041401
24.39 -0.041953
24.4 -0.042695
24.41 -0.043658
24.42 -0.044853
24.43 -0.046264
24.44 -0.047847
24.45 -0.049538
24.46 -0.051263
24.47 -0.05295
24.48 -0.054532
24.49 -0.055951
24.5 -0.05717
24.51 -0.058178
24.52 -0.05899
24.53 -0.059636
24.54 -0.060145
24.55 -0.060539
24.56 -0.060831
24.57 -0.061025
24.58 -0.061124
24.59 -0.061135
24.6 -0.061075
24.61 -0.060968
24.62 -0.060844
24.63 -0.060729
24.64 -0.060637
24.65 -0.06056
24.66 -0.060478
24.67 -0.060361
24.68 -0.060188
24.69 -0.059947
24.7 -0.059639
24.71 -0.059281
24.72 -0.058897
24.73 -0.058518
24.74 -0.058184
24.75 -0.057936
24.76 -0.05781
24.77 -0.057831
24.78 -0.058007
24.79 -0.058324
24.8 -0.058752
24.81 -0.059257
24.82 -0.059797
24.83 -0.06033
24.84 -0.060811
24.85 -0.061196
24.86 -0.061439
24.87 -0.061493
24.88 -0.061324
24.89 -0.060917
24.9 -0.060279
24.91 -0.059436
24.92 -0.058413
24.93 -0.05724
24.94 -0.055943
24.95 -0.054547
24.96 -0.053082
24.97 -0.051573
24.98 -0.050041
24.99 -0.048504
25 -0.046985
25.01 -0.045508
25.02 -0.044091
25.03 -0.042741
25.04 -0.041451
25.05 -0.040214
25.06 -0.039019
25.07 -0.037852
25.08 -0.036691
25.09 -0.035517
25.1 -0.03432
25.11 -0.033113
25.12 -0.031936
25.13 -0.030844
25.14 -0.029901
25.15 -0.029161
25.16 -0.02866
25.17 -0.028401
25.18 -0.028353
25.19 -0.028462
25.2 -0.028658
25.21 -0.028865
25.22 -0.02901
25.23 -0.029033
25.24 -0.028895
25.25 -0.028581
25.26 -0.0281
25.27 -0.02748
25.28 -0.026756
25.29 -0.025968
25.3 -0.025154
25.31 -0.024348
25.32 -0.02357
25.33 -0.022832
25.34 -0.022127
25.35 -0.021437
25.36 -0.020729
25.37 -0.019971
25.38 -0.019134
25.39 -0.018206
25.4 -0.017194
25.41 -0.01611
25.42 -0.014971
25.43 -0.013789
25.44 -0.012572
25.45 -0.011322
25.46 -0.010044
25.47 -0.008743
25.48 -0.0074256
25.49 -0.0060948
25.5 -0.004744
25.51 -0.0033557
25.52 -0.0019076
25.53 -0.00038225
25.54 0.0012238
25.55 0.0028975
25.56 0.0046112
25.57 0.0063286
25.58 0.0080094
25.59 0.0096109
25.6 0.01109
25.61 0.012409
25.62 0.013545
25.63 0.014488
25.64 0.015244
25.65 0.015827
25.66 0.016262
25.67 0.016577
25.68 0.016801
25.69 0.016961
25.7 0.017087
25.71 0.017214
25.72 0.017375
25.73 0.017596
25.74 0.017897
25.75 0.018293
25.76 0.018794
25.77 0.019404
25.78 0.020114
25.79 0.020907
25.8 0.021761
25.81 0.022656
25.82 0.023574
25.83 0.024491
25.84 0.025367
25.85 0.026153
25.86 0.026792
25.87 0.027232
25.88 0.027436
25.89 0.027393
25.9 0.027128
25.91 0.026698
25.92 0.026178
25.93 0.025646
25.94 0.025165
25.95 0.024789
25.96 0.024564
25.97 0.024528
25.98 0.024705
25.99 0.025094
26 0.025673
26.01 0.026402
26.02 0.027236
26.03 0.028131
26.04 0.029058
26.05 0.03
26.06 0.030949
26.07 0.031907
26.08 0.032891
26.09 0.033923
26.1 0.035033
26.11 0.036243
26.12 0.037572
26.13 0.039019
26.14 0.040564
26.15 0.04217
26.16 0.043802
26.17 0.045434
26.18 0.047055
26.19 0.04866
26.2 0.050243
26.21 0.051795
26.22 0.053307
26.23 0.054776
26.24 0.056203
26.25 0.057586
26.26 0.058922
26.27 0.060207
26.28 0.061432
26.29 0.062587
26.3 0.063659
26.31 0.064625
26.32 0.065451
26.33 0.066104
26.34 0.066563
26.35 0.066822
26.36 0.066893
26.37 0.066807
26.38 0.0666
26.39 0.066303
26.4 0.065928
26.41 0.065479
26.42 0.064962
26.43 0.064374
26.44 0.06371
26.45 0.062969
26.46 0.062163
26.47 0.061329
26.48 0.060524
26.49 0.059818
26.5 0.059294
26.51 0.059025
26.52 0.059059
26.53 0.059414
26.54 0.060065
26.55 0.06095
26.56 0.06199
26.57 0.06311
26.58 0.064243
26.59 0.065336
26.6 0.066357
26.61 0.067295
26.62 0.068152
26.63 0.06895
26.64 0.069713
26.65 0.070464
26.66 0.071216
26.67 0.071967
26.68 0.072696
26.69 0.073372
26.7 0.073957
26.71 0.074425
26.72 0.074749
26.73 0.074894
26.74 0.07481
26.75 0.074423
26.76 0.073647
26.77 0.072395
26.78 0.070596
26.79 0.068188
26.8 0.065114
26.81 0.061302
26.82 0.056649
26.83 0.05102
26.84 0.044258
26.85 0.036226
26.86 0.026857
26.87 0.016204
26.88 0.0044531
26.89 -0.0080748
26.9 -0.020911
26.91 -0.033449
26.92 -0.045011
26.93 -0.054944
26.94 -0.062726
26.95 -0.068042
26.96 -0.070817
26.97 -0.071182
26.98 -0.069422
26.99 -0.065944
27 -0.061244
27.01 -0.055838
27.02 -0.05017
27.03 -0.04453
27.04 -0.039018
27.05 -0.033576
27.06 -0.028045
27.07 -0.02223
27.08 -0.015969
27.09 -0.0091862
27.1 -0.0019304
27.11 0.0056318
27.12 0.013257
27.13 0.020676
27.14 0.027637
27.15 0.033942
27.16 0.039467
27.17 0.044177
27.18 0.048124
27.19 0.051432
27.2 0.054275
27.21 0.056835
27.22 0.059272
27.23 0.061698
27.24 0.064169
27.25 0.066681
27.26 0.069176
27.27 0.071566
27.28 0.073764
27.29 0.075711
27.3 0.077386
27.31 0.078808
27.32 0.080005
27.33 0.080999
27.34 0.081788
27.35 0.082348
27.36 0.082642
27.37 0.082633
27.38 0.082298
27.39 0.081646
27.4 0.080718
27.41 0.079582
27.42 0.078321
27.43 0.077017
27.44 0.075737
27.45 0.074523
27.46 0.073394
27.47 0.072337
27.48 0.071303
27.49 0.070206
27.5 0.068933
27.51 0.067369
27.52 0.065402
27.53 0.062918
27.54 0.059787
27.55 0.055857
27.56 0.050963
27.57 0.044929
27.58 0.03757
27.59 0.028709
27.6 0.018215
27.61 0.0060364
27.62 -0.0077744
27.63 -0.023052
27.64 -0.039521
27.65 -0.056809
27.66 -0.074442
27.67 -0.091828
27.68 -0.10826
27.69 -0.12298
27.7 -0.13531
27.71 -0.14475
27.72 -0.15107
27.73 -0.15433
27.74 -0.15481
27.75 -0.1529
27.76 -0.14899
27.77 -0.14338
27.78 -0.13633
27.79 -0.12813
27.8 -0.1191
27.81 -0.1096
27.82 -0.099974
27.83 -0.090549
27.84 -0.081568
27.85 -0.073183
27.86 -0.065445
27.87 -0.058323
27.88 -0.051735
27.89 -0.045582
27.9 -0.039768
27.91 -0.034209
27.92 -0.028839
27.93 -0.023627
27.94 -0.018581
27.95 -0.01374
27.96 -0.0091637
27.97 -0.0049098
27.98 -0.0010218
27.99 0.0024722
28 0.0055477
28.01 0.0081745
28.02 0.010316
28.03 0.011935
28.04 0.013011
28.05 0.01356
28.06 0.013633
28.07 0.013296
28.08 0.012605
28.09 0.011597
28.1 0.010302
28.11 0.0087483
28.12 0.0069599
28.13 0.0049623
28.14 0.0027866
28.15 0.00047534
28.16 -0.00192
28.17 -0.0043491
28.18 -0.0067764
28.19 -0.0091851
28.2 -0.01157
28.21 -0.013925
28.22 -0.01624
28.23 -0.018498
28.24 -0.02069
28.25 -0.022814
28.26 -0.024879
28.27 -0.026896
28.28 -0.028872
28.29 -0.030806
28.3 -0.032682
28.31 -0.034475
28.32 -0.03616
28.33 -0.037717
28.34 -0.039145
28.35 -0.040452
28.36 -0.041658
28.37 -0.042782
28.38 -0.043831
28.39 -0.044794
28.4 -0.045653
28.41 -0.046398
28.42 -0.047029
28.43 -0.047562
28.44 -0.048011
28.45 -0.048378
28.46 -0.048661
28.47 -0.048867
28.48 -0.04902
28.49 -0.049147
28.5 -0.049276
28.51 -0.049429
28.52 -0.049626
28.53 -0.049887
28.54 -0.050229
28.55 -0.050661
28.56 -0.051183
28.57 -0.051797
28.58 -0.052505
28.59 -0.05331
28.6 -0.054218
28.61 -0.055221
28.62 -0.056297
28.63 -0.057407
28.64 -0.058515
28.65 -0.059583
28.66 -0.060581
28.67 -0.061482
28.68 -0.062268
28.69 -0.062925
28.7 -0.063448
28.71 -0.063836
28.72 -0.064095
28.73 -0.064239
28.74 -0.064287
28.75 -0.064255
28.76 -0.064161
28.77 -0.064026
28.78 -0.063871
28.79 -0.063714
28.8 -0.063573
28.81 -0.063459
28.82 -0.063393
28.83 -0.06339
28.84 -0.06346
28.85 -0.063602
28.86 -0.063813
28.87 -0.064098
28.88 -0.064459
28.89 -0.064886
28.9 -0.065348
28.91 -0.065804
28.92 -0.066199
28.93 -0.066468
28.94 -0.066541
28.95 -0.066356
28.96 -0.065875
28.97 -0.065103
28.98 -0.064085
28.99 -0.062896
29 -0.061619
29.01 -0.060325
29.02 -0.059055
29.03 -0.05782
29.04 -0.056597
29.05 -0.055354
29.06 -0.054057
29.07 -0.052684
29.08 -0.051224
29.09 -0.049687
29.1 -0.048105
29.11 -0.046524
29.12 -0.045001
29.13 -0.043582
29.14 -0.0423
29.15 -0.041172
29.16 -0.040208
29.17 -0.039413
29.18 -0.038788
29.19 -0.03833
29.2 -0.038035
29.21 -0.037892
29.22 -0.03788
29.23 -0.03797
29.24 -0.03813
29.25 -0.038333
29.26 -0.038564
29.27 -0.038813
29.28 -0.03908
29.29 -0.039368
29.3 -0.039686
29.31 -0.040045
29.32 -0.04046
29.33 -0.040945
29.34 -0.04151
29.35 -0.042155
29.36 -0.042878
29.37 -0.043679
29.38 -0.044549
29.39 -0.045462
29.4 -0.046385
29.41 -0.047279
29.42 -0.048113
29.43 -0.04887
29.44 -0.049543
29.45 -0.050136
29.46 -0.050657
29.47 -0.05111
29.48 -0.051491
29.49 -0.051793
29.5 -0.05201
29.51 -0.052135
29.52 -0.052165
29.53 -0.052098
29.54 -0.051924
29.55 -0.05163
29.56 -0.051214
29.57 -0.050692
29.58 -0.050103
29.59 -0.049493
29.6 -0.048907
29.61 -0.048374
29.62 -0.047905
29.63 -0.047491
29.64 -0.047108
29.65 -0.046729
29.66 -0.046327
29.67 -0.045884
29.68 -0.045388
29.69 -0.04483
29.7 -0.044202
29.71 -0.043497
29.72 -0.042719
29.73 -0.041879
29.74 -0.040997
29.75 -0.040098
29.76 -0.039211
29.77 -0.038361
29.78 -0.037571
29.79 -0.036851
29.8 -0.036208
29.81 -0.03564
29.82 -0.035139
29.83 -0.034693
29.84 -0.034295
29.85 -0.033938
29.86 -0.033618
29.87 -0.033329
29.88 -0.033064
29.89 -0.032823
29.9 -0.032606
29.91 -0.032409
29.92 -0.032229
29.93 -0.03206
29.94 -0.031898
29.95 -0.031747
29.96 -0.031614
29.97 -0.031511
29.98 -0.031441
29.99 -0.031392
30 -0.031344
30.01 -0.031271
30.02 -0.031156
30.03 -0.030995
30.04 -0.030803
30.05 -0.030603
30.06 -0.030415
30.07 -0.030258
30.08 -0.030144
30.09 -0.030082
30.1 -0.030069
30.11 -0.030089
30.12 -0.030128
30.13 -0.030174
30.14 -0.030221
30.15 -0.030268
30.16 -0.030317
30.17 -0.030369
30.18 -0.030421
30.19 -0.030475
30.2 -0.030539
30.21 -0.030621
30.22 -0.030728
30.23 -0.030863
30.24 -0.031024
30.25 -0.031203
30.26 -0.031389
30.27 -0.031572
30.28 -0.031748
30.29 -0.031914
30.3 -0.032069
30.31 -0.032215
30.32 -0.032355
30.33 -0.032485
30.34 -0.032598
30.35 -0.032679
30.36 -0.032721
30.37 -0.032725
30.38 -0.032701
30.39 -0.032657
30.4 -0.032604
30.41 -0.032544
30.42 -0.032475
30.43 -0.032391
30.44 -0.032294
30.45 -0.032187
30.46 -0.032079
30.47 -0.031971
30.48 -0.031857
30.49 -0.031724
30.5 -0.031554
30.51 -0.031334
30.52 -0.031052
30.53 -0.030706
30.54 -0.030305
30.55 -0.029866
30.56 -0.029408
30.57 -0.028952
30.58 -0.028513
30.59 -0.028107
30.6 -0.027744
30.61 -0.027432
30.62 -0.027179
30.63 -0.026994
30.64 -0.026882
30.65 -0.026844
30.66 -0.026874
30.67 -0.026967
30.68 -0.027115
30.69 -0.027306
30.7 -0.027524
30.71 -0.027756
30.72 -0.027986
30.73 -0.028206
30.74 -0.028415
30.75 -0.028619
30.76 -0.028821
30.77 -0.029019
30.78 -0.029204
30.79 -0.029365
30.8 -0.029487
30.81 -0.029551
30.82 -0.029545
30.83 -0.029467
30.84 -0.02932
30.85 -0.029115
30.86 -0.028863
30.87 -0.028584
30.88 -0.028297
30.89 -0.028022
30.9 -0.027773
30.91 -0.027561
30.92 -0.027389
30.93 -0.027255
30.94 -0.027156
30.95 -0.027079
30.96 -0.027013
30.97 -0.026942
30.98 -0.026851
30.99 -0.02673
31 -0.026576
31.01 -0.026395
31.02 -0.026198
31.03 -0.025995
31.04 -0.025796
31.05 -0.025603
31.06 -0.025415
31.07 -0.02523
31.08 -0.025052
31.09 -0.024884
31.1 -0.024727
31.11 -0.024578
31.12 -0.024426
31.13 -0.024257
31.14 -0.024057
31.15 -0.02382
31.16 -0.023556
31.17 -0.023277
31.18 -0.022996
31.19 -0.022725
31.2 -0.022474
31.21 -0.02225
31.22 -0.022059
31.23 -0.021902
31.24 -0.021772
31.25 -0.021663
31.26 -0.021567
31.27 -0.021477
31.28 -0.021388
31.29 -0.021294
31.3 -0.021191
31.31 -0.021074
31.32 -0.020939
31.33 -0.020786
31.34 -0.020615
31.35 -0.020427
31.36 -0.020221
31.37 -0.019994
31.38 -0.019743
31.39 -0.01947
31.4 -0.019184
31.41 -0.018901
31.42 -0.018638
31.43 -0.018408
31.44 -0.018217
31.45 -0.018067
31.46 -0.017957
31.47 -0.017887
31.48 -0.017856
31.49 -0.017862
31.5 -0.017899
31.51 -0.01796
31.52 -0.018036
31.53 -0.018118
31.54 -0.0182
31.55 -0.01828
31.56 -0.018359
31.57 -0.018435
31.58 -0.0185
31.59 -0.01854
31.6 -0.018542
31.61 -0.018501
31.62 -0.018415
31.63 -0.018284
31.64 -0.018113
31.65 -0.017906
31.66 -0.017669
31.67 -0.017406
31.68 -0.017123
31.69 -0.016836
31.7 -0.016559
31.71 -0.016304
31.72 -0.016076
31.73 -0.015877
31.74 -0.015705
31.75 -0.015559
31.76 -0.015438
31.77 -0.015346
31.78 -0.01529
31.79 -0.015278
31.8 -0.015313
31.81 -0.015394
31.82 -0.015512
31.83 -0.015651
31.84 -0.015799
31.85 -0.015947
31.86 -0.016089
31.87 -0.016218
31.88 -0.016326
31.89 -0.016407
31.9 -0.016456
31.91 -0.016464
31.92 -0.016425
31.93 -0.016336
31.94 -0.016204
31.95 -0.016042
31.96 -0.015862
31.97 -0.015674
31.98 -0.015482
31.99 -0.01529
32 -0.015098
32.01 -0.014906
32.02 -0.014712
32.03 -0.014515
32.04 -0.014316
32.05 -0.014121
32.06 -0.013939
32.07 -0.013773
32.08 -0.013629
32.09 -0.013516
32.1 -0.013447
32.11 -0.013434
32.12 -0.013483
32.13 -0.01359
32.14 -0.013741
32.15 -0.013915
32.16 -0.01409
32.17 -0.014243
32.18 -0.014356
32.19 -0.014418
32.2 -0.014428
32.21 -0.01439
32.22 -0.014306
32.23 -0.014177
32.24 -0.014003
32.25 -0.013792
32.26 -0.01356
32.27 -0.013332
32.28 -0.013134
32.29 -0.012991
32.3 -0.012921
32.31 -0.012924
32.32 -0.012985
32.33 -0.013074
32.34 -0.01315
32.35 -0.013174
32.36 -0.013104
32.37 -0.012914
32.38 -0.012592
32.39 -0.012155
32.4 -0.011643
32.41 -0.011103
32.42 -0.010587
32.43 -0.010144
32.44 -0.009816
32.45 -0.0096242
32.46 -0.0095687
32.47 -0.0096294
32.48 -0.0097721
32.49 -0.0099588
32.5 -0.010157
32.51 -0.01034
32.52 -0.010482
32.53 -0.010564
32.54 -0.010573
32.55 -0.010501
32.56 -0.010351
32.57 -0.010129
32.58 -0.0098497
32.59 -0.0095297
32.6 -0.0091865
32.61 -0.0088371
32.62 -0.0084992
32.63 -0.008191
32.64 -0.0079284
32.65 -0.0077244
32.66 -0.0075921
32.67 -0.0075461
32.68 -0.0075997
32.69 -0.0077592
32.7 -0.0080209
32.71 -0.0083688
32.72 -0.0087765
32.73 -0.0092137
32.74 -0.0096524
32.75 -0.010071
32.76 -0.010457
32.77 -0.010803
32.78 -0.011108
32.79 -0.011372
32.8 -0.011599
32.81 -0.011799
32.82 -0.011983
32.83 -0.012164
32.84 -0.012348
32.85 -0.012531
32.86 -0.0127
32.87 -0.012839
32.88 -0.012929
32.89 -0.012959
32.9 -0.01292
32.91 -0.012813
32.92 -0.012646
32.93 -0.012432
32.94 -0.012189
32.95 -0.011933
32.96 -0.011687
32.97 -0.011476
32.98 -0.011327
32.99 -0.011264
33 -0.011296
33.01 -0.01142
33.02 -0.011623
33.03 -0.011881
33.04 -0.012165
33.05 -0.012442
33.06 -0.012684
33.07 -0.012869
33.08 -0.012978
33.09 -0.012997
33.1 -0.012925
33.11 -0.012775
33.12 -0.012567
33.13 -0.012318
33.14 -0.012043
33.15 -0.011748
33.16 -0.011436
33.17 -0.011106
33.18 -0.010757
33.19 -0.010389
33.2 -0.010009
33.21 -0.0096249
33.22 -0.0092502
33.23 -0.0088945
33.24 -0.008564
33.25 -0.0082609
33.26 -0.0079855
33.27 -0.0077372
33.28 -0.0075145
33.29 -0.0073149
33.3 -0.0071363
33.31 -0.0069758
33.32 -0.0068263
33.33 -0.0066788
33.34 -0.0065281
33.35 -0.0063773
33.36 -0.0062377
33.37 -0.0061205
33.38 -0.0060289
33.39 -0.0059575
33.4 -0.005898
33.41 -0.005843
33.42 -0.0057879
33.43 -0.005734
33.44 -0.0056859
33.45 -0.0056459
33.46 -0.0056131
33.47 -0.0055881
33.48 -0.0055736
33.49 -0.0055698
33.5 -0.0055708
33.51 -0.0055677
33.52 -0.0055522
33.53 -0.0055195
33.54 -0.0054683
33.55 -0.0054015
33.56 -0.0053246
33.57 -0.0052443
33.58 -0.0051679
33.59 -0.0051031
33.6 -0.0050574
33.61 -0.005034
33.62 -0.0050285
33.63 -0.0050309
33.64 -0.0050308
33.65 -0.0050231
33.66 -0.0050084
33.67 -0.004989
33.68 -0.004964
33.69 -0.0049295
33.7 -0.0048798
33.71 -0.00481
33.72 -0.0047207
33.73 -0.0046218
33.74 -0.0045288
33.75 -0.0044555
33.76 -0.0044068
33.77 -0.0043781
33.78 -0.0043631
33.79 -0.0043589
33.8 -0.0043652
33.81 -0.0043794
33.82 -0.0043976
33.83 -0.0044186
33.84 -0.0044446
33.85 -0.0044776
33.86 -0.004515
33.87 -0.0045522
33.88 -0.0045859
33.89 -0.0046159
33.9 -0.0046435
33.91 -0.0046702
33.92 -0.0046952
33.93 -0.0047143
33.94 -0.0047225
33.95 -0.004718
33.96 -0.0047053
33.97 -0.0046919
33.98 -0.0046863
33.99 -0.0046958
34 -0.0047241
34.01 -0.0047699
34.02 -0.0048273
34.03 -0.0048934
34.04 -0.004975
34.05 -0.0050871
34.06 -0.005244
34.07 -0.0054505
34.08 -0.0057007
34.09 -0.0059808
34.1 -0.0062733
34.11 -0.0065589
34.12 -0.0068194
34.13 -0.0070417
34.14 -0.0072196
34.15 -0.0073509
34.16 -0.0074385
34.17 -0.0074948
34.18 -0.0075419
34.19 -0.0076018
34.2 -0.0076856
34.21 -0.0077907
34.22 -0.0079023
34.23 -0.0079978
34.24 -0.0080576
34.25 -0.0080758
34.26 -0.0080585
34.27 -0.008015
34.28 -0.0079526
34.29 -0.0078777
34.3 -0.0077987
34.31 -0.0077249
34.32 -0.0076627
34.33 -0.0076112
34.34 -0.0075655
34.35 -0.0075208
34.36 -0.0074723
34.37 -0.0074138
34.38 -0.0073395
34.39 -0.0072442
34.4 -0.0071215
34.41 -0.0069653
34.42 -0.006777
34.43 -0.0065672
34.44 -0.006349
34.45 -0.0061319
34.46 -0.0059247
34.47 -0.0057378
34.48 -0.0055802
34.49 -0.0054559
34.5 -0.0053655
34.51 -0.0053088
34.52 -0.0052842
34.53 -0.0052857
34.54 -0.0053013
34.55 -0.0053162
34.56 -0.0053197
34.57 -0.0053113
34.58 -0.0052965
34.59 -0.0052797
34.6 -0.0052613
34.61 -0.0052374
34.62 -0.005197
34.63 -0.0051246
34.64 -0.0050071
34.65 -0.004839
34.66 -0.0046222
34.67 -0.0043611
34.68 -0.0040577
34.69 -0.0037105
34.7 -0.0033209
34.71 -0.0028975
34.72 -0.002456
34.73 -0.0020158
34.74 -0.001596
34.75 -0.0012129
34.76 -0.00087963
34.77 -0.00060864
34.78 -0.00041054
34.79 -0.00029166
34.8 -0.00025344
34.81 -0.00029144
34.82 -0.00039555
34.83 -0.00055464
34.84 -0.00076135
34.85 -0.0010125
34.86 -0.0013048
34.87 -0.0016285
34.88 -0.0019665
34.89 -0.0022984
34.9 -0.0026067
34.91 -0.0028794
34.92 -0.0031114
34.93 -0.0033043
34.94 -0.0034641
34.95 -0.0035993
34.96 -0.0037169
34.97 -0.003823
34.98 -0.0039262
34.99 -0.0040344
35 -0.0041482
35.01 -0.0042607
35.02 -0.0043611
35.03 -0.0044418
35.04 -0.004503
35.05 -0.0045477
35.06 -0.0045763
35.07 -0.004589
35.08 -0.0045907
35.09 -0.0045871
35.1 -0.0045773
35.11 -0.0045544
35.12 -0.0045108
35.13 -0.004442
35.14 -0.0043468
35.15 -0.0042247
35.16 -0.004076
35.17 -0.0039067
35.18 -0.0037297
35.19 -0.0035587
35.2 -0.0034031
35.21 -0.0032671
35.22 -0.0031513
35.23 -0.003054
35.24 -0.00297
35.25 -0.0028891
35.26 -0.0028001
35.27 -0.0026961
35.28 -0.0025758
35.29 -0.0024439
35.3 -0.0023076
35.31 -0.0021734
35.32 -0.002047
35.33 -0.0019358
35.34 -0.0018442
35.35 -0.001769
35.36 -0.0017009
35.37 -0.0016312
35.38 -0.001555
35.39 -0.001469
35.4 -0.0013701
35.41 -0.0012554
35.42 -0.0011202
35.43 -0.00095941
35.44 -0.00077489
35.45 -0.00057858
35.46 -0.00038672
35.47 -0.00021236
35.48 -6.5038e-05
35.49 4.809e-05
35.5 0.00012463
35.51 0.00016616
35.52 0.00017427
35.53 0.00015151
35.54 0.00010444
35.55 4.042e-05
35.56 -3.7182e-05
35.57 -0.00012796
35.58 -0.00023211
35.59 -0.00035203
35.6 -0.00049429
35.61 -0.00066852
35.62 -0.00088427
35.63 -0.0011465
35.64 -0.0014522
35.65 -0.0017922
35.66 -0.0021564
35.67 -0.0025365
35.68 -0.0029236
35.69 -0.0033074
35.7 -0.0036772
35.71 -0.0040222
35.72 -0.0043338
35.73 -0.0046063
35.74 -0.0048355
35.75 -0.0050192
35.76 -0.0051634
35.77 -0.0052876
35.78 -0.0054186
35.79 -0.0055793
35.8 -0.0057806
35.81 -0.0060216
35.82 -0.0062936
35.83 -0.0065869
35.84 -0.0068934
35.85 -0.0072062
35.86 -0.0075163
35.87 -0.007815
35.88 -0.0081008
35.89 -0.0083809
35.9 -0.0086631
35.91 -0.0089461
35.92 -0.0092232
35.93 -0.0094905
35.94 -0.0097498
35.95 -0.010005
35.96 -0.010257
35.97 -0.010505
35.98 -0.010744
35.99 -0.010968
36 -0.011172
36.01 -0.011355
36.02 -0.011511
36.03 -0.011628
36.04 -0.011694
36.05 -0.011707
36.06 -0.011673
36.07 -0.011608
36.08 -0.011529
36.09 -0.011445
36.1 -0.011355
36.11 -0.01126
36.12 -0.011158
36.13 -0.01105
36.14 -0.010932
36.15 -0.010798
36.16 -0.010644
36.17 -0.010472
36.18 -0.010295
