0 6.0408
0.01 6.0411
0.02 6.0414
0.03 6.0416
0.04 6.0417
0.05 6.0416
0.06 6.0415
0.07 6.0413
0.08 6.041
0.09 6.0406
0.1 6.0402
0.11 6.0397
0.12 6.0392
0.13 6.0387
0.14 6.0381
0.15 6.0376
0.16 6.037
0.17 6.0365
0.18 6.036
0.19 6.0355
0.2 6.035
0.21 6.0346
0.22 6.0342
0.23 6.0338
0.24 6.0334
0.25 6.033
0.26 6.0326
0.27 6.0321
0.28 6.0316
0.29 6.031
0.3 6.0304
0.31 6.0296
0.32 6.0288
0.33 6.0278
0.34 6.0267
0.35 6.0256
0.36 6.0245
0.37 6.0233
0.38 6.0222
0.39 6.0211
0.4 6.0201
0.41 6.0191
0.42 6.0181
0.43 6.0171
0.44 6.0162
0.45 6.0152
0.46 6.0142
0.47 6.0132
0.48 6.012
0.49 6.0108
0.5 6.0094
0.51 6.0078
0.52 6.0061
0.53 6.0043
0.54 6.0024
0.55 6.0004
0.56 5.9984
0.57 5.9963
0.58 5.9941
0.59 5.9918
0.6 5.9895
0.61 5.9871
0.62 5.9846
0.63 5.9822
0.64 5.9797
0.65 5.9774
0.66 5.9751
0.67 5.9731
0.68 5.9713
0.69 5.9697
0.7 5.9685
0.71 5.9675
0.72 5.9669
0.73 5.9665
0.74 5.9665
0.75 5.9668
0.76 5.9673
0.77 5.9681
0.78 5.9691
0.79 5.9703
0.8 5.9717
0.81 5.9732
0.82 5.9748
0.83 5.9766
0.84 5.9784
0.85 5.9804
0.86 5.9824
0.87 5.9845
0.88 5.9868
0.89 5.9892
0.9 5.9917
0.91 5.9945
0.92 5.9975
0.93 6.0007
0.94 6.0043
0.95 6.0082
0.96 6.0124
0.97 6.017
0.98 6.0219
0.99 6.0271
1 6.0324
1.01 6.0379
1.02 6.0435
1.03 6.0489
1.04 6.0541
1.05 6.0591
1.06 6.0639
1.07 6.0683
1.08 6.0725
1.09 6.0765
1.1 6.0802
1.11 6.0839
1.12 6.0874
1.13 6.0908
1.14 6.0942
1.15 6.0975
1.16 6.1007
1.17 6.1039
1.18 6.1068
1.19 6.1096
1.2 6.1122
1.21 6.1145
1.22 6.1166
1.23 6.1184
1.24 6.1202
1.25 6.1218
1.26 6.1233
1.27 6.1248
1.28 6.1263
1.29 6.1277
1.3 6.1291
1.31 6.1303
1.32 6.1315
1.33 6.1325
1.34 6.1333
1.35 6.1338
1.36 6.1342
1.37 6.1342
1.38 6.1341
1.39 6.1337
1.4 6.1331
1.41 6.1322
1.42 6.1312
1.43 6.1299
1.44 6.1285
1.45 6.1268
1.46 6.1249
1.47 6.1229
1.48 6.1206
1.49 6.118
1.5 6.1153
1.51 6.1123
1.52 6.1092
1.53 6.1058
1.54 6.1022
1.55 6.0985
1.56 6.0946
1.57 6.0906
1.58 6.0864
1.59 6.082
1.6 6.0774
1.61 6.0727
1.62 6.0679
1.63 6.0629
1.64 6.0579
1.65 6.0529
1.66 6.0479
1.67 6.0431
1.68 6.0385
1.69 6.0343
1.7 6.0303
1.71 6.0268
1.72 6.0238
1.73 6.0212
1.74 6.0192
1.75 6.0177
1.76 6.0168
1.77 6.0165
1.78 6.0167
1.79 6.0175
1.8 6.0188
1.81 6.0206
1.82 6.0228
1.83 6.0254
1.84 6.0283
1.85 6.0314
1.86 6.0348
1.87 6.0383
1.88 6.042
1.89 6.0459
1.9 6.0498
1.91 6.0539
1.92 6.0581
1.93 6.0622
1.94 6.0664
1.95 6.0706
1.96 6.0747
1.97 6.0787
1.98 6.0826
1.99 6.0864
2 6.09
2.01 6.0935
2.02 6.0967
2.03 6.0998
2.04 6.1027
2.05 6.1053
2.06 6.1076
2.07 6.1097
2.08 6.1114
2.09 6.1128
2.1 6.1139
2.11 6.1146
2.12 6.1151
2.13 6.1152
2.14 6.1151
2.15 6.1148
2.16 6.1141
2.17 6.1133
2.18 6.1122
2.19 6.1108
2.2 6.1093
2.21 6.1076
2.22 6.1058
2.23 6.1038
2.24 6.1018
2.25 6.0996
2.26 6.0973
2.27 6.095
2.28 6.0925
2.29 6.09
2.3 6.0873
2.31 6.0845
2.32 6.0817
2.33 6.0787
2.34 6.0756
2.35 6.0724
2.36 6.0691
2.37 6.0657
2.38 6.0622
2.39 6.0586
2.4 6.055
2.41 6.0512
2.42 6.0474
2.43 6.0436
2.44 6.0399
2.45 6.0361
2.46 6.0325
2.47 6.0289
2.48 6.0254
2.49 6.022
2.5 6.0187
2.51 6.0155
2.52 6.0123
2.53 6.0092
2.54 6.0062
2.55 6.0032
2.56 6.0003
2.57 5.9976
2.58 5.995
2.59 5.9926
2.6 5.9904
2.61 5.9885
2.62 5.9868
2.63 5.9853
2.64 5.9842
2.65 5.9833
2.66 5.9827
2.67 5.9823
2.68 5.9821
2.69 5.9821
2.7 5.982
2.71 5.982
2.72 5.982
2.73 5.9819
2.74 5.9819
2.75 5.9818
2.76 5.9817
2.77 5.9817
2.78 5.9817
2.79 5.9818
2.8 5.982
2.81 5.9823
2.82 5.9826
2.83 5.983
2.84 5.9834
2.85 5.9839
2.86 5.9843
2.87 5.9849
2.88 5.9854
2.89 5.986
2.9 5.9865
2.91 5.9871
2.92 5.9878
2.93 5.9885
2.94 5.9894
2.95 5.9903
2.96 5.9915
2.97 5.9929
2.98 5.9945
2.99 5.9963
3 5.9983
3.01 6.0005
3.02 6.0029
3.03 6.0054
3.04 6.0079
3.05 6.0106
3.06 6.0134
3.07 6.0163
3.08 6.0193
3.09 6.0224
3.1 6.0256
3.11 6.0288
3.12 6.032
3.13 6.035
3.14 6.0378
3.15 6.0405
3.16 6.0428
3.17 6.0449
3.18 6.0467
3.19 6.0483
3.2 6.0497
3.21 6.0508
3.22 6.0517
3.23 6.0525
3.24 6.053
3.25 6.0534
3.26 6.0537
3.27 6.054
3.28 6.0542
3.29 6.0544
3.3 6.0546
3.31 6.0549
3.32 6.0552
3.33 6.0555
3.34 6.0558
3.35 6.0561
3.36 6.0563
3.37 6.0566
3.38 6.0569
3.39 6.0572
3.4 6.0575
3.41 6.0579
3.42 6.0585
3.43 6.0592
3.44 6.06
3.45 6.061
3.46 6.0622
3.47 6.0634
3.48 6.0648
3.49 6.0662
3.5 6.0677
3.51 6.0691
3.52 6.0704
3.53 6.0716
3.54 6.0727
3.55 6.0737
3.56 6.0746
3.57 6.0754
3.58 6.0761
3.59 6.0767
3.6 6.0772
3.61 6.0775
3.62 6.0777
3.63 6.0776
3.64 6.0774
3.65 6.0769
3.66 6.0763
3.67 6.0755
3.68 6.0745
3.69 6.0734
3.7 6.0721
3.71 6.0707
3.72 6.069
3.73 6.0671
3.74 6.0649
3.75 6.0623
3.76 6.0595
3.77 6.0563
3.78 6.053
3.79 6.0494
3.8 6.0457
3.81 6.042
3.82 6.0384
3.83 6.0351
3.84 6.032
3.85 6.0292
3.86 6.0268
3.87 6.0247
3.88 6.023
3.89 6.0216
3.9 6.0205
3.91 6.0195
3.92 6.0186
3.93 6.0178
3.94 6.0171
3.95 6.0162
3.96 6.0153
3.97 6.0143
3.98 6.0132
3.99 6.0118
4 6.0103
4.01 6.0086
4.02 6.0067
4.03 6.0046
4.04 6.0022
4.05 5.9998
4.06 5.9971
4.07 5.9944
4.08 5.9917
4.09 5.9889
4.1 5.9862
4.11 5.9835
4.12 5.9809
4.13 5.9783
4.14 5.9757
4.15 5.9731
4.16 5.9705
4.17 5.9678
4.18 5.9652
4.19 5.9626
4.2 5.9601
4.21 5.9577
4.22 5.9554
4.23 5.9533
4.24 5.9514
4.25 5.9497
4.26 5.9483
4.27 5.9471
4.28 5.9463
4.29 5.9458
4.3 5.9456
4.31 5.9457
4.32 5.9462
4.33 5.9469
4.34 5.9478
4.35 5.9489
4.36 5.9501
4.37 5.9513
4.38 5.9525
4.39 5.9537
4.4 5.9548
4.41 5.9557
4.42 5.9565
4.43 5.9571
4.44 5.9574
4.45 5.9575
4.46 5.9573
4.47 5.9568
4.48 5.956
4.49 5.9549
4.5 5.9536
4.51 5.952
4.52 5.9502
4.53 5.9482
4.54 5.946
4.55 5.9436
4.56 5.9412
4.57 5.9386
4.58 5.936
4.59 5.9333
4.6 5.9307
4.61 5.9281
4.62 5.9256
4.63 5.9231
4.64 5.9209
4.65 5.9187
4.66 5.9168
4.67 5.9151
4.68 5.9136
4.69 5.9123
4.7 5.9111
4.71 5.9102
4.72 5.9094
4.73 5.9088
4.74 5.9084
4.75 5.9082
4.76 5.9082
4.77 5.9084
4.78 5.9089
4.79 5.9096
4.8 5.9107
4.81 5.912
4.82 5.9136
4.83 5.9155
4.84 5.9177
4.85 5.9202
4.86 5.9231
4.87 5.9262
4.88 5.9296
4.89 5.9334
4.9 5.9375
4.91 5.9418
4.92 5.9465
4.93 5.9514
4.94 5.9566
4.95 5.962
4.96 5.9676
4.97 5.9734
4.98 5.9792
4.99 5.9853
5 5.9914
5.01 5.9975
5.02 6.0037
5.03 6.01
5.04 6.0162
5.05 6.0225
5.06 6.0288
5.07 6.0351
5.08 6.0413
5.09 6.0476
5.1 6.0539
5.11 6.0601
5.12 6.0663
5.13 6.0726
5.14 6.0787
5.15 6.0848
5.16 6.0908
5.17 6.0966
5.18 6.1021
5.19 6.1074
5.2 6.1124
5.21 6.1172
5.22 6.1216
5.23 6.1258
5.24 6.1298
5.25 6.1335
5.26 6.1371
5.27 6.1405
5.28 6.1436
5.29 6.1467
5.3 6.1495
5.31 6.1522
5.32 6.1546
5.33 6.1569
5.34 6.159
5.35 6.1608
5.36 6.1625
5.37 6.164
5.38 6.1653
5.39 6.1665
5.4 6.1676
5.41 6.1686
5.42 6.1695
5.43 6.1702
5.44 6.1708
5.45 6.1712
5.46 6.1713
5.47 6.1712
5.48 6.1707
5.49 6.1699
5.5 6.1687
5.51 6.1673
5.52 6.1656
5.53 6.1637
5.54 6.1616
5.55 6.1595
5.56 6.1573
5.57 6.1552
5.58 6.1531
5.59 6.1511
5.6 6.1491
5.61 6.1471
5.62 6.1451
5.63 6.1429
5.64 6.1406
5.65 6.1381
5.66 6.1354
5.67 6.1326
5.68 6.1296
5.69 6.1266
5.7 6.1236
5.71 6.1208
5.72 6.1182
5.73 6.1159
5.74 6.1138
5.75 6.112
5.76 6.1104
5.77 6.1091
5.78 6.1078
5.79 6.1067
5.8 6.1056
5.81 6.1046
5.82 6.1036
5.83 6.1025
5.84 6.1015
5.85 6.1004
5.86 6.0993
5.87 6.0983
5.88 6.0973
5.89 6.0964
5.9 6.0958
5.91 6.0953
5.92 6.0952
5.93 6.0953
5.94 6.0958
5.95 6.0965
5.96 6.0976
5.97 6.0989
5.98 6.1005
5.99 6.1024
6 6.1044
6.01 6.1066
6.02 6.1088
6.03 6.1111
6.04 6.1135
6.05 6.1158
6.06 6.1181
6.07 6.1204
6.08 6.1225
6.09 6.1245
6.1 6.1264
6.11 6.1281
6.12 6.1296
6.13 6.131
6.14 6.1323
6.15 6.1334
6.16 6.1345
6.17 6.1354
6.18 6.1362
6.19 6.1368
6.2 6.1373
6.21 6.1376
6.22 6.1376
6.23 6.1372
6.24 6.1366
6.25 6.1356
6.26 6.1343
6.27 6.1326
6.28 6.1307
6.29 6.1284
6.3 6.1259
6.31 6.1232
6.32 6.1202
6.33 6.1172
6.34 6.114
6.35 6.1107
6.36 6.1073
6.37 6.1039
6.38 6.1004
6.39 6.0968
6.4 6.0932
6.41 6.0895
6.42 6.0858
6.43 6.0819
6.44 6.078
6.45 6.0739
6.46 6.0697
6.47 6.0654
6.48 6.0609
6.49 6.0563
6.5 6.0516
6.51 6.0468
6.52 6.0419
6.53 6.037
6.54 6.032
6.55 6.027
6.56 6.022
6.57 6.0169
6.58 6.012
6.59 6.007
6.6 6.0022
6.61 5.9974
6.62 5.9928
6.63 5.9882
6.64 5.9838
6.65 5.9795
6.66 5.9752
6.67 5.971
6.68 5.9669
6.69 5.9629
6.7 5.9589
6.71 5.9549
6.72 5.9511
6.73 5.9473
6.74 5.9436
6.75 5.94
6.76 5.9364
6.77 5.9328
6.78 5.9293
6.79 5.9258
6.8 5.9224
6.81 5.9191
6.82 5.916
6.83 5.913
6.84 5.9101
6.85 5.9075
6.86 5.905
6.87 5.9027
6.88 5.9006
6.89 5.8989
6.9 5.8974
6.91 5.8963
6.92 5.8955
6.93 5.895
6.94 5.8948
6.95 5.8949
6.96 5.8952
6.97 5.8958
6.98 5.8967
6.99 5.8977
7 5.8991
7.01 5.9007
7.02 5.9027
7.03 5.905
7.04 5.9077
7.05 5.9108
7.06 5.9144
7.07 5.9183
7.08 5.9226
7.09 5.9271
7.1 5.9319
7.11 5.9369
7.12 5.942
7.13 5.9473
7.14 5.9527
7.15 5.9583
7.16 5.964
7.17 5.9698
7.18 5.9757
7.19 5.9815
7.2 5.9873
7.21 5.993
7.22 5.9986
7.23 6.004
7.24 6.0093
7.25 6.0144
7.26 6.0194
7.27 6.0242
7.28 6.029
7.29 6.0336
7.3 6.0382
7.31 6.0427
7.32 6.0473
7.33 6.0518
7.34 6.0563
7.35 6.0608
7.36 6.0652
7.37 6.0695
7.38 6.0737
7.39 6.0776
7.4 6.0814
7.41 6.0849
7.42 6.0882
7.43 6.0912
7.44 6.0941
7.45 6.0967
7.46 6.0991
7.47 6.1014
7.48 6.1034
7.49 6.1054
7.5 6.1072
7.51 6.1089
7.52 6.1107
7.53 6.1124
7.54 6.114
7.55 6.1157
7.56 6.1174
7.57 6.119
7.58 6.1205
7.59 6.1219
7.6 6.1232
7.61 6.1244
7.62 6.1255
7.63 6.1264
7.64 6.1272
7.65 6.1279
7.66 6.1284
7.67 6.1289
7.68 6.1292
7.69 6.1294
7.7 6.1295
7.71 6.1295
7.72 6.1295
7.73 6.1294
7.74 6.1292
7.75 6.1291
7.76 6.1289
7.77 6.1287
7.78 6.1286
7.79 6.1285
7.8 6.1285
7.81 6.1284
7.82 6.1284
7.83 6.1285
7.84 6.1285
7.85 6.1285
7.86 6.1285
7.87 6.1285
7.88 6.1285
7.89 6.1284
7.9 6.1283
7.91 6.1281
7.92 6.1278
7.93 6.1275
7.94 6.1271
7.95 6.1266
7.96 6.1261
7.97 6.1257
7.98 6.1252
7.99 6.1247
8 6.1243
8.01 6.1238
8.02 6.1234
8.03 6.123
8.04 6.1226
8.05 6.1221
8.06 6.1215
8.07 6.121
8.08 6.1203
8.09 6.1196
8.1 6.1189
8.11 6.1182
8.12 6.1174
8.13 6.1166
8.14 6.1158
8.15 6.1151
8.16 6.1143
8.17 6.1136
8.18 6.1129
8.19 6.1123
8.2 6.1117
8.21 6.1111
8.22 6.1106
8.23 6.1102
8.24 6.1098
8.25 6.1094
8.26 6.1091
8.27 6.1088
8.28 6.1086
8.29 6.1083
8.3 6.1079
8.31 6.1076
8.32 6.1072
8.33 6.1068
8.34 6.1063
8.35 6.1059
8.36 6.1054
8.37 6.105
8.38 6.1046
8.39 6.1043
8.4 6.104
8.41 6.1038
8.42 6.1037
8.43 6.1037
8.44 6.1036
8.45 6.1037
8.46 6.1037
8.47 6.1037
8.48 6.1038
8.49 6.1038
8.5 6.1038
8.51 6.1039
8.52 6.1039
8.53 6.1039
8.54 6.1038
8.55 6.1037
8.56 6.1036
8.57 6.1035
8.58 6.1033
8.59 6.1031
8.6 6.1029
8.61 6.1027
8.62 6.1025
8.63 6.1023
8.64 6.1021
8.65 6.1019
8.66 6.1018
8.67 6.1016
8.68 6.1015
8.69 6.1014
8.7 6.1012
8.71 6.101
8.72 6.1009
8.73 6.1007
8.74 6.1005
8.75 6.1004
8.76 6.1002
8.77 6.1
8.78 6.0999
8.79 6.0997
8.8 6.0996
8.81 6.0995
8.82 6.0994
8.83 6.0993
8.84 6.0992
8.85 6.0992
8.86 6.0991
8.87 6.0991
8.88 6.099
8.89 6.099
8.9 6.0989
8.91 6.0989
8.92 6.0989
8.93 6.0989
8.94 6.099
8.95 6.0991
8.96 6.0993
8.97 6.0995
8.98 6.0998
8.99 6.1001
9 6.1004
9.01 6.1008
9.02 6.1011
9.03 6.1014
9.04 6.1016
9.05 6.1016
9.06 6.1016
9.07 6.1014
9.08 6.101
9.09 6.1004
9.1 6.0997
9.11 6.0988
9.12 6.0978
9.13 6.0966
9.14 6.0953
9.15 6.0939
9.16 6.0923
9.17 6.0907
9.18 6.089
9.19 6.0872
9.2 6.0854
9.21 6.0836
9.22 6.0818
9.23 6.08
9.24 6.0783
9.25 6.0768
9.26 6.0754
9.27 6.0743
9.28 6.0733
9.29 6.0725
9.3 6.072
9.31 6.0716
9.32 6.0714
9.33 6.0713
9.34 6.0714
9.35 6.0716
9.36 6.0718
9.37 6.0721
9.38 6.0724
9.39 6.0728
9.4 6.0732
9.41 6.0736
9.42 6.074
9.43 6.0744
9.44 6.0749
9.45 6.0753
9.46 6.0757
9.47 6.076
9.48 6.0764
9.49 6.0768
9.5 6.0771
9.51 6.0774
9.52 6.0776
9.53 6.0779
9.54 6.0781
9.55 6.0783
9.56 6.0785
9.57 6.0787
9.58 6.0788
9.59 6.079
9.6 6.079
9.61 6.0791
9.62 6.0791
9.63 6.079
9.64 6.0789
9.65 6.0787
9.66 6.0785
9.67 6.0783
9.68 6.0781
9.69 6.078
9.7 6.0779
9.71 6.0779
9.72 6.0781
9.73 6.0785
9.74 6.079
9.75 6.0799
9.76 6.0809
9.77 6.0822
9.78 6.0837
9.79 6.0853
9.8 6.0872
9.81 6.0891
9.82 6.0912
9.83 6.0934
9.84 6.0956
9.85 6.0979
9.86 6.1001
9.87 6.1023
9.88 6.1043
9.89 6.1062
9.9 6.1078
9.91 6.1093
9.92 6.1106
9.93 6.1116
9.94 6.1124
9.95 6.113
9.96 6.1134
9.97 6.1137
9.98 6.1138
9.99 6.1138
10 6.1136
10.01 6.1133
10.02 6.1129
10.03 6.1124
10.04 6.1117
10.05 6.111
10.06 6.1102
10.07 6.1095
10.08 6.1087
10.09 6.108
10.1 6.1073
10.11 6.1068
10.12 6.1064
10.13 6.1061
10.14 6.1059
10.15 6.1057
10.16 6.1055
10.17 6.1053
10.18 6.1051
10.19 6.1048
10.2 6.1045
10.21 6.1041
10.22 6.1035
10.23 6.1029
10.24 6.1022
10.25 6.1014
10.26 6.1006
10.27 6.0997
10.28 6.0987
10.29 6.0977
10.3 6.0966
10.31 6.0955
10.32 6.0943
10.33 6.0931
10.34 6.0919
10.35 6.0906
10.36 6.0892
10.37 6.0879
10.38 6.0865
10.39 6.0851
10.4 6.0837
10.41 6.0824
10.42 6.081
10.43 6.0797
10.44 6.0784
10.45 6.0771
10.46 6.0758
10.47 6.0745
10.48 6.0733
10.49 6.0721
10.5 6.071
10.51 6.07
10.52 6.069
10.53 6.0682
10.54 6.0674
10.55 6.0667
10.56 6.0662
10.57 6.0657
10.58 6.0654
10.59 6.0652
10.6 6.0652
10.61 6.0652
10.62 6.0654
10.63 6.0657
10.64 6.0661
10.65 6.0665
10.66 6.067
10.67 6.0675
10.68 6.068
10.69 6.0685
10.7 6.069
10.71 6.0695
10.72 6.07
10.73 6.0705
10.74 6.0709
10.75 6.0714
10.76 6.0719
10.77 6.0723
10.78 6.0727
10.79 6.0731
10.8 6.0735
10.81 6.0738
10.82 6.0742
10.83 6.0745
10.84 6.0747
10.85 6.0749
10.86 6.075
10.87 6.075
10.88 6.0749
10.89 6.0748
10.9 6.0747
10.91 6.0745
10.92 6.0744
10.93 6.0742
10.94 6.0741
10.95 6.0741
10.96 6.0741
10.97 6.0741
10.98 6.0742
10.99 6.0743
11 6.0745
11.01 6.0747
11.02 6.0749
11.03 6.0752
11.04 6.0756
11.05 6.0759
11.06 6.0763
11.07 6.0766
11.08 6.077
11.09 6.0774
11.1 6.0777
11.11 6.0779
11.12 6.0781
11.13 6.0783
11.14 6.0784
11.15 6.0784
11.16 6.0784
11.17 6.0785
11.18 6.0785
11.19 6.0785
11.2 6.0785
11.21 6.0786
11.22 6.0788
11.23 6.079
11.24 6.0793
11.25 6.0798
11.26 6.0803
11.27 6.081
11.28 6.0818
11.29 6.0827
11.3 6.0838
11.31 6.0851
11.32 6.0865
11.33 6.0879
11.34 6.0895
11.35 6.0911
11.36 6.0928
11.37 6.0945
11.38 6.0961
11.39 6.0977
11.4 6.0993
11.41 6.1008
11.42 6.1023
11.43 6.1038
11.44 6.1053
11.45 6.1067
11.46 6.1081
11.47 6.1094
11.48 6.1106
11.49 6.1117
11.5 6.1128
11.51 6.1138
11.52 6.1148
11.53 6.1157
11.54 6.1167
11.55 6.1178
11.56 6.1189
11.57 6.1201
11.58 6.1214
11.59 6.1227
11.6 6.1241
11.61 6.1255
11.62 6.1268
11.63 6.1282
11.64 6.1295
11.65 6.1307
11.66 6.1319
11.67 6.1331
11.68 6.1341
11.69 6.135
11.7 6.1358
11.71 6.1365
11.72 6.1369
11.73 6.1372
11.74 6.1374
11.75 6.1374
11.76 6.1372
11.77 6.137
11.78 6.1367
11.79 6.1364
11.8 6.1361
11.81 6.1357
11.82 6.1354
11.83 6.135
11.84 6.1347
11.85 6.1345
11.86 6.1343
11.87 6.1342
11.88 6.1342
11.89 6.1342
11.9 6.1344
11.91 6.1346
11.92 6.1348
11.93 6.1351
11.94 6.1354
11.95 6.1358
11.96 6.1361
11.97 6.1364
11.98 6.1367
11.99 6.137
12 6.1373
12.01 6.1376
12.02 6.1378
12.03 6.138
12.04 6.1382
12.05 6.1384
12.06 6.1385
12.07 6.1386
12.08 6.1386
12.09 6.1386
12.1 6.1386
12.11 6.1385
12.12 6.1383
12.13 6.1381
12.14 6.1379
12.15 6.1376
12.16 6.1373
12.17 6.1369
12.18 6.1364
12.19 6.136
12.2 6.1355
12.21 6.1349
12.22 6.1343
12.23 6.1336
12.24 6.1328
12.25 6.132
12.26 6.1311
12.27 6.1302
12.28 6.1292
12.29 6.1282
12.3 6.1271
12.31 6.126
12.32 6.1249
12.33 6.1237
12.34 6.1226
12.35 6.1215
12.36 6.1204
12.37 6.1193
12.38 6.1182
12.39 6.1172
12.4 6.1162
12.41 6.1152
12.42 6.1143
12.43 6.1134
12.44 6.1126
12.45 6.1119
12.46 6.1111
12.47 6.1104
12.48 6.1098
12.49 6.1092
12.5 6.1086
12.51 6.108
12.52 6.1075
12.53 6.107
12.54 6.1065
12.55 6.1059
12.56 6.1054
12.57 6.1049
12.58 6.1044
12.59 6.1039
12.6 6.1035
12.61 6.103
12.62 6.1026
12.63 6.1023
12.64 6.102
12.65 6.1017
12.66 6.1015
12.67 6.1013
12.68 6.1012
12.69 6.1011
12.7 6.101
12.71 6.1009
12.72 6.1008
12.73 6.1008
12.74 6.1007
12.75 6.1006
12.76 6.1005
12.77 6.1004
12.78 6.1004
12.79 6.1003
12.8 6.1002
12.81 6.1001
12.82 6.1001
12.83 6.1
12.84 6.0999
12.85 6.0998
12.86 6.0998
12.87 6.0997
12.88 6.0997
12.89 6.0997
12.9 6.0997
12.91 6.0997
12.92 6.0998
12.93 6.0998
12.94 6.0998
12.95 6.0998
12.96 6.0998
12.97 6.0998
12.98 6.0998
12.99 6.0997
13 6.0997
13.01 6.0997
13.02 6.0997
13.03 6.0997
13.04 6.0997
13.05 6.0997
13.06 6.0998
13.07 6.0998
13.08 6.0999
13.09 6.1
13.1 6.1
13.11 6.1001
13.12 6.1002
13.13 6.1002
13.14 6.1003
13.15 6.1003
13.16 6.1004
13.17 6.1004
13.18 6.1004
13.19 6.1004
13.2 6.1005
13.21 6.1005
13.22 6.1006
13.23 6.1006
13.24 6.1007
13.25 6.1008
13.26 6.1008
13.27 6.1009
13.28 6.101
13.29 6.101
13.3 6.1011
13.31 6.1012
13.32 6.1013
13.33 6.1014
13.34 6.1015
13.35 6.1016
13.36 6.1017
13.37 6.1017
13.38 6.1018
13.39 6.1018
13.4 6.1018
13.41 6.1019
13.42 6.1019
13.43 6.102
13.44 6.1021
13.45 6.1022
13.46 6.1024
13.47 6.1025
13.48 6.1026
13.49 6.1027
13.5 6.1028
13.51 6.1028
13.52 6.1028
13.53 6.1028
13.54 6.1027
13.55 6.1026
13.56 6.1025
13.57 6.1024
13.58 6.1022
13.59 6.102
13.6 6.1019
13.61 6.1017
13.62 6.1016
13.63 6.1015
13.64 6.1014
13.65 6.1012
13.66 6.1011
13.67 6.101
13.68 6.101
13.69 6.1009
13.7 6.1008
13.71 6.1008
13.72 6.1007
13.73 6.1007
13.74 6.1007
13.75 6.1006
13.76 6.1006
13.77 6.1006
13.78 6.1005
13.79 6.1005
13.8 6.1004
13.81 6.1003
13.82 6.1003
13.83 6.1002
13.84 6.1001
13.85 6.1
13.86 6.0999
13.87 6.0998
13.88 6.0997
13.89 6.0996
13.9 6.0996
13.91 6.0995
13.92 6.0994
13.93 6.0993
13.94 6.0993
13.95 6.0992
13.96 6.0992
13.97 6.0992
13.98 6.0992
13.99 6.0991
14 6.0991
14.01 6.0991
14.02 6.0991
14.03 6.099
14.04 6.0989
14.05 6.0988
14.06 6.0987
14.07 6.0986
14.08 6.0985
14.09 6.0984
14.1 6.0983
14.11 6.0982
14.12 6.0981
14.13 6.0981
14.14 6.0981
14.15 6.098
14.16 6.0981
14.17 6.0981
14.18 6.0982
14.19 6.0983
14.2 6.0984
14.21 6.0985
14.22 6.0986
14.23 6.0986
14.24 6.0987
14.25 6.0987
14.26 6.0986
14.27 6.0986
14.28 6.0985
14.29 6.0984
14.3 6.0983
14.31 6.0982
14.32 6.098
14.33 6.0979
14.34 6.0977
14.35 6.0976
14.36 6.0975
14.37 6.0974
14.38 6.0974
14.39 6.0974
14.4 6.0974
14.41 6.0974
14.42 6.0975
14.43 6.0976
14.44 6.0978
14.45 6.098
14.46 6.0982
14.47 6.0984
14.48 6.0986
14.49 6.0988
14.5 6.0989
14.51 6.0991
14.52 6.0992
14.53 6.0992
14.54 6.0993
14.55 6.0993
14.56 6.0993
14.57 6.0993
14.58 6.0993
14.59 6.0993
14.6 6.0993
14.61 6.0992
14.62 6.0992
14.63 6.0991
14.64 6.099
14.65 6.0989
14.66 6.0988
14.67 6.0987
14.68 6.0986
14.69 6.0985
14.7 6.0984
14.71 6.0983
14.72 6.0983
14.73 6.0983
14.74 6.0983
14.75 6.0983
14.76 6.0983
14.77 6.0983
14.78 6.0983
14.79 6.0983
14.8 6.0982
14.81 6.0982
14.82 6.0981
14.83 6.0979
14.84 6.0978
14.85 6.0976
14.86 6.0975
14.87 6.0973
14.88 6.0972
14.89 6.0971
14.9 6.097
14.91 6.0969
14.92 6.0969
14.93 6.0969
14.94 6.0968
14.95 6.0968
14.96 6.0967
14.97 6.0966
14.98 6.0966
14.99 6.0965
15 6.0964
15.01 6.0964
15.02 6.0963
15.03 6.0963
15.04 6.0963
15.05 6.0963
15.06 6.0963
15.07 6.0963
15.08 6.0963
15.09 6.0963
15.1 6.0962
15.11 6.0962
15.12 6.0961
15.13 6.096
15.14 6.0959
15.15 6.0957
15.16 6.0955
15.17 6.0953
15.18 6.0951
15.19 6.0949
15.2 6.0947
15.21 6.0945
15.22 6.0944
15.23 6.0942
15.24 6.0941
15.25 6.094
15.26 6.094
15.27 6.094
15.28 6.094
15.29 6.094
15.3 6.094
15.31 6.094
15.32 6.094
15.33 6.094
15.34 6.094
15.35 6.094
15.36 6.0941
15.37 6.0941
15.38 6.0942
15.39 6.0943
15.4 6.0944
15.41 6.0946
15.42 6.0947
15.43 6.0949
15.44 6.095
15.45 6.0951
15.46 6.0952
15.47 6.0953
15.48 6.0953
15.49 6.0953
15.5 6.0952
15.51 6.0952
15.52 6.0951
15.53 6.095
15.54 6.0949
15.55 6.0949
15.56 6.0948
15.57 6.0948
15.58 6.0948
15.59 6.0948
15.6 6.0948
15.61 6.0949
15.62 6.095
15.63 6.0952
15.64 6.0953
15.65 6.0956
15.66 6.0959
15.67 6.0962
15.68 6.0966
15.69 6.097
15.7 6.0975
15.71 6.0981
15.72 6.0987
15.73 6.0993
15.74 6.1
15.75 6.1006
15.76 6.1012
15.77 6.1018
15.78 6.1024
15.79 6.103
15.8 6.1035
15.81 6.1039
15.82 6.1043
15.83 6.1047
15.84 6.105
15.85 6.1053
15.86 6.1057
15.87 6.106
15.88 6.1063
15.89 6.1066
15.9 6.107
15.91 6.1073
15.92 6.1077
15.93 6.108
15.94 6.1084
15.95 6.1087
15.96 6.1091
15.97 6.1093
15.98 6.1096
15.99 6.1098
16 6.11
16.01 6.1101
16.02 6.1102
16.03 6.1102
16.04 6.1101
16.05 6.11
16.06 6.1098
16.07 6.1095
16.08 6.1091
16.09 6.1087
16.1 6.1082
16.11 6.1077
16.12 6.1071
16.13 6.1065
16.14 6.1059
16.15 6.1053
16.16 6.1046
16.17 6.104
16.18 6.1034
16.19 6.1029
16.2 6.1025
16.21 6.1021
16.22 6.1018
16.23 6.1016
16.24 6.1014
16.25 6.1013
16.26 6.1013
16.27 6.1013
16.28 6.1014
16.29 6.1015
16.3 6.1017
16.31 6.102
16.32 6.1023
16.33 6.1026
16.34 6.1029
16.35 6.1032
16.36 6.1034
16.37 6.1036
16.38 6.1038
16.39 6.1038
16.4 6.1037
16.41 6.1035
16.42 6.1032
16.43 6.1028
16.44 6.1022
16.45 6.1014
16.46 6.1005
16.47 6.0996
16.48 6.0985
16.49 6.0973
16.5 6.0962
16.51 6.095
16.52 6.0938
16.53 6.0927
16.54 6.0917
16.55 6.0907
16.56 6.0898
16.57 6.089
16.58 6.0883
16.59 6.0877
16.6 6.0873
16.61 6.0869
16.62 6.0868
16.63 6.0867
16.64 6.0868
16.65 6.087
16.66 6.0874
16.67 6.088
16.68 6.0887
16.69 6.0897
16.7 6.0908
16.71 6.0922
16.72 6.0937
16.73 6.0954
16.74 6.0972
16.75 6.0991
16.76 6.1011
16.77 6.103
16.78 6.1048
16.79 6.1066
16.8 6.1081
16.81 6.1095
16.82 6.1106
16.83 6.1115
16.84 6.1121
16.85 6.1124
16.86 6.1124
16.87 6.1122
16.88 6.1117
16.89 6.111
16.9 6.1102
16.91 6.1091
16.92 6.108
16.93 6.1067
16.94 6.1055
16.95 6.1041
16.96 6.1028
16.97 6.1015
16.98 6.1003
16.99 6.0991
17 6.0979
17.01 6.0968
17.02 6.0958
17.03 6.0948
17.04 6.0939
17.05 6.0931
17.06 6.0924
17.07 6.0918
17.08 6.0913
17.09 6.091
17.1 6.0907
17.11 6.0906
17.12 6.0906
17.13 6.0908
17.14 6.0911
17.15 6.0917
17.16 6.0924
17.17 6.0933
17.18 6.0944
17.19 6.0957
17.2 6.0972
17.21 6.0988
17.22 6.1004
17.23 6.1021
17.24 6.1037
17.25 6.1051
17.26 6.1065
17.27 6.1076
17.28 6.1085
17.29 6.1091
17.3 6.1095
17.31 6.1096
17.32 6.1094
17.33 6.1089
17.34 6.1083
17.35 6.1074
17.36 6.1064
17.37 6.1053
17.38 6.104
17.39 6.1027
17.4 6.1013
17.41 6.0999
17.42 6.0984
17.43 6.0969
17.44 6.0953
17.45 6.0937
17.46 6.0921
17.47 6.0905
17.48 6.0889
17.49 6.0874
17.5 6.0859
17.51 6.0844
17.52 6.083
17.53 6.0816
17.54 6.0802
17.55 6.0788
17.56 6.0774
17.57 6.076
17.58 6.0747
17.59 6.0734
17.6 6.0722
17.61 6.0711
17.62 6.07
17.63 6.069
17.64 6.068
17.65 6.0671
17.66 6.0661
17.67 6.0651
17.68 6.0641
17.69 6.063
17.7 6.0618
17.71 6.0604
17.72 6.0589
17.73 6.0573
17.74 6.0554
17.75 6.0534
17.76 6.0512
17.77 6.0489
17.78 6.0464
17.79 6.044
17.8 6.0415
17.81 6.0391
17.82 6.0367
17.83 6.0345
17.84 6.0323
17.85 6.0303
17.86 6.0284
17.87 6.0267
17.88 6.0252
17.89 6.0239
17.9 6.0229
17.91 6.0222
17.92 6.0218
17.93 6.0217
17.94 6.0219
17.95 6.0224
17.96 6.0232
17.97 6.0242
17.98 6.0255
17.99 6.027
18 6.0289
18.01 6.0311
18.02 6.0335
18.03 6.0362
18.04 6.0393
18.05 6.0426
18.06 6.0461
18.07 6.0499
18.08 6.0538
18.09 6.0579
18.1 6.0621
18.11 6.0664
18.12 6.0708
18.13 6.0753
18.14 6.0798
18.15 6.0843
18.16 6.0888
18.17 6.0932
18.18 6.0975
18.19 6.1017
18.2 6.1057
18.21 6.1095
18.22 6.1131
18.23 6.1164
18.24 6.1195
18.25 6.1224
18.26 6.125
18.27 6.1276
18.28 6.13
18.29 6.1323
18.3 6.1345
18.31 6.1367
18.32 6.1388
18.33 6.1409
18.34 6.143
18.35 6.1451
18.36 6.1471
18.37 6.1491
18.38 6.1509
18.39 6.1527
18.4 6.1544
18.41 6.1559
18.42 6.1573
18.43 6.1586
18.44 6.1597
18.45 6.1608
18.46 6.1616
18.47 6.1624
18.48 6.163
18.49 6.1636
18.5 6.1641
18.51 6.1646
18.52 6.1651
18.53 6.1656
18.54 6.1662
18.55 6.1668
18.56 6.1674
18.57 6.1681
18.58 6.1687
18.59 6.1694
18.6 6.17
18.61 6.1705
18.62 6.171
18.63 6.1714
18.64 6.1717
18.65 6.1718
18.66 6.1719
18.67 6.1718
18.68 6.1717
18.69 6.1714
18.7 6.1709
18.71 6.1704
18.72 6.1698
18.73 6.1691
18.74 6.1683
18.75 6.1674
18.76 6.1665
18.77 6.1654
18.78 6.1643
18.79 6.163
18.8 6.1615
18.81 6.1599
18.82 6.1581
18.83 6.156
18.84 6.1536
18.85 6.1511
18.86 6.1482
18.87 6.1451
18.88 6.1418
18.89 6.1382
18.9 6.1345
18.91 6.1306
18.92 6.1266
18.93 6.1225
18.94 6.1185
18.95 6.1144
18.96 6.1104
18.97 6.1065
18.98 6.1027
18.99 6.099
19 6.0955
19.01 6.0921
19.02 6.0888
19.03 6.0857
19.04 6.0828
19.05 6.08
19.06 6.0775
19.07 6.0752
19.08 6.0732
19.09 6.0714
19.1 6.07
19.11 6.0688
19.12 6.0679
19.13 6.0673
19.14 6.0668
19.15 6.0666
19.16 6.0665
19.17 6.0665
19.18 6.0666
19.19 6.0668
19.2 6.067
19.21 6.0674
19.22 6.0678
19.23 6.0683
19.24 6.0688
19.25 6.0695
19.26 6.0703
19.27 6.0713
19.28 6.0724
19.29 6.0737
19.3 6.0751
19.31 6.0768
19.32 6.0786
19.33 6.0806
19.34 6.0827
19.35 6.085
19.36 6.0874
19.37 6.0898
19.38 6.0922
19.39 6.0947
19.4 6.0971
19.41 6.0994
19.42 6.1016
19.43 6.1037
19.44 6.1056
19.45 6.1073
19.46 6.1089
19.47 6.1102
19.48 6.1114
19.49 6.1126
19.5 6.1137
19.51 6.1147
19.52 6.1158
19.53 6.117
19.54 6.1182
19.55 6.1196
19.56 6.1211
19.57 6.1227
19.58 6.1245
19.59 6.1263
19.6 6.1282
19.61 6.1299
19.62 6.1316
19.63 6.133
19.64 6.1343
19.65 6.1354
19.66 6.1363
19.67 6.137
19.68 6.1376
19.69 6.1381
19.7 6.1384
19.71 6.1387
19.72 6.1389
19.73 6.1391
19.74 6.1393
19.75 6.1395
19.76 6.1397
19.77 6.1398
19.78 6.14
19.79 6.1401
19.8 6.1403
19.81 6.1404
19.82 6.1407
19.83 6.1409
19.84 6.1412
19.85 6.1415
19.86 6.1418
19.87 6.1421
19.88 6.1424
19.89 6.1427
19.9 6.1429
19.91 6.1432
19.92 6.1435
19.93 6.1437
19.94 6.1441
19.95 6.1445
19.96 6.1451
19.97 6.1458
19.98 6.1468
19.99 6.1479
20 6.1491
20.01 6.1505
20.02 6.152
20.03 6.1535
20.04 6.1549
20.05 6.1561
20.06 6.1572
20.07 6.1581
20.08 6.1588
20.09 6.1592
20.1 6.1594
20.11 6.1594
20.12 6.1592
20.13 6.1588
20.14 6.1582
20.15 6.1575
20.16 6.1566
20.17 6.1555
20.18 6.1542
20.19 6.1528
20.2 6.1512
20.21 6.1495
20.22 6.1477
20.23 6.1458
20.24 6.1439
20.25 6.1421
20.26 6.1402
20.27 6.1384
20.28 6.1367
20.29 6.1352
20.3 6.1338
20.31 6.1325
20.32 6.1315
20.33 6.1306
20.34 6.13
20.35 6.1296
20.36 6.1294
20.37 6.1295
20.38 6.1298
20.39 6.1302
20.4 6.1308
20.41 6.1315
20.42 6.1323
20.43 6.1332
20.44 6.1342
20.45 6.1352
20.46 6.1363
20.47 6.1376
20.48 6.1389
20.49 6.1402
20.5 6.1416
20.51 6.143
20.52 6.1444
20.53 6.1458
20.54 6.1473
20.55 6.1487
20.56 6.15
20.57 6.1514
20.58 6.1527
20.59 6.1541
20.6 6.1555
20.61 6.1569
20.62 6.1583
20.63 6.1598
20.64 6.1613
20.65 6.1629
20.66 6.1645
20.67 6.1663
20.68 6.1681
20.69 6.17
20.7 6.172
20.71 6.1739
20.72 6.1758
20.73 6.1777
20.74 6.1795
20.75 6.1812
20.76 6.1829
20.77 6.1846
20.78 6.1862
20.79 6.1878
20.8 6.1893
20.81 6.1907
20.82 6.192
20.83 6.1932
20.84 6.1942
20.85 6.1951
20.86 6.1958
20.87 6.1963
20.88 6.1967
20.89 6.1969
20.9 6.1971
20.91 6.1971
20.92 6.197
20.93 6.1969
20.94 6.1968
20.95 6.1966
20.96 6.1964
20.97 6.1961
20.98 6.1958
20.99 6.1954
21 6.1949
21.01 6.1944
21.02 6.1937
21.03 6.1929
21.04 6.1919
21.05 6.1909
21.06 6.1896
21.07 6.1883
21.08 6.1868
21.09 6.1851
21.1 6.1834
21.11 6.1815
21.12 6.1796
21.13 6.1775
21.14 6.1752
21.15 6.1729
21.16 6.1704
21.17 6.1677
21.18 6.1649
21.19 6.162
21.2 6.1589
21.21 6.1558
21.22 6.1526
21.23 6.1494
21.24 6.1462
21.25 6.1429
21.26 6.1397
21.27 6.1365
21.28 6.1334
21.29 6.1303
21.3 6.1272
21.31 6.1243
21.32 6.1214
21.33 6.1185
21.34 6.1158
21.35 6.1131
21.36 6.1107
21.37 6.1083
21.38 6.1062
21.39 6.1042
21.4 6.1024
21.41 6.1008
21.42 6.0995
21.43 6.0983
21.44 6.0974
21.45 6.0968
21.46 6.0963
21.47 6.0962
21.48 6.0963
21.49 6.0966
21.5 6.0972
21.51 6.098
21.52 6.099
21.53 6.1002
21.54 6.1016
21.55 6.1032
21.56 6.1049
21.57 6.1067
21.58 6.1086
21.59 6.1105
21.6 6.1124
21.61 6.1143
21.62 6.1162
21.63 6.118
21.64 6.1198
21.65 6.1216
21.66 6.1233
21.67 6.1249
21.68 6.1264
21.69 6.1278
21.7 6.1292
21.71 6.1304
21.72 6.1315
21.73 6.1325
21.74 6.1333
21.75 6.1339
21.76 6.1343
21.77 6.1345
21.78 6.1345
21.79 6.1342
21.8 6.1336
21.81 6.1328
21.82 6.1319
21.83 6.1307
21.84 6.1294
21.85 6.1281
21.86 6.1267
21.87 6.1254
21.88 6.1241
21.89 6.1229
21.9 6.1219
21.91 6.121
21.92 6.1203
21.93 6.1198
21.94 6.1196
21.95 6.1195
21.96 6.1196
21.97 6.1198
21.98 6.1202
21.99 6.1207
22 6.1212
22.01 6.1217
22.02 6.1221
22.03 6.1225
22.04 6.1227
22.05 6.1228
22.06 6.1228
22.07 6.1227
22.08 6.1224
22.09 6.1219
22.1 6.1213
22.11 6.1206
22.12 6.1197
22.13 6.1186
22.14 6.1174
22.15 6.1161
22.16 6.1146
22.17 6.1129
22.18 6.1112
22.19 6.1093
22.2 6.1073
22.21 6.1052
22.22 6.1032
22.23 6.101
22.24 6.0989
22.25 6.0968
22.26 6.0947
22.27 6.0927
22.28 6.0908
22.29 6.0891
22.3 6.0876
22.31 6.0864
22.32 6.0855
22.33 6.0849
22.34 6.0846
22.35 6.0847
22.36 6.085
22.37 6.0856
22.38 6.0865
22.39 6.0875
22.4 6.0887
22.41 6.0901
22.42 6.0915
22.43 6.0931
22.44 6.0947
22.45 6.0964
22.46 6.0982
22.47 6.0999
22.48 6.1017
22.49 6.1034
22.5 6.1051
22.51 6.1068
22.52 6.1085
22.53 6.1101
22.54 6.1117
22.55 6.1133
22.56 6.1149
22.57 6.1164
22.58 6.1178
22.59 6.119
22.6 6.1202
22.61 6.1212
22.62 6.122
22.63 6.1228
22.64 6.1236
22.65 6.1243
22.66 6.125
22.67 6.1257
22.68 6.1264
22.69 6.1272
22.7 6.128
22.71 6.1288
22.72 6.1295
22.73 6.1303
22.74 6.1312
22.75 6.132
22.76 6.1329
22.77 6.1338
22.78 6.1348
22.79 6.1357
22.8 6.1366
22.81 6.1376
22.82 6.1384
22.83 6.1393
22.84 6.1401
22.85 6.1409
22.86 6.1418
22.87 6.1427
22.88 6.1436
22.89 6.1446
22.9 6.1457
22.91 6.1469
22.92 6.1482
22.93 6.1495
22.94 6.1509
22.95 6.1525
22.96 6.1542
22.97 6.1559
22.98 6.1578
22.99 6.1598
23 6.1618
23.01 6.1637
23.02 6.1657
23.03 6.1675
23.04 6.1691
23.05 6.1706
23.06 6.1719
23.07 6.173
23.08 6.1739
23.09 6.1745
23.1 6.1749
23.11 6.1751
23.12 6.1751
23.13 6.1749
23.14 6.1744
23.15 6.1738
23.16 6.173
23.17 6.1721
23.18 6.1711
23.19 6.17
23.2 6.1688
23.21 6.1676
23.22 6.1663
23.23 6.1649
23.24 6.1635
23.25 6.1619
23.26 6.1601
23.27 6.1582
23.28 6.1562
23.29 6.1539
23.3 6.1514
23.31 6.1488
23.32 6.1461
23.33 6.1433
23.34 6.1405
23.35 6.1379
23.36 6.1353
23.37 6.1329
23.38 6.1307
23.39 6.1287
23.4 6.1268
23.41 6.1251
23.42 6.1236
23.43 6.1221
23.44 6.1208
23.45 6.1194
23.46 6.118
23.47 6.1166
23.48 6.1151
23.49 6.1135
23.5 6.1118
23.51 6.1099
23.52 6.108
23.53 6.1058
23.54 6.1036
23.55 6.1013
23.56 6.099
23.57 6.0967
23.58 6.0943
23.59 6.0921
23.6 6.0899
23.61 6.0877
23.62 6.0857
23.63 6.0838
23.64 6.0821
23.65 6.0804
23.66 6.0789
23.67 6.0775
23.68 6.0762
23.69 6.0751
23.7 6.0741
23.71 6.0732
23.72 6.0726
23.73 6.0721
23.74 6.0719
23.75 6.0718
23.76 6.0719
23.77 6.0721
23.78 6.0724
23.79 6.0727
23.8 6.073
23.81 6.0732
23.82 6.0733
23.83 6.0732
23.84 6.073
23.85 6.0726
23.86 6.072
23.87 6.0713
23.88 6.0704
23.89 6.0695
23.9 6.0685
23.91 6.0675
23.92 6.0665
23.93 6.0654
23.94 6.0644
23.95 6.0635
23.96 6.0625
23.97 6.0617
23.98 6.0609
23.99 6.0602
24 6.0596
24.01 6.059
24.02 6.0585
24.03 6.058
24.04 6.0576
24.05 6.0573
24.06 6.057
24.07 6.0568
24.08 6.0567
24.09 6.0566
24.1 6.0565
24.11 6.0564
24.12 6.0563
24.13 6.0562
24.14 6.0561
24.15 6.0559
24.16 6.0558
24.17 6.0557
24.18 6.0555
24.19 6.0554
24.2 6.0553
24.21 6.0552
24.22 6.0551
24.23 6.0549
24.24 6.0547
24.25 6.0545
24.26 6.0542
24.27 6.0538
24.28 6.0533
24.29 6.0526
24.3 6.0519
24.31 6.0511
24.32 6.0502
24.33 6.0493
24.34 6.0485
24.35 6.0476
24.36 6.047
24.37 6.0465
24.38 6.0462
24.39 6.0461
24.4 6.0463
24.41 6.0467
24.42 6.0473
24.43 6.048
24.44 6.0488
24.45 6.0498
24.46 6.0508
24.47 6.0518
24.48 6.0528
24.49 6.0538
24.5 6.0548
24.51 6.0559
24.52 6.0569
24.53 6.058
24.54 6.0591
24.55 6.0602
24.56 6.0614
24.57 6.0625
24.58 6.0636
24.59 6.0646
24.6 6.0656
24.61 6.0665
24.62 6.0673
24.63 6.0681
24.64 6.0688
24.65 6.0694
24.66 6.0699
24.67 6.0704
24.68 6.0707
24.69 6.071
24.7 6.0711
24.71 6.0712
24.72 6.0712
24.73 6.0711
24.74 6.071
24.75 6.0708
24.76 6.0706
24.77 6.0703
24.78 6.0701
24.79 6.0699
24.8 6.0697
24.81 6.0695
24.82 6.0695
24.83 6.0695
24.84 6.0698
24.85 6.0702
24.86 6.0709
24.87 6.0718
24.88 6.073
24.89 6.0745
24.9 6.0762
24.91 6.0783
24.92 6.0806
24.93 6.083
24.94 6.0855
24.95 6.0881
24.96 6.0906
24.97 6.093
24.98 6.0953
24.99 6.0975
25 6.0995
25.01 6.1014
25.02 6.1033
25.03 6.1051
25.04 6.1069
25.05 6.1088
25.06 6.1107
25.07 6.1128
25.08 6.1149
25.09 6.1171
25.1 6.1195
25.11 6.1219
25.12 6.1244
25.13 6.1269
25.14 6.1294
25.15 6.132
25.16 6.1346
25.17 6.1372
25.18 6.14
25.19 6.1429
25.2 6.146
25.21 6.1492
25.22 6.1525
25.23 6.1559
25.24 6.1593
25.25 6.1626
25.26 6.1659
25.27 6.169
25.28 6.1718
25.29 6.1745
25.3 6.1769
25.31 6.179
25.32 6.1809
25.33 6.1826
25.34 6.1841
25.35 6.1853
25.36 6.1864
25.37 6.1872
25.38 6.1879
25.39 6.1884
25.4 6.1887
25.41 6.1889
25.42 6.189
25.43 6.1889
25.44 6.1887
25.45 6.1884
25.46 6.1879
25.47 6.1874
25.48 6.1868
25.49 6.1861
25.5 6.1854
25.51 6.1846
25.52 6.1838
25.53 6.1831
25.54 6.1825
25.55 6.1819
25.56 6.1813
25.57 6.1807
25.58 6.1802
25.59 6.1796
25.6 6.1789
25.61 6.1782
25.62 6.1773
25.63 6.1764
25.64 6.1754
25.65 6.1743
25.66 6.1732
25.67 6.1722
25.68 6.1712
25.69 6.1703
25.7 6.1694
25.71 6.1687
25.72 6.168
25.73 6.1674
25.74 6.1669
25.75 6.1665
25.76 6.1662
25.77 6.166
25.78 6.1659
25.79 6.166
25.8 6.1662
25.81 6.1667
25.82 6.1675
25.83 6.1685
25.84 6.1697
25.85 6.1712
25.86 6.173
25.87 6.1749
25.88 6.1771
25.89 6.1794
25.9 6.1819
25.91 6.1845
25.92 6.1872
25.93 6.19
25.94 6.1929
25.95 6.1958
25.96 6.1988
25.97 6.2019
25.98 6.2049
25.99 6.208
26 6.211
26.01 6.2139
26.02 6.2168
26.03 6.2195
26.04 6.2219
26.05 6.2241
26.06 6.226
26.07 6.2275
26.08 6.2286
26.09 6.2293
26.1 6.2296
26.11 6.2295
26.12 6.229
26.13 6.2281
26.14 6.2269
26.15 6.2254
26.16 6.2236
26.17 6.2216
26.18 6.2194
26.19 6.2171
26.2 6.2146
26.21 6.2121
26.22 6.2096
26.23 6.2071
26.24 6.2045
26.25 6.202
26.26 6.1995
26.27 6.1969
26.28 6.1944
26.29 6.1918
26.3 6.1892
26.31 6.1865
26.32 6.1839
26.33 6.1812
26.34 6.1787
26.35 6.1762
26.36 6.1739
26.37 6.1717
26.38 6.1697
26.39 6.1679
26.4 6.1663
26.41 6.1647
26.42 6.1633
26.43 6.1618
26.44 6.1603
26.45 6.1587
26.46 6.1571
26.47 6.1553
26.48 6.1533
26.49 6.1513
26.5 6.1493
26.51 6.1472
26.52 6.1451
26.53 6.143
26.54 6.1411
26.55 6.1392
26.56 6.1374
26.57 6.1357
26.58 6.1342
26.59 6.1327
26.6 6.1312
26.61 6.1299
26.62 6.1285
26.63 6.1271
26.64 6.1258
26.65 6.1245
26.66 6.1232
26.67 6.122
26.68 6.1208
26.69 6.1198
26.7 6.119
26.71 6.1183
26.72 6.1178
26.73 6.1176
26.74 6.1176
26.75 6.1179
26.76 6.1185
26.77 6.1194
26.78 6.1206
26.79 6.122
26.8 6.1236
26.81 6.1255
26.82 6.1275
26.83 6.1297
26.84 6.1321
26.85 6.1346
26.86 6.1372
26.87 6.1399
26.88 6.1427
26.89 6.1455
26.9 6.1484
26.91 6.1513
26.92 6.1542
26.93 6.157
26.94 6.1597
26.95 6.1623
26.96 6.1648
26.97 6.1672
26.98 6.1696
26.99 6.1718
27 6.1739
27.01 6.176
27.02 6.1779
27.03 6.1796
27.04 6.1811
27.05 6.1823
27.06 6.1831
27.07 6.1835
27.08 6.1836
27.09 6.1834
27.1 6.1831
27.11 6.1828
27.12 6.1828
27.13 6.1831
27.14 6.1839
27.15 6.1851
27.16 6.1867
27.17 6.1888
27.18 6.1911
27.19 6.1938
27.2 6.1965
27.21 6.1995
27.22 6.2025
27.23 6.2055
27.24 6.2085
27.25 6.2115
27.26 6.2143
27.27 6.2169
27.28 6.2193
27.29 6.2213
27.3 6.2229
27.31 6.2241
27.32 6.2248
27.33 6.2252
27.34 6.2252
27.35 6.225
27.36 6.2246
27.37 6.2241
27.38 6.2235
27.39 6.223
27.4 6.2225
27.41 6.2222
27.42 6.222
27.43 6.222
27.44 6.2221
27.45 6.2225
27.46 6.223
27.47 6.2236
27.48 6.2243
27.49 6.225
27.5 6.2256
27.51 6.2261
27.52 6.2263
27.53 6.2263
27.54 6.2259
27.55 6.2252
27.56 6.2242
27.57 6.2229
27.58 6.2214
27.59 6.2198
27.6 6.2182
27.61 6.2166
27.62 6.215
27.63 6.2134
27.64 6.2119
27.65 6.2105
27.66 6.2092
27.67 6.2079
27.68 6.2067
27.69 6.2055
27.7 6.2044
27.71 6.2032
27.72 6.202
27.73 6.2006
27.74 6.1991
27.75 6.1972
27.76 6.1949
27.77 6.1923
27.78 6.1893
27.79 6.1859
27.8 6.1823
27.81 6.1786
27.82 6.1749
27.83 6.1712
27.84 6.1676
27.85 6.1642
27.86 6.1609
27.87 6.1577
27.88 6.1546
27.89 6.1516
27.9 6.1486
27.91 6.1456
27.92 6.1427
27.93 6.1398
27.94 6.137
27.95 6.1343
27.96 6.1316
27.97 6.129
27.98 6.1265
27.99 6.1241
28 6.1218
28.01 6.1196
28.02 6.1175
28.03 6.1157
28.04 6.114
28.05 6.1127
28.06 6.1117
28.07 6.111
28.08 6.1108
28.09 6.1108
28.1 6.1112
28.11 6.1118
28.12 6.1126
28.13 6.1137
28.14 6.1148
28.15 6.1161
28.16 6.1175
28.17 6.119
28.18 6.1204
28.19 6.1219
28.2 6.1234
28.21 6.1248
28.22 6.1262
28.23 6.1276
28.24 6.129
28.25 6.1303
28.26 6.1316
28.27 6.1328
28.28 6.134
28.29 6.1352
28.3 6.1363
28.31 6.1373
28.32 6.1383
28.33 6.1394
28.34 6.1404
28.35 6.1416
28.36 6.1428
28.37 6.1441
28.38 6.1455
28.39 6.147
28.4 6.1485
28.41 6.1501
28.42 6.1517
28.43 6.1532
28.44 6.1546
28.45 6.156
28.46 6.1571
28.47 6.1582
28.48 6.1591
28.49 6.1598
28.5 6.1605
28.51 6.1609
28.52 6.1613
28.53 6.1616
28.54 6.1618
28.55 6.1619
28.56 6.162
28.57 6.1621
28.58 6.1621
28.59 6.1622
28.6 6.1622
28.61 6.1621
28.62 6.1621
28.63 6.1619
28.64 6.1617
28.65 6.1614
28.66 6.1611
28.67 6.1606
28.68 6.1601
28.69 6.1596
28.7 6.1589
28.71 6.1583
28.72 6.1577
28.73 6.1571
28.74 6.1565
28.75 6.1561
28.76 6.1557
28.77 6.1555
28.78 6.1554
28.79 6.1554
28.8 6.1556
28.81 6.156
28.82 6.1565
28.83 6.1572
28.84 6.158
28.85 6.1589
28.86 6.16
28.87 6.1612
28.88 6.1625
28.89 6.1638
28.9 6.1653
28.91 6.1668
28.92 6.1684
28.93 6.1699
28.94 6.1715
28.95 6.1731
28.96 6.1745
28.97 6.1759
28.98 6.1772
28.99 6.1784
29 6.1794
29.01 6.1804
29.02 6.1812
29.03 6.1818
29.04 6.1824
29.05 6.1828
29.06 6.1832
29.07 6.1834
29.08 6.1835
29.09 6.1836
29.1 6.1836
29.11 6.1835
29.12 6.1834
29.13 6.1834
29.14 6.1833
29.15 6.1832
29.16 6.1831
29.17 6.183
29.18 6.1828
29.19 6.1826
29.2 6.1822
29.21 6.1818
29.22 6.1813
29.23 6.1807
29.24 6.1801
29.25 6.1795
29.26 6.1789
29.27 6.1783
29.28 6.1777
29.29 6.1771
29.3 6.1766
29.31 6.176
29.32 6.1755
29.33 6.1749
29.34 6.1743
29.35 6.1736
29.36 6.1729
29.37 6.1722
29.38 6.1715
29.39 6.1707
29.4 6.1699
29.41 6.1689
29.42 6.168
29.43 6.1669
29.44 6.1658
29.45 6.1646
29.46 6.1633
29.47 6.1619
29.48 6.1604
29.49 6.1588
29.5 6.1571
29.51 6.1554
29.52 6.1536
29.53 6.1519
29.54 6.1503
29.55 6.1487
29.56 6.1472
29.57 6.1457
29.58 6.1444
29.59 6.143
29.6 6.1416
29.61 6.1403
29.62 6.1388
29.63 6.1374
29.64 6.1359
29.65 6.1343
29.66 6.1327
29.67 6.131
29.68 6.1293
29.69 6.1276
29.7 6.1258
29.71 6.1241
29.72 6.1225
29.73 6.1209
29.74 6.1195
29.75 6.1182
29.76 6.117
29.77 6.1159
29.78 6.115
29.79 6.1142
29.8 6.1135
29.81 6.113
29.82 6.1125
29.83 6.1121
29.84 6.1118
29.85 6.1116
29.86 6.1115
29.87 6.1115
29.88 6.1115
29.89 6.1117
29.9 6.112
29.91 6.1124
29.92 6.1129
29.93 6.1134
29.94 6.1141
29.95 6.1148
29.96 6.1155
29.97 6.1163
29.98 6.117
29.99 6.1178
30 6.1185
30.01 6.1192
30.02 6.1198
30.03 6.1203
30.04 6.1207
30.05 6.121
30.06 6.1212
30.07 6.1212
30.08 6.1212
30.09 6.121
30.1 6.1207
30.11 6.1204
30.12 6.1201
30.13 6.1197
30.14 6.1194
30.15 6.119
30.16 6.1187
30.17 6.1185
30.18 6.1183
30.19 6.1181
30.2 6.118
30.21 6.1179
30.22 6.1178
30.23 6.1177
30.24 6.1176
30.25 6.1176
30.26 6.1176
30.27 6.1176
30.28 6.1176
30.29 6.1177
30.3 6.1178
30.31 6.1179
30.32 6.1181
30.33 6.1183
30.34 6.1185
30.35 6.1186
30.36 6.1188
30.37 6.119
30.38 6.1191
30.39 6.1192
30.4 6.1193
30.41 6.1194
30.42 6.1195
30.43 6.1195
30.44 6.1195
30.45 6.1195
30.46 6.1194
30.47 6.1194
30.48 6.1193
30.49 6.1192
30.5 6.1192
30.51 6.1191
30.52 6.119
30.53 6.119
30.54 6.1189
30.55 6.1189
30.56 6.1189
30.57 6.119
30.58 6.119
30.59 6.1191
30.6 6.1192
30.61 6.1194
30.62 6.1195
30.63 6.1196
30.64 6.1198
30.65 6.1199
30.66 6.12
30.67 6.1201
30.68 6.1202
30.69 6.1203
30.7 6.1203
30.71 6.1203
30.72 6.1203
30.73 6.1203
30.74 6.1203
30.75 6.1202
30.76 6.1201
30.77 6.12
30.78 6.1199
30.79 6.1197
30.8 6.1196
30.81 6.1194
30.82 6.1193
30.83 6.1191
30.84 6.119
30.85 6.1188
30.86 6.1186
30.87 6.1185
30.88 6.1183
30.89 6.1181
30.9 6.1179
30.91 6.1177
30.92 6.1175
30.93 6.1172
30.94 6.117
30.95 6.1168
30.96 6.1165
30.97 6.1163
30.98 6.116
30.99 6.1158
31 6.1155
31.01 6.1152
31.02 6.115
31.03 6.1147
31.04 6.1143
31.05 6.114
31.06 6.1136
31.07 6.1132
31.08 6.1127
31.09 6.1122
31.1 6.1117
31.11 6.1111
31.12 6.1104
31.13 6.1097
31.14 6.109
31.15 6.1082
31.16 6.1074
31.17 6.1065
31.18 6.1057
31.19 6.1048
31.2 6.104
31.21 6.1031
31.22 6.1023
31.23 6.1016
31.24 6.1008
31.25 6.1001
31.26 6.0995
31.27 6.0988
31.28 6.0982
31.29 6.0977
31.3 6.0972
31.31 6.0967
31.32 6.0962
31.33 6.0958
31.34 6.0953
31.35 6.0949
31.36 6.0944
31.37 6.094
31.38 6.0935
31.39 6.093
31.4 6.0924
31.41 6.0919
31.42 6.0914
31.43 6.0908
31.44 6.0903
31.45 6.0899
31.46 6.0894
31.47 6.089
31.48 6.0886
31.49 6.0882
31.5 6.0878
31.51 6.0874
31.52 6.0871
31.53 6.0867
31.54 6.0864
31.55 6.0861
31.56 6.0858
31.57 6.0855
31.58 6.0852
31.59 6.0849
31.6 6.0846
31.61 6.0844
31.62 6.0841
31.63 6.0838
31.64 6.0836
31.65 6.0833
31.66 6.0831
31.67 6.0828
31.68 6.0826
31.69 6.0824
31.7 6.0822
31.71 6.082
31.72 6.0818
31.73 6.0817
31.74 6.0816
31.75 6.0815
31.76 6.0814
31.77 6.0814
31.78 6.0814
31.79 6.0814
31.8 6.0815
31.81 6.0816
31.82 6.0817
31.83 6.0818
31.84 6.0819
31.85 6.0821
31.86 6.0823
31.87 6.0825
31.88 6.0827
31.89 6.0829
31.9 6.0831
31.91 6.0833
31.92 6.0835
31.93 6.0837
31.94 6.0838
31.95 6.084
31.96 6.0841
31.97 6.0842
31.98 6.0843
31.99 6.0844
32 6.0845
32.01 6.0846
32.02 6.0847
32.03 6.0848
32.04 6.0849
32.05 6.085
32.06 6.0852
32.07 6.0853
32.08 6.0855
32.09 6.0856
32.1 6.0858
32.11 6.0859
32.12 6.0861
32.13 6.0863
32.14 6.0865
32.15 6.0867
32.16 6.0869
32.17 6.0871
32.18 6.0873
32.19 6.0875
32.2 6.0877
32.21 6.0879
32.22 6.088
32.23 6.0882
32.24 6.0883
32.25 6.0884
32.26 6.0886
32.27 6.0887
32.28 6.0888
32.29 6.0888
32.3 6.0889
32.31 6.089
32.32 6.0891
32.33 6.0893
32.34 6.0894
32.35 6.0896
32.36 6.0897
32.37 6.0899
32.38 6.0901
32.39 6.0902
32.4 6.0904
32.41 6.0906
32.42 6.0907
32.43 6.0908
32.44 6.0909
32.45 6.091
32.46 6.0911
32.47 6.0911
32.48 6.0911
32.49 6.0912
32.5 6.0912
32.51 6.0911
32.52 6.0911
32.53 6.0911
32.54 6.091
32.55 6.091
32.56 6.0909
32.57 6.0908
32.58 6.0908
32.59 6.0907
32.6 6.0906
32.61 6.0905
32.62 6.0905
32.63 6.0905
32.64 6.0904
32.65 6.0905
32.66 6.0905
32.67 6.0905
32.68 6.0906
32.69 6.0907
32.7 6.0908
32.71 6.0909
32.72 6.0911
32.73 6.0912
32.74 6.0913
32.75 6.0915
32.76 6.0917
32.77 6.0918
32.78 6.0919
32.79 6.0921
32.8 6.0922
32.81 6.0923
32.82 6.0924
32.83 6.0924
32.84 6.0924
32.85 6.0924
32.86 6.0924
32.87 6.0923
32.88 6.0922
32.89 6.0921
32.9 6.092
32.91 6.0918
32.92 6.0916
32.93 6.0915
32.94 6.0913
32.95 6.0911
32.96 6.091
32.97 6.0909
32.98 6.0907
32.99 6.0906
33 6.0906
33.01 6.0905
33.02 6.0905
33.03 6.0905
33.04 6.0904
33.05 6.0904
33.06 6.0904
33.07 6.0904
33.08 6.0903
33.09 6.0902
33.1 6.0901
33.11 6.0899
33.12 6.0898
33.13 6.0896
33.14 6.0894
33.15 6.0891
33.16 6.0889
33.17 6.0886
33.18 6.0884
33.19 6.0881
33.2 6.0878
33.21 6.0876
33.22 6.0873
33.23 6.0871
33.24 6.0869
33.25 6.0866
33.26 6.0864
33.27 6.0861
33.28 6.0859
33.29 6.0856
33.3 6.0853
33.31 6.085
33.32 6.0847
33.33 6.0844
33.34 6.0841
33.35 6.0838
33.36 6.0835
33.37 6.0832
33.38 6.0829
33.39 6.0827
33.4 6.0825
33.41 6.0822
33.42 6.082
33.43 6.0819
33.44 6.0817
33.45 6.0816
33.46 6.0815
33.47 6.0814
33.48 6.0814
33.49 6.0813
33.5 6.0813
33.51 6.0812
33.52 6.0812
33.53 6.0811
33.54 6.081
33.55 6.0809
33.56 6.0809
33.57 6.0807
33.58 6.0806
33.59 6.0805
33.6 6.0804
33.61 6.0803
33.62 6.0801
33.63 6.08
33.64 6.0799
33.65 6.0798
33.66 6.0797
33.67 6.0797
33.68 6.0796
33.69 6.0795
33.7 6.0794
33.71 6.0794
33.72 6.0793
33.73 6.0793
33.74 6.0793
33.75 6.0792
33.76 6.0792
33.77 6.0791
33.78 6.0791
33.79 6.079
33.8 6.079
33.81 6.0789
33.82 6.0788
33.83 6.0788
33.84 6.0787
33.85 6.0786
33.86 6.0785
33.87 6.0784
33.88 6.0782
33.89 6.0781
33.9 6.078
33.91 6.0779
33.92 6.0779
33.93 6.0778
33.94 6.0777
33.95 6.0777
33.96 6.0777
33.97 6.0776
33.98 6.0776
33.99 6.0777
34 6.0777
34.01 6.0777
34.02 6.0778
34.03 6.0779
34.04 6.078
34.05 6.078
34.06 6.0781
34.07 6.0783
34.08 6.0784
34.09 6.0785
34.1 6.0786
34.11 6.0788
34.12 6.079
34.13 6.0791
34.14 6.0793
34.15 6.0795
34.16 6.0797
34.17 6.0799
34.18 6.0801
34.19 6.0802
34.2 6.0804
34.21 6.0805
34.22 6.0806
34.23 6.0807
34.24 6.0808
34.25 6.0808
34.26 6.0809
34.27 6.0809
34.28 6.0809
34.29 6.081
34.3 6.0809
34.31 6.0809
34.32 6.0808
34.33 6.0807
34.34 6.0806
34.35 6.0805
34.36 6.0804
34.37 6.0802
34.38 6.0801
34.39 6.0799
34.4 6.0798
34.41 6.0796
34.42 6.0794
34.43 6.0793
34.44 6.0791
34.45 6.0789
34.46 6.0788
34.47 6.0786
34.48 6.0785
34.49 6.0783
34.5 6.0782
34.51 6.078
34.52 6.0779
34.53 6.0778
34.54 6.0776
34.55 6.0775
34.56 6.0774
34.57 6.0773
34.58 6.0772
34.59 6.077
34.6 6.0769
34.61 6.0768
34.62 6.0767
34.63 6.0766
34.64 6.0765
34.65 6.0764
34.66 6.0763
34.67 6.0762
34.68 6.0762
34.69 6.0761
34.7 6.0761
34.71 6.076
34.72 6.076
34.73 6.076
34.74 6.076
34.75 6.0761
34.76 6.0761
34.77 6.0763
34.78 6.0764
34.79 6.0766
34.8 6.0768
34.81 6.0771
34.82 6.0773
34.83 6.0776
34.84 6.0778
34.85 6.0781
34.86 6.0783
34.87 6.0785
34.88 6.0787
34.89 6.0788
34.9 6.079
34.91 6.079
34.92 6.0791
34.93 6.0792
34.94 6.0792
34.95 6.0792
34.96 6.0792
34.97 6.0791
34.98 6.079
34.99 6.0789
35 6.0788
35.01 6.0786
35.02 6.0784
35.03 6.0782
35.04 6.078
35.05 6.0777
35.06 6.0774
35.07 6.0771
35.08 6.0768
35.09 6.0764
35.1 6.0761
35.11 6.0758
35.12 6.0755
35.13 6.0751
35.14 6.0748
35.15 6.0745
35.16 6.0742
35.17 6.0739
35.18 6.0736
35.19 6.0733
35.2 6.073
35.21 6.0728
35.22 6.0725
35.23 6.0723
35.24 6.0721
35.25 6.0719
35.26 6.0718
35.27 6.0717
35.28 6.0716
35.29 6.0715
35.3 6.0715
35.31 6.0715
35.32 6.0715
35.33 6.0715
35.34 6.0715
35.35 6.0715
35.36 6.0715
35.37 6.0715
35.38 6.0715
35.39 6.0715
35.4 6.0715
35.41 6.0715
35.42 6.0715
35.43 6.0715
35.44 6.0714
35.45 6.0714
35.46 6.0714
35.47 6.0714
35.48 6.0714
35.49 6.0714
35.5 6.0714
35.51 6.0714
35.52 6.0714
35.53 6.0714
35.54 6.0714
35.55 6.0714
35.56 6.0714
35.57 6.0714
35.58 6.0714
35.59 6.0714
35.6 6.0714
35.61 6.0714
35.62 6.0714
35.63 6.0714
35.64 6.0714
35.65 6.0714
35.66 6.0715
35.67 6.0716
35.68 6.0718
35.69 6.072
35.7 6.0722
35.71 6.0725
35.72 6.0727
35.73 6.073
35.74 6.0733
35.75 6.0736
35.76 6.0738
35.77 6.0741
35.78 6.0744
35.79 6.0746
35.8 6.0748
35.81 6.075
35.82 6.0752
35.83 6.0754
35.84 6.0755
35.85 6.0756
35.86 6.0757
35.87 6.0758
35.88 6.0759
35.89 6.0761
35.9 6.0762
35.91 6.0763
35.92 6.0764
35.93 6.0765
35.94 6.0767
35.95 6.0768
35.96 6.0769
35.97 6.077
35.98 6.0772
35.99 6.0772
36 6.0773
36.01 6.0774
36.02 6.0775
36.03 6.0776
36.04 6.0777
36.05 6.0778
36.06 6.0779
36.07 6.078
36.08 6.0781
36.09 6.0782
36.1 6.0782
36.11 6.0783
36.12 6.0784
36.13 6.0784
36.14 6.0784
36.15 6.0784
36.16 6.0784
36.17 6.0784
36.18 6.0784
