0 -2.5505
0.01 -2.5509
0.02 -2.5512
0.03 -2.5514
0.04 -2.5513
0.05 -2.5511
0.06 -2.5506
0.07 -2.5499
0.08 -2.549
0.09 -2.5478
0.1 -2.5466
0.11 -2.5452
0.12 -2.5437
0.13 -2.5422
0.14 -2.5405
0.15 -2.5388
0.16 -2.537
0.17 -2.5351
0.18 -2.5332
0.19 -2.5313
0.2 -2.5294
0.21 -2.5275
0.22 -2.5256
0.23 -2.5238
0.24 -2.522
0.25 -2.5202
0.26 -2.5184
0.27 -2.5166
0.28 -2.5147
0.29 -2.5127
0.3 -2.5107
0.31 -2.5086
0.32 -2.5064
0.33 -2.5042
0.34 -2.5021
0.35 -2.5
0.36 -2.498
0.37 -2.4961
0.38 -2.4944
0.39 -2.4927
0.4 -2.4912
0.41 -2.4899
0.42 -2.4886
0.43 -2.4874
0.44 -2.4862
0.45 -2.4851
0.46 -2.484
0.47 -2.4829
0.48 -2.4818
0.49 -2.4806
0.5 -2.4793
0.51 -2.4779
0.52 -2.4764
0.53 -2.4747
0.54 -2.4729
0.55 -2.4709
0.56 -2.4688
0.57 -2.4664
0.58 -2.464
0.59 -2.4614
0.6 -2.4587
0.61 -2.456
0.62 -2.4532
0.63 -2.4506
0.64 -2.4481
0.65 -2.4457
0.66 -2.4436
0.67 -2.4417
0.68 -2.4401
0.69 -2.4387
0.7 -2.4376
0.71 -2.4368
0.72 -2.4362
0.73 -2.436
0.74 -2.4359
0.75 -2.4362
0.76 -2.4366
0.77 -2.4372
0.78 -2.4379
0.79 -2.4387
0.8 -2.4395
0.81 -2.4403
0.82 -2.4411
0.83 -2.4418
0.84 -2.4425
0.85 -2.4432
0.86 -2.4439
0.87 -2.4445
0.88 -2.4451
0.89 -2.4458
0.9 -2.4464
0.91 -2.447
0.92 -2.4476
0.93 -2.4482
0.94 -2.4489
0.95 -2.4495
0.96 -2.4503
0.97 -2.4511
0.98 -2.452
0.99 -2.453
1 -2.454
1.01 -2.4549
1.02 -2.4557
1.03 -2.4562
1.04 -2.4563
1.05 -2.4559
1.06 -2.4551
1.07 -2.4539
1.08 -2.4524
1.09 -2.4508
1.1 -2.449
1.11 -2.4473
1.12 -2.4456
1.13 -2.444
1.14 -2.4425
1.15 -2.4411
1.16 -2.4396
1.17 -2.4382
1.18 -2.4366
1.19 -2.4349
1.2 -2.433
1.21 -2.4308
1.22 -2.4285
1.23 -2.4259
1.24 -2.4232
1.25 -2.4205
1.26 -2.4176
1.27 -2.4148
1.28 -2.4119
1.29 -2.4092
1.3 -2.4065
1.31 -2.4039
1.32 -2.4013
1.33 -2.3987
1.34 -2.396
1.35 -2.3933
1.36 -2.3904
1.37 -2.3873
1.38 -2.3841
1.39 -2.3807
1.4 -2.3771
1.41 -2.3733
1.42 -2.3693
1.43 -2.3652
1.44 -2.3609
1.45 -2.3565
1.46 -2.3519
1.47 -2.3472
1.48 -2.3425
1.49 -2.3376
1.5 -2.3327
1.51 -2.3278
1.52 -2.3229
1.53 -2.3179
1.54 -2.3129
1.55 -2.308
1.56 -2.303
1.57 -2.298
1.58 -2.293
1.59 -2.288
1.6 -2.2828
1.61 -2.2777
1.62 -2.2725
1.63 -2.2675
1.64 -2.2627
1.65 -2.2582
1.66 -2.2541
1.67 -2.2505
1.68 -2.2474
1.69 -2.2446
1.7 -2.2422
1.71 -2.2402
1.72 -2.2384
1.73 -2.237
1.74 -2.2358
1.75 -2.2351
1.76 -2.2346
1.77 -2.2346
1.78 -2.2349
1.79 -2.2356
1.8 -2.2366
1.81 -2.2378
1.82 -2.2393
1.83 -2.241
1.84 -2.2429
1.85 -2.2448
1.86 -2.2468
1.87 -2.249
1.88 -2.2514
1.89 -2.2541
1.9 -2.257
1.91 -2.2603
1.92 -2.2639
1.93 -2.2678
1.94 -2.2719
1.95 -2.2762
1.96 -2.2807
1.97 -2.2852
1.98 -2.2896
1.99 -2.294
2 -2.2983
2.01 -2.3024
2.02 -2.3063
2.03 -2.31
2.04 -2.3135
2.05 -2.3169
2.06 -2.3202
2.07 -2.3233
2.08 -2.3264
2.09 -2.3293
2.1 -2.332
2.11 -2.3346
2.12 -2.3371
2.13 -2.3394
2.14 -2.3416
2.15 -2.3437
2.16 -2.3457
2.17 -2.3479
2.18 -2.3501
2.19 -2.3526
2.2 -2.3554
2.21 -2.3586
2.22 -2.3621
2.23 -2.3659
2.24 -2.3701
2.25 -2.3745
2.26 -2.3792
2.27 -2.3841
2.28 -2.3892
2.29 -2.3944
2.3 -2.3998
2.31 -2.4053
2.32 -2.4109
2.33 -2.4167
2.34 -2.4226
2.35 -2.4287
2.36 -2.4349
2.37 -2.4413
2.38 -2.4479
2.39 -2.4545
2.4 -2.4613
2.41 -2.4683
2.42 -2.4754
2.43 -2.4828
2.44 -2.4903
2.45 -2.4982
2.46 -2.5063
2.47 -2.5148
2.48 -2.5236
2.49 -2.5328
2.5 -2.5424
2.51 -2.5522
2.52 -2.5622
2.53 -2.5722
2.54 -2.5823
2.55 -2.5923
2.56 -2.6022
2.57 -2.612
2.58 -2.6218
2.59 -2.6316
2.6 -2.6414
2.61 -2.6512
2.62 -2.6611
2.63 -2.671
2.64 -2.6809
2.65 -2.6907
2.66 -2.7004
2.67 -2.7097
2.68 -2.7185
2.69 -2.7266
2.7 -2.7338
2.71 -2.7402
2.72 -2.7455
2.73 -2.7499
2.74 -2.7535
2.75 -2.7564
2.76 -2.7589
2.77 -2.7609
2.78 -2.7628
2.79 -2.7644
2.8 -2.766
2.81 -2.7675
2.82 -2.7688
2.83 -2.77
2.84 -2.7711
2.85 -2.7721
2.86 -2.7728
2.87 -2.7734
2.88 -2.7739
2.89 -2.7741
2.9 -2.7742
2.91 -2.7741
2.92 -2.7739
2.93 -2.7736
2.94 -2.7732
2.95 -2.7726
2.96 -2.7719
2.97 -2.7709
2.98 -2.7697
2.99 -2.7682
3 -2.7665
3.01 -2.7645
3.02 -2.7624
3.03 -2.7602
3.04 -2.7579
3.05 -2.7555
3.06 -2.7531
3.07 -2.7505
3.08 -2.7476
3.09 -2.7445
3.1 -2.7411
3.11 -2.7372
3.12 -2.733
3.13 -2.7282
3.14 -2.723
3.15 -2.7173
3.16 -2.7113
3.17 -2.7048
3.18 -2.6982
3.19 -2.6915
3.2 -2.6847
3.21 -2.678
3.22 -2.6713
3.23 -2.6646
3.24 -2.6581
3.25 -2.6517
3.26 -2.6454
3.27 -2.6394
3.28 -2.6337
3.29 -2.6282
3.3 -2.6231
3.31 -2.6183
3.32 -2.6135
3.33 -2.6089
3.34 -2.6041
3.35 -2.5993
3.36 -2.5944
3.37 -2.5892
3.38 -2.5839
3.39 -2.5785
3.4 -2.5729
3.41 -2.5673
3.42 -2.5616
3.43 -2.556
3.44 -2.5505
3.45 -2.5452
3.46 -2.5402
3.47 -2.5354
3.48 -2.5309
3.49 -2.5268
3.5 -2.5229
3.51 -2.5193
3.52 -2.516
3.53 -2.5128
3.54 -2.5097
3.55 -2.5067
3.56 -2.5039
3.57 -2.5013
3.58 -2.4988
3.59 -2.4966
3.6 -2.4948
3.61 -2.4932
3.62 -2.492
3.63 -2.4911
3.64 -2.4905
3.65 -2.4904
3.66 -2.4905
3.67 -2.491
3.68 -2.4917
3.69 -2.4927
3.7 -2.4937
3.71 -2.4947
3.72 -2.4956
3.73 -2.4962
3.74 -2.4965
3.75 -2.4964
3.76 -2.496
3.77 -2.4952
3.78 -2.4942
3.79 -2.493
3.8 -2.4918
3.81 -2.4907
3.82 -2.4898
3.83 -2.4894
3.84 -2.4896
3.85 -2.4902
3.86 -2.4914
3.87 -2.4931
3.88 -2.4953
3.89 -2.4978
3.9 -2.5005
3.91 -2.5034
3.92 -2.5064
3.93 -2.5093
3.94 -2.5122
3.95 -2.515
3.96 -2.5177
3.97 -2.5202
3.98 -2.5225
3.99 -2.5247
4 -2.5266
4.01 -2.5284
4.02 -2.53
4.03 -2.5313
4.04 -2.5325
4.05 -2.5335
4.06 -2.5344
4.07 -2.5351
4.08 -2.5357
4.09 -2.5362
4.1 -2.5365
4.11 -2.5366
4.12 -2.5367
4.13 -2.5366
4.14 -2.5363
4.15 -2.5359
4.16 -2.5354
4.17 -2.5348
4.18 -2.5342
4.19 -2.5336
4.2 -2.533
4.21 -2.5326
4.22 -2.5324
4.23 -2.5323
4.24 -2.5325
4.25 -2.5329
4.26 -2.5336
4.27 -2.5346
4.28 -2.5357
4.29 -2.5371
4.3 -2.5385
4.31 -2.54
4.32 -2.5415
4.33 -2.5431
4.34 -2.5446
4.35 -2.5461
4.36 -2.5474
4.37 -2.5486
4.38 -2.5496
4.39 -2.5504
4.4 -2.551
4.41 -2.5514
4.42 -2.5515
4.43 -2.5515
4.44 -2.5512
4.45 -2.5507
4.46 -2.5498
4.47 -2.5487
4.48 -2.5474
4.49 -2.5458
4.5 -2.5441
4.51 -2.5421
4.52 -2.5401
4.53 -2.5379
4.54 -2.5356
4.55 -2.5334
4.56 -2.531
4.57 -2.5287
4.58 -2.5264
4.59 -2.5241
4.6 -2.5218
4.61 -2.5196
4.62 -2.5173
4.63 -2.5152
4.64 -2.5131
4.65 -2.5111
4.66 -2.5092
4.67 -2.5076
4.68 -2.506
4.69 -2.5046
4.7 -2.5032
4.71 -2.502
4.72 -2.5007
4.73 -2.4995
4.74 -2.4982
4.75 -2.4968
4.76 -2.4954
4.77 -2.4938
4.78 -2.4921
4.79 -2.4902
4.8 -2.4881
4.81 -2.4859
4.82 -2.4835
4.83 -2.481
4.84 -2.4785
4.85 -2.476
4.86 -2.4735
4.87 -2.4712
4.88 -2.469
4.89 -2.4671
4.9 -2.4654
4.91 -2.464
4.92 -2.4629
4.93 -2.4621
4.94 -2.4616
4.95 -2.4612
4.96 -2.4609
4.97 -2.4607
4.98 -2.4605
4.99 -2.4603
5 -2.4601
5.01 -2.4598
5.02 -2.4594
5.03 -2.4588
5.04 -2.4582
5.05 -2.4576
5.06 -2.4569
5.07 -2.4563
5.08 -2.4557
5.09 -2.4553
5.1 -2.4549
5.11 -2.4547
5.12 -2.4545
5.13 -2.4544
5.14 -2.4544
5.15 -2.4544
5.16 -2.4544
5.17 -2.4543
5.18 -2.454
5.19 -2.4535
5.2 -2.4529
5.21 -2.4521
5.22 -2.4512
5.23 -2.4502
5.24 -2.4492
5.25 -2.4482
5.26 -2.4472
5.27 -2.4464
5.28 -2.4457
5.29 -2.4452
5.3 -2.4449
5.31 -2.4446
5.32 -2.4444
5.33 -2.4442
5.34 -2.444
5.35 -2.4436
5.36 -2.4431
5.37 -2.4426
5.38 -2.4419
5.39 -2.4411
5.4 -2.4404
5.41 -2.4396
5.42 -2.4389
5.43 -2.4381
5.44 -2.4373
5.45 -2.4365
5.46 -2.4354
5.47 -2.4342
5.48 -2.4327
5.49 -2.431
5.5 -2.4291
5.51 -2.4271
5.52 -2.425
5.53 -2.423
5.54 -2.421
5.55 -2.4193
5.56 -2.4178
5.57 -2.4166
5.58 -2.4156
5.59 -2.415
5.6 -2.4145
5.61 -2.4141
5.62 -2.4137
5.63 -2.4133
5.64 -2.4128
5.65 -2.4122
5.66 -2.4115
5.67 -2.4109
5.68 -2.4102
5.69 -2.4097
5.7 -2.4093
5.71 -2.4092
5.72 -2.4093
5.73 -2.4096
5.74 -2.4102
5.75 -2.4109
5.76 -2.4118
5.77 -2.4128
5.78 -2.4138
5.79 -2.415
5.8 -2.4163
5.81 -2.4176
5.82 -2.4192
5.83 -2.4208
5.84 -2.4227
5.85 -2.4247
5.86 -2.4269
5.87 -2.4292
5.88 -2.4317
5.89 -2.4343
5.9 -2.4369
5.91 -2.4397
5.92 -2.4425
5.93 -2.4453
5.94 -2.4482
5.95 -2.4511
5.96 -2.454
5.97 -2.4571
5.98 -2.4602
5.99 -2.4635
6 -2.4669
6.01 -2.4706
6.02 -2.4744
6.03 -2.4783
6.04 -2.4824
6.05 -2.4867
6.06 -2.4909
6.07 -2.4952
6.08 -2.4995
6.09 -2.5036
6.1 -2.5077
6.11 -2.5116
6.12 -2.5154
6.13 -2.5191
6.14 -2.5227
6.15 -2.5263
6.16 -2.5299
6.17 -2.5335
6.18 -2.5373
6.19 -2.5412
6.2 -2.5451
6.21 -2.549
6.22 -2.5528
6.23 -2.5565
6.24 -2.5599
6.25 -2.5631
6.26 -2.5661
6.27 -2.5689
6.28 -2.5714
6.29 -2.5737
6.3 -2.5759
6.31 -2.5779
6.32 -2.5799
6.33 -2.5818
6.34 -2.5837
6.35 -2.5857
6.36 -2.5876
6.37 -2.5895
6.38 -2.5914
6.39 -2.5934
6.4 -2.5954
6.41 -2.5974
6.42 -2.5994
6.43 -2.6013
6.44 -2.6032
6.45 -2.6051
6.46 -2.6069
6.47 -2.6087
6.48 -2.6104
6.49 -2.6122
6.5 -2.614
6.51 -2.6158
6.52 -2.6176
6.53 -2.6193
6.54 -2.6208
6.55 -2.6222
6.56 -2.6232
6.57 -2.6241
6.58 -2.6246
6.59 -2.6248
6.6 -2.6247
6.61 -2.6244
6.62 -2.6239
6.63 -2.6232
6.64 -2.6223
6.65 -2.6214
6.66 -2.6205
6.67 -2.6196
6.68 -2.6188
6.69 -2.6181
6.7 -2.6177
6.71 -2.6174
6.72 -2.6173
6.73 -2.6173
6.74 -2.6175
6.75 -2.6178
6.76 -2.6181
6.77 -2.6184
6.78 -2.6187
6.79 -2.6191
6.8 -2.6196
6.81 -2.62
6.82 -2.6205
6.83 -2.6209
6.84 -2.6212
6.85 -2.6213
6.86 -2.6213
6.87 -2.6211
6.88 -2.6207
6.89 -2.6202
6.9 -2.6196
6.91 -2.6188
6.92 -2.618
6.93 -2.6169
6.94 -2.6158
6.95 -2.6146
6.96 -2.6132
6.97 -2.6116
6.98 -2.6097
6.99 -2.6075
7 -2.6048
7.01 -2.6016
7.02 -2.598
7.03 -2.5938
7.04 -2.5891
7.05 -2.584
7.06 -2.5785
7.07 -2.5727
7.08 -2.5668
7.09 -2.5608
7.1 -2.5547
7.11 -2.5487
7.12 -2.5428
7.13 -2.5371
7.14 -2.5316
7.15 -2.5264
7.16 -2.5215
7.17 -2.5168
7.18 -2.5123
7.19 -2.5079
7.2 -2.5036
7.21 -2.4992
7.22 -2.4948
7.23 -2.4901
7.24 -2.4852
7.25 -2.4802
7.26 -2.4751
7.27 -2.47
7.28 -2.4651
7.29 -2.4604
7.3 -2.4562
7.31 -2.4523
7.32 -2.449
7.33 -2.446
7.34 -2.4434
7.35 -2.4409
7.36 -2.4387
7.37 -2.4365
7.38 -2.4344
7.39 -2.4322
7.4 -2.43
7.41 -2.4276
7.42 -2.4251
7.43 -2.4224
7.44 -2.4195
7.45 -2.4165
7.46 -2.4133
7.47 -2.41
7.48 -2.4066
7.49 -2.4033
7.5 -2.4002
7.51 -2.3972
7.52 -2.3944
7.53 -2.3919
7.54 -2.3894
7.55 -2.3871
7.56 -2.3848
7.57 -2.3825
7.58 -2.3801
7.59 -2.3777
7.6 -2.3752
7.61 -2.3728
7.62 -2.3704
7.63 -2.368
7.64 -2.3657
7.65 -2.3635
7.66 -2.3614
7.67 -2.3594
7.68 -2.3576
7.69 -2.3558
7.7 -2.3542
7.71 -2.3528
7.72 -2.3514
7.73 -2.35
7.74 -2.3487
7.75 -2.3475
7.76 -2.3462
7.77 -2.3448
7.78 -2.3434
7.79 -2.3419
7.8 -2.3404
7.81 -2.3388
7.82 -2.3372
7.83 -2.3355
7.84 -2.3338
7.85 -2.3322
7.86 -2.3307
7.87 -2.3292
7.88 -2.3279
7.89 -2.3268
7.9 -2.3257
7.91 -2.3248
7.92 -2.3241
7.93 -2.3235
7.94 -2.323
7.95 -2.3225
7.96 -2.3222
7.97 -2.3219
7.98 -2.3217
7.99 -2.3215
8 -2.3214
8.01 -2.3213
8.02 -2.3212
8.03 -2.3211
8.04 -2.3211
8.05 -2.3211
8.06 -2.3212
8.07 -2.3214
8.08 -2.3216
8.09 -2.322
8.1 -2.3225
8.11 -2.323
8.12 -2.3237
8.13 -2.3243
8.14 -2.325
8.15 -2.3257
8.16 -2.3263
8.17 -2.3269
8.18 -2.3275
8.19 -2.3281
8.2 -2.3286
8.21 -2.3292
8.22 -2.3299
8.23 -2.3306
8.24 -2.3315
8.25 -2.3323
8.26 -2.3332
8.27 -2.3341
8.28 -2.335
8.29 -2.3357
8.3 -2.3364
8.31 -2.3369
8.32 -2.3373
8.33 -2.3375
8.34 -2.3377
8.35 -2.3377
8.36 -2.3377
8.37 -2.3377
8.38 -2.3377
8.39 -2.3378
8.4 -2.338
8.41 -2.3383
8.42 -2.3387
8.43 -2.3393
8.44 -2.3399
8.45 -2.3407
8.46 -2.3414
8.47 -2.3422
8.48 -2.343
8.49 -2.3437
8.5 -2.3444
8.51 -2.3451
8.52 -2.3457
8.53 -2.3462
8.54 -2.3467
8.55 -2.3472
8.56 -2.3475
8.57 -2.3477
8.58 -2.3479
8.59 -2.348
8.6 -2.348
8.61 -2.348
8.62 -2.3481
8.63 -2.3481
8.64 -2.3482
8.65 -2.3483
8.66 -2.3484
8.67 -2.3485
8.68 -2.3486
8.69 -2.3486
8.7 -2.3487
8.71 -2.3487
8.72 -2.3487
8.73 -2.3487
8.74 -2.3488
8.75 -2.3489
8.76 -2.349
8.77 -2.3491
8.78 -2.3492
8.79 -2.3494
8.8 -2.3495
8.81 -2.3496
8.82 -2.3497
8.83 -2.3498
8.84 -2.3498
8.85 -2.3499
8.86 -2.3499
8.87 -2.3499
8.88 -2.3498
8.89 -2.3497
8.9 -2.3494
8.91 -2.3491
8.92 -2.3486
8.93 -2.3479
8.94 -2.3469
8.95 -2.3457
8.96 -2.3441
8.97 -2.3422
8.98 -2.34
8.99 -2.3375
9 -2.3349
9.01 -2.3322
9.02 -2.3294
9.03 -2.3266
9.04 -2.3238
9.05 -2.321
9.06 -2.3181
9.07 -2.315
9.08 -2.3116
9.09 -2.3079
9.1 -2.3039
9.11 -2.2995
9.12 -2.2946
9.13 -2.2893
9.14 -2.2835
9.15 -2.2773
9.16 -2.2705
9.17 -2.2634
9.18 -2.2559
9.19 -2.2482
9.2 -2.2404
9.21 -2.2327
9.22 -2.2253
9.23 -2.2184
9.24 -2.2124
9.25 -2.2073
9.26 -2.2033
9.27 -2.2006
9.28 -2.1991
9.29 -2.1988
9.3 -2.1995
9.31 -2.2011
9.32 -2.2033
9.33 -2.2059
9.34 -2.2086
9.35 -2.2114
9.36 -2.2141
9.37 -2.2165
9.38 -2.2185
9.39 -2.2202
9.4 -2.2216
9.41 -2.2225
9.42 -2.2231
9.43 -2.2234
9.44 -2.2235
9.45 -2.2235
9.46 -2.2234
9.47 -2.2234
9.48 -2.2235
9.49 -2.2237
9.5 -2.2241
9.51 -2.2246
9.52 -2.2253
9.53 -2.2261
9.54 -2.2271
9.55 -2.2282
9.56 -2.2296
9.57 -2.2312
9.58 -2.2329
9.59 -2.2349
9.6 -2.237
9.61 -2.2392
9.62 -2.2414
9.63 -2.2437
9.64 -2.246
9.65 -2.2484
9.66 -2.2507
9.67 -2.253
9.68 -2.2553
9.69 -2.2576
9.7 -2.2598
9.71 -2.2622
9.72 -2.2646
9.73 -2.2672
9.74 -2.2698
9.75 -2.2725
9.76 -2.2752
9.77 -2.278
9.78 -2.2808
9.79 -2.2836
9.8 -2.2865
9.81 -2.2895
9.82 -2.2925
9.83 -2.2956
9.84 -2.2989
9.85 -2.3022
9.86 -2.3056
9.87 -2.3091
9.88 -2.3125
9.89 -2.3158
9.9 -2.319
9.91 -2.3222
9.92 -2.3253
9.93 -2.3284
9.94 -2.3316
9.95 -2.3347
9.96 -2.3379
9.97 -2.3411
9.98 -2.3443
9.99 -2.3474
10 -2.3504
10.01 -2.3531
10.02 -2.3557
10.03 -2.358
10.04 -2.36
10.05 -2.3618
10.06 -2.3634
10.07 -2.3649
10.08 -2.3663
10.09 -2.3677
10.1 -2.3692
10.11 -2.3707
10.12 -2.3722
10.13 -2.3738
10.14 -2.3754
10.15 -2.377
10.16 -2.3785
10.17 -2.3798
10.18 -2.3811
10.19 -2.3821
10.2 -2.383
10.21 -2.3836
10.22 -2.384
10.23 -2.3842
10.24 -2.384
10.25 -2.3837
10.26 -2.3832
10.27 -2.3824
10.28 -2.3816
10.29 -2.3806
10.3 -2.3795
10.31 -2.3784
10.32 -2.3773
10.33 -2.3762
10.34 -2.3751
10.35 -2.374
10.36 -2.3731
10.37 -2.3721
10.38 -2.3713
10.39 -2.3705
10.4 -2.3696
10.41 -2.3688
10.42 -2.368
10.43 -2.3672
10.44 -2.3664
10.45 -2.3658
10.46 -2.3652
10.47 -2.3649
10.48 -2.3648
10.49 -2.3651
10.5 -2.3658
10.51 -2.3669
10.52 -2.3686
10.53 -2.3708
10.54 -2.3736
10.55 -2.3769
10.56 -2.3808
10.57 -2.3852
10.58 -2.3902
10.59 -2.3956
10.6 -2.4015
10.61 -2.4078
10.62 -2.4144
10.63 -2.4211
10.64 -2.4277
10.65 -2.4343
10.66 -2.4406
10.67 -2.4468
10.68 -2.4527
10.69 -2.4584
10.7 -2.4639
10.71 -2.4692
10.72 -2.4744
10.73 -2.4794
10.74 -2.4844
10.75 -2.4893
10.76 -2.4941
10.77 -2.4989
10.78 -2.5038
10.79 -2.5087
10.8 -2.5137
10.81 -2.5188
10.82 -2.524
10.83 -2.5292
10.84 -2.5343
10.85 -2.5394
10.86 -2.5443
10.87 -2.549
10.88 -2.5536
10.89 -2.5579
10.9 -2.5621
10.91 -2.5659
10.92 -2.5695
10.93 -2.5728
10.94 -2.5757
10.95 -2.5781
10.96 -2.58
10.97 -2.5814
10.98 -2.5822
10.99 -2.5825
11 -2.5824
11.01 -2.582
11.02 -2.5815
11.03 -2.5809
11.04 -2.5805
11.05 -2.5803
11.06 -2.5805
11.07 -2.5811
11.08 -2.5822
11.09 -2.5838
11.1 -2.5859
11.11 -2.5883
11.12 -2.5911
11.13 -2.594
11.14 -2.597
11.15 -2.5999
11.16 -2.6027
11.17 -2.6051
11.18 -2.6072
11.19 -2.609
11.2 -2.6102
11.21 -2.611
11.22 -2.6114
11.23 -2.6114
11.24 -2.6109
11.25 -2.6102
11.26 -2.6091
11.27 -2.608
11.28 -2.6067
11.29 -2.6054
11.3 -2.604
11.31 -2.6027
11.32 -2.6012
11.33 -2.5997
11.34 -2.598
11.35 -2.596
11.36 -2.5938
11.37 -2.5912
11.38 -2.5884
11.39 -2.5854
11.4 -2.5822
11.41 -2.5789
11.42 -2.5755
11.43 -2.572
11.44 -2.5685
11.45 -2.565
11.46 -2.5613
11.47 -2.5574
11.48 -2.5534
11.49 -2.5491
11.5 -2.5446
11.51 -2.5399
11.52 -2.535
11.53 -2.5299
11.54 -2.5247
11.55 -2.5193
11.56 -2.5137
11.57 -2.5081
11.58 -2.5024
11.59 -2.4966
11.6 -2.4909
11.61 -2.4852
11.62 -2.4797
11.63 -2.4742
11.64 -2.4687
11.65 -2.4633
11.66 -2.4579
11.67 -2.4526
11.68 -2.4473
11.69 -2.4421
11.7 -2.4369
11.71 -2.4319
11.72 -2.4269
11.73 -2.4222
11.74 -2.4175
11.75 -2.4131
11.76 -2.4089
11.77 -2.4049
11.78 -2.4011
11.79 -2.3975
11.8 -2.394
11.81 -2.3908
11.82 -2.3877
11.83 -2.3849
11.84 -2.3822
11.85 -2.3797
11.86 -2.3775
11.87 -2.3755
11.88 -2.3737
11.89 -2.3721
11.9 -2.3706
11.91 -2.3694
11.92 -2.3683
11.93 -2.3674
11.94 -2.3669
11.95 -2.3666
11.96 -2.3666
11.97 -2.3669
11.98 -2.3675
11.99 -2.3683
12 -2.3692
12.01 -2.3702
12.02 -2.3711
12.03 -2.372
12.04 -2.3727
12.05 -2.3732
12.06 -2.3735
12.07 -2.3737
12.08 -2.3737
12.09 -2.3738
12.1 -2.3738
12.11 -2.374
12.12 -2.3744
12.13 -2.3751
12.14 -2.3763
12.15 -2.3778
12.16 -2.3799
12.17 -2.3826
12.18 -2.3857
12.19 -2.3892
12.2 -2.3931
12.21 -2.3971
12.22 -2.4013
12.23 -2.4055
12.24 -2.4096
12.25 -2.4136
12.26 -2.4174
12.27 -2.4211
12.28 -2.4244
12.29 -2.4274
12.3 -2.4299
12.31 -2.432
12.32 -2.4337
12.33 -2.435
12.34 -2.436
12.35 -2.4367
12.36 -2.4373
12.37 -2.4378
12.38 -2.4381
12.39 -2.4385
12.4 -2.4388
12.41 -2.4391
12.42 -2.4394
12.43 -2.4397
12.44 -2.4399
12.45 -2.4402
12.46 -2.4404
12.47 -2.4406
12.48 -2.4408
12.49 -2.441
12.5 -2.4412
12.51 -2.4413
12.52 -2.4413
12.53 -2.4411
12.54 -2.4407
12.55 -2.4402
12.56 -2.4394
12.57 -2.4385
12.58 -2.4374
12.59 -2.4362
12.6 -2.4349
12.61 -2.4336
12.62 -2.4322
12.63 -2.431
12.64 -2.4298
12.65 -2.4287
12.66 -2.4277
12.67 -2.4268
12.68 -2.426
12.69 -2.4253
12.7 -2.4247
12.71 -2.4241
12.72 -2.4235
12.73 -2.4227
12.74 -2.4218
12.75 -2.4207
12.76 -2.4194
12.77 -2.4179
12.78 -2.4163
12.79 -2.4147
12.8 -2.413
12.81 -2.4114
12.82 -2.4097
12.83 -2.408
12.84 -2.4063
12.85 -2.4047
12.86 -2.403
12.87 -2.4012
12.88 -2.3995
12.89 -2.3977
12.9 -2.3959
12.91 -2.3942
12.92 -2.3925
12.93 -2.3908
12.94 -2.3892
12.95 -2.3878
12.96 -2.3864
12.97 -2.3851
12.98 -2.3839
12.99 -2.3826
13 -2.3813
13.01 -2.3799
13.02 -2.3783
13.03 -2.3765
13.04 -2.3745
13.05 -2.3724
13.06 -2.3703
13.07 -2.3681
13.08 -2.3659
13.09 -2.3639
13.1 -2.3619
13.11 -2.36
13.12 -2.3582
13.13 -2.3564
13.14 -2.3546
13.15 -2.3527
13.16 -2.3508
13.17 -2.3487
13.18 -2.3466
13.19 -2.3444
13.2 -2.3422
13.21 -2.3401
13.22 -2.3379
13.23 -2.3358
13.24 -2.3336
13.25 -2.3315
13.26 -2.3294
13.27 -2.3273
13.28 -2.3251
13.29 -2.3229
13.3 -2.3207
13.31 -2.3185
13.32 -2.3164
13.33 -2.3144
13.34 -2.3124
13.35 -2.3105
13.36 -2.3087
13.37 -2.3068
13.38 -2.3048
13.39 -2.3027
13.4 -2.3006
13.41 -2.2983
13.42 -2.296
13.43 -2.2937
13.44 -2.2915
13.45 -2.2893
13.46 -2.2873
13.47 -2.2854
13.48 -2.2836
13.49 -2.2819
13.5 -2.2801
13.51 -2.2783
13.52 -2.2765
13.53 -2.2746
13.54 -2.2727
13.55 -2.2707
13.56 -2.2688
13.57 -2.267
13.58 -2.2653
13.59 -2.2637
13.6 -2.2624
13.61 -2.2613
13.62 -2.2605
13.63 -2.2599
13.64 -2.2595
13.65 -2.2593
13.66 -2.2592
13.67 -2.2593
13.68 -2.2594
13.69 -2.2595
13.7 -2.2595
13.71 -2.2596
13.72 -2.2595
13.73 -2.2594
13.74 -2.2591
13.75 -2.2588
13.76 -2.2584
13.77 -2.2578
13.78 -2.257
13.79 -2.2561
13.8 -2.2551
13.81 -2.254
13.82 -2.2528
13.83 -2.2516
13.84 -2.2503
13.85 -2.2491
13.86 -2.248
13.87 -2.247
13.88 -2.2461
13.89 -2.2453
13.9 -2.2446
13.91 -2.244
13.92 -2.2436
13.93 -2.2433
13.94 -2.2432
13.95 -2.2433
13.96 -2.2435
13.97 -2.2438
13.98 -2.2441
13.99 -2.2445
14 -2.2449
14.01 -2.2452
14.02 -2.2454
14.03 -2.2454
14.04 -2.2453
14.05 -2.245
14.06 -2.2446
14.07 -2.2441
14.08 -2.2436
14.09 -2.2431
14.1 -2.2425
14.11 -2.242
14.12 -2.2415
14.13 -2.2411
14.14 -2.2407
14.15 -2.2405
14.16 -2.2404
14.17 -2.2404
14.18 -2.2405
14.19 -2.2407
14.2 -2.2408
14.21 -2.2408
14.22 -2.2407
14.23 -2.2405
14.24 -2.2401
14.25 -2.2395
14.26 -2.2388
14.27 -2.2379
14.28 -2.2369
14.29 -2.2359
14.3 -2.2349
14.31 -2.2338
14.32 -2.2329
14.33 -2.2321
14.34 -2.2315
14.35 -2.2311
14.36 -2.2309
14.37 -2.2307
14.38 -2.2307
14.39 -2.2306
14.4 -2.2306
14.41 -2.2306
14.42 -2.2306
14.43 -2.2306
14.44 -2.2306
14.45 -2.2305
14.46 -2.2303
14.47 -2.2301
14.48 -2.2297
14.49 -2.2293
14.5 -2.2289
14.51 -2.2286
14.52 -2.2284
14.53 -2.2284
14.54 -2.2286
14.55 -2.229
14.56 -2.2296
14.57 -2.2303
14.58 -2.2311
14.59 -2.2321
14.6 -2.233
14.61 -2.234
14.62 -2.235
14.63 -2.2358
14.64 -2.2365
14.65 -2.237
14.66 -2.2373
14.67 -2.2375
14.68 -2.2374
14.69 -2.2373
14.7 -2.237
14.71 -2.2367
14.72 -2.2363
14.73 -2.2359
14.74 -2.2356
14.75 -2.2353
14.76 -2.2351
14.77 -2.2349
14.78 -2.2348
14.79 -2.2347
14.8 -2.2347
14.81 -2.2347
14.82 -2.2348
14.83 -2.2349
14.84 -2.2351
14.85 -2.2352
14.86 -2.2354
14.87 -2.2357
14.88 -2.236
14.89 -2.2364
14.9 -2.2369
14.91 -2.2375
14.92 -2.2381
14.93 -2.2387
14.94 -2.2393
14.95 -2.2398
14.96 -2.2402
14.97 -2.2405
14.98 -2.2408
14.99 -2.2411
15 -2.2413
15.01 -2.2415
15.02 -2.2417
15.03 -2.2419
15.04 -2.2421
15.05 -2.2423
15.06 -2.2424
15.07 -2.2426
15.08 -2.2428
15.09 -2.2429
15.1 -2.2431
15.11 -2.2433
15.12 -2.2435
15.13 -2.2437
15.14 -2.2439
15.15 -2.2441
15.16 -2.2443
15.17 -2.2446
15.18 -2.2448
15.19 -2.245
15.2 -2.2452
15.21 -2.2455
15.22 -2.2459
15.23 -2.2464
15.24 -2.2469
15.25 -2.2476
15.26 -2.2483
15.27 -2.249
15.28 -2.2496
15.29 -2.2501
15.3 -2.2504
15.31 -2.2504
15.32 -2.2502
15.33 -2.2498
15.34 -2.2492
15.35 -2.2485
15.36 -2.2478
15.37 -2.247
15.38 -2.2462
15.39 -2.2455
15.4 -2.245
15.41 -2.2446
15.42 -2.2443
15.43 -2.2442
15.44 -2.2443
15.45 -2.2444
15.46 -2.2445
15.47 -2.2448
15.48 -2.245
15.49 -2.2453
15.5 -2.2456
15.51 -2.246
15.52 -2.2464
15.53 -2.2469
15.54 -2.2474
15.55 -2.2481
15.56 -2.2488
15.57 -2.2496
15.58 -2.2505
15.59 -2.2515
15.6 -2.2527
15.61 -2.2542
15.62 -2.2561
15.63 -2.2584
15.64 -2.2613
15.65 -2.2648
15.66 -2.2692
15.67 -2.2744
15.68 -2.2804
15.69 -2.2872
15.7 -2.2948
15.71 -2.3029
15.72 -2.3114
15.73 -2.3202
15.74 -2.3291
15.75 -2.338
15.76 -2.3466
15.77 -2.3549
15.78 -2.3628
15.79 -2.3701
15.8 -2.3768
15.81 -2.383
15.82 -2.3888
15.83 -2.3942
15.84 -2.3995
15.85 -2.4047
15.86 -2.41
15.87 -2.4154
15.88 -2.4209
15.89 -2.4265
15.9 -2.4322
15.91 -2.4379
15.92 -2.4437
15.93 -2.4495
15.94 -2.4552
15.95 -2.4607
15.96 -2.4661
15.97 -2.4712
15.98 -2.4762
15.99 -2.481
16 -2.4857
16.01 -2.4903
16.02 -2.495
16.03 -2.4997
16.04 -2.5044
16.05 -2.5092
16.06 -2.514
16.07 -2.5189
16.08 -2.5239
16.09 -2.5289
16.1 -2.5339
16.11 -2.5389
16.12 -2.5437
16.13 -2.5485
16.14 -2.553
16.15 -2.5573
16.16 -2.5615
16.17 -2.5655
16.18 -2.5694
16.19 -2.5732
16.2 -2.5769
16.21 -2.5805
16.22 -2.5841
16.23 -2.5877
16.24 -2.5911
16.25 -2.5945
16.26 -2.5979
16.27 -2.6011
16.28 -2.6042
16.29 -2.6071
16.3 -2.61
16.31 -2.6127
16.32 -2.6154
16.33 -2.618
16.34 -2.6206
16.35 -2.6231
16.36 -2.6257
16.37 -2.6283
16.38 -2.631
16.39 -2.6337
16.4 -2.6364
16.41 -2.639
16.42 -2.6415
16.43 -2.6439
16.44 -2.646
16.45 -2.648
16.46 -2.6497
16.47 -2.6512
16.48 -2.6525
16.49 -2.6537
16.5 -2.6549
16.51 -2.6561
16.52 -2.6574
16.53 -2.6588
16.54 -2.6605
16.55 -2.6624
16.56 -2.6645
16.57 -2.6668
16.58 -2.6692
16.59 -2.6717
16.6 -2.6743
16.61 -2.6769
16.62 -2.6795
16.63 -2.6822
16.64 -2.6849
16.65 -2.6877
16.66 -2.6906
16.67 -2.6937
16.68 -2.6971
16.69 -2.7008
16.7 -2.7048
16.71 -2.7092
16.72 -2.7139
16.73 -2.7188
16.74 -2.7239
16.75 -2.729
16.76 -2.734
16.77 -2.7387
16.78 -2.7429
16.79 -2.7467
16.8 -2.7498
16.81 -2.7523
16.82 -2.7541
16.83 -2.7552
16.84 -2.7556
16.85 -2.7556
16.86 -2.755
16.87 -2.754
16.88 -2.7528
16.89 -2.7513
16.9 -2.7498
16.91 -2.7482
16.92 -2.7465
16.93 -2.745
16.94 -2.7435
16.95 -2.7423
16.96 -2.7413
16.97 -2.7405
16.98 -2.7401
16.99 -2.74
17 -2.7402
17.01 -2.7406
17.02 -2.7412
17.03 -2.742
17.04 -2.7429
17.05 -2.744
17.06 -2.7451
17.07 -2.7462
17.08 -2.7475
17.09 -2.7488
17.1 -2.7501
17.11 -2.7513
17.12 -2.7526
17.13 -2.7538
17.14 -2.7551
17.15 -2.7564
17.16 -2.7578
17.17 -2.7593
17.18 -2.761
17.19 -2.7628
17.2 -2.7648
17.21 -2.7668
17.22 -2.7688
17.23 -2.7708
17.24 -2.7728
17.25 -2.7745
17.26 -2.7761
17.27 -2.7774
17.28 -2.7783
17.29 -2.779
17.3 -2.7793
17.31 -2.7793
17.32 -2.7791
17.33 -2.7787
17.34 -2.7782
17.35 -2.7777
17.36 -2.7772
17.37 -2.7767
17.38 -2.7762
17.39 -2.7758
17.4 -2.7755
17.41 -2.7751
17.42 -2.7748
17.43 -2.7745
17.44 -2.7741
17.45 -2.7738
17.46 -2.7734
17.47 -2.7732
17.48 -2.7729
17.49 -2.7727
17.5 -2.7726
17.51 -2.7725
17.52 -2.7724
17.53 -2.7723
17.54 -2.7721
17.55 -2.7719
17.56 -2.7716
17.57 -2.7711
17.58 -2.7705
17.59 -2.7696
17.6 -2.7685
17.61 -2.7669
17.62 -2.7648
17.63 -2.7622
17.64 -2.759
17.65 -2.7551
17.66 -2.7507
17.67 -2.7457
17.68 -2.74
17.69 -2.7337
17.7 -2.7269
17.71 -2.7195
17.72 -2.7117
17.73 -2.7034
17.74 -2.6948
17.75 -2.6859
17.76 -2.6768
17.77 -2.6674
17.78 -2.6578
17.79 -2.648
17.8 -2.6381
17.81 -2.6281
17.82 -2.6181
17.83 -2.6082
17.84 -2.5982
17.85 -2.5884
17.86 -2.5787
17.87 -2.5692
17.88 -2.5598
17.89 -2.5507
17.9 -2.542
17.91 -2.5336
17.92 -2.5256
17.93 -2.518
17.94 -2.5108
17.95 -2.5039
17.96 -2.4974
17.97 -2.4912
17.98 -2.4853
17.99 -2.4797
18 -2.4742
18.01 -2.469
18.02 -2.4639
18.03 -2.459
18.04 -2.4543
18.05 -2.4498
18.06 -2.4455
18.07 -2.4415
18.08 -2.4379
18.09 -2.4347
18.1 -2.4319
18.11 -2.4295
18.12 -2.4275
18.13 -2.4257
18.14 -2.424
18.15 -2.4225
18.16 -2.4209
18.17 -2.4193
18.18 -2.4175
18.19 -2.4156
18.2 -2.4136
18.21 -2.4114
18.22 -2.4091
18.23 -2.4067
18.24 -2.4041
18.25 -2.4016
18.26 -2.399
18.27 -2.3964
18.28 -2.394
18.29 -2.3917
18.3 -2.3896
18.31 -2.3878
18.32 -2.3862
18.33 -2.3849
18.34 -2.3837
18.35 -2.3827
18.36 -2.3819
18.37 -2.3813
18.38 -2.3808
18.39 -2.3804
18.4 -2.3801
18.41 -2.3798
18.42 -2.3794
18.43 -2.379
18.44 -2.3785
18.45 -2.3777
18.46 -2.3769
18.47 -2.3758
18.48 -2.3747
18.49 -2.3735
18.5 -2.3724
18.51 -2.3713
18.52 -2.3703
18.53 -2.3695
18.54 -2.3688
18.55 -2.3683
18.56 -2.368
18.57 -2.3677
18.58 -2.3675
18.59 -2.3672
18.6 -2.3669
18.61 -2.3665
18.62 -2.366
18.63 -2.3653
18.64 -2.3646
18.65 -2.3637
18.66 -2.3626
18.67 -2.3616
18.68 -2.3605
18.69 -2.3594
18.7 -2.3584
18.71 -2.3575
18.72 -2.3568
18.73 -2.3562
18.74 -2.3557
18.75 -2.3553
18.76 -2.355
18.77 -2.3548
18.78 -2.3547
18.79 -2.3546
18.8 -2.3546
18.81 -2.3547
18.82 -2.3548
18.83 -2.355
18.84 -2.3552
18.85 -2.3554
18.86 -2.3555
18.87 -2.3555
18.88 -2.3554
18.89 -2.355
18.9 -2.3545
18.91 -2.3538
18.92 -2.3528
18.93 -2.3517
18.94 -2.3503
18.95 -2.3489
18.96 -2.3475
18.97 -2.346
18.98 -2.3447
18.99 -2.3435
19 -2.3424
19.01 -2.3416
19.02 -2.3409
19.03 -2.3405
19.04 -2.3402
19.05 -2.3402
19.06 -2.3404
19.07 -2.3409
19.08 -2.3416
19.09 -2.3425
19.1 -2.3437
19.11 -2.3451
19.12 -2.3467
19.13 -2.3484
19.14 -2.3501
19.15 -2.352
19.16 -2.3538
19.17 -2.3556
19.18 -2.3573
19.19 -2.359
19.2 -2.3606
19.21 -2.3622
19.22 -2.3638
19.23 -2.3654
19.24 -2.3671
19.25 -2.3689
19.26 -2.3708
19.27 -2.3729
19.28 -2.3752
19.29 -2.3776
19.3 -2.3802
19.31 -2.383
19.32 -2.386
19.33 -2.3891
19.34 -2.3924
19.35 -2.3958
19.36 -2.3992
19.37 -2.4028
19.38 -2.4063
19.39 -2.4099
19.4 -2.4134
19.41 -2.4169
19.42 -2.4204
19.43 -2.4237
19.44 -2.4269
19.45 -2.43
19.46 -2.433
19.47 -2.4359
19.48 -2.4388
19.49 -2.4415
19.5 -2.4443
19.51 -2.4471
19.52 -2.4501
19.53 -2.4532
19.54 -2.4565
19.55 -2.4601
19.56 -2.4639
19.57 -2.468
19.58 -2.4722
19.59 -2.4766
19.6 -2.4809
19.61 -2.4852
19.62 -2.4893
19.63 -2.4931
19.64 -2.4967
19.65 -2.5
19.66 -2.5029
19.67 -2.5055
19.68 -2.5078
19.69 -2.5096
19.7 -2.5112
19.71 -2.5125
19.72 -2.5135
19.73 -2.5144
19.74 -2.5152
19.75 -2.5159
19.76 -2.5165
19.77 -2.517
19.78 -2.5175
19.79 -2.5179
19.8 -2.5183
19.81 -2.5186
19.82 -2.5188
19.83 -2.519
19.84 -2.519
19.85 -2.519
19.86 -2.5187
19.87 -2.5183
19.88 -2.5177
19.89 -2.5168
19.9 -2.5157
19.91 -2.5144
19.92 -2.5128
19.93 -2.5111
19.94 -2.5093
19.95 -2.5074
19.96 -2.5056
19.97 -2.5039
19.98 -2.5024
19.99 -2.501
20 -2.4999
20.01 -2.4989
20.02 -2.498
20.03 -2.4973
20.04 -2.4965
20.05 -2.4955
20.06 -2.4944
20.07 -2.4929
20.08 -2.4912
20.09 -2.4892
20.1 -2.4868
20.11 -2.4843
20.12 -2.4816
20.13 -2.4787
20.14 -2.4757
20.15 -2.4727
20.16 -2.4695
20.17 -2.4663
20.18 -2.463
20.19 -2.4598
20.2 -2.4565
20.21 -2.4533
20.22 -2.4501
20.23 -2.4469
20.24 -2.4439
20.25 -2.4409
20.26 -2.438
20.27 -2.4353
20.28 -2.4326
20.29 -2.4302
20.3 -2.4279
20.31 -2.4259
20.32 -2.4243
20.33 -2.423
20.34 -2.4221
20.35 -2.4216
20.36 -2.4215
20.37 -2.4218
20.38 -2.4223
20.39 -2.423
20.4 -2.4238
20.41 -2.4245
20.42 -2.4251
20.43 -2.4255
20.44 -2.4258
20.45 -2.4259
20.46 -2.4258
20.47 -2.4255
20.48 -2.425
20.49 -2.4243
20.5 -2.4233
20.51 -2.4221
20.52 -2.4206
20.53 -2.4189
20.54 -2.4171
20.55 -2.4152
20.56 -2.4132
20.57 -2.4113
20.58 -2.4094
20.59 -2.4077
20.6 -2.4061
20.61 -2.4046
20.62 -2.4033
20.63 -2.402
20.64 -2.4009
20.65 -2.3999
20.66 -2.399
20.67 -2.3983
20.68 -2.3977
20.69 -2.3972
20.7 -2.3968
20.71 -2.3965
20.72 -2.3961
20.73 -2.3958
20.74 -2.3955
20.75 -2.3952
20.76 -2.3949
20.77 -2.3946
20.78 -2.3942
20.79 -2.3939
20.8 -2.3937
20.81 -2.3935
20.82 -2.3933
20.83 -2.3933
20.84 -2.3932
20.85 -2.3931
20.86 -2.393
20.87 -2.3928
20.88 -2.3924
20.89 -2.3918
20.9 -2.3911
20.91 -2.3902
20.92 -2.3892
20.93 -2.3882
20.94 -2.3871
20.95 -2.3861
20.96 -2.3851
20.97 -2.3843
20.98 -2.3836
20.99 -2.3831
21 -2.3826
21.01 -2.3823
21.02 -2.3821
21.03 -2.382
21.04 -2.382
21.05 -2.382
21.06 -2.382
21.07 -2.382
21.08 -2.3819
21.09 -2.3818
21.1 -2.3816
21.11 -2.3814
21.12 -2.3811
21.13 -2.3809
21.14 -2.3806
21.15 -2.3804
21.16 -2.3802
21.17 -2.38
21.18 -2.3798
21.19 -2.3797
21.2 -2.3796
21.21 -2.3795
21.22 -2.3795
21.23 -2.3794
21.24 -2.3793
21.25 -2.3791
21.26 -2.3789
21.27 -2.3785
21.28 -2.3781
21.29 -2.3775
21.3 -2.3768
21.31 -2.3761
21.32 -2.3754
21.33 -2.3747
21.34 -2.3741
21.35 -2.3737
21.36 -2.3736
21.37 -2.3736
21.38 -2.374
21.39 -2.3745
21.4 -2.3753
21.41 -2.3762
21.42 -2.3773
21.43 -2.3786
21.44 -2.3799
21.45 -2.3813
21.46 -2.3829
21.47 -2.3844
21.48 -2.386
21.49 -2.3877
21.5 -2.3894
21.51 -2.3911
21.52 -2.3928
21.53 -2.3946
21.54 -2.3964
21.55 -2.3983
21.56 -2.4001
21.57 -2.4019
21.58 -2.4037
21.59 -2.4053
21.6 -2.4069
21.61 -2.4084
21.62 -2.4099
21.63 -2.4113
21.64 -2.4128
21.65 -2.4143
21.66 -2.416
21.67 -2.4178
21.68 -2.4198
21.69 -2.422
21.7 -2.4244
21.71 -2.4268
21.72 -2.4294
21.73 -2.432
21.74 -2.4346
21.75 -2.4371
21.76 -2.4396
21.77 -2.442
21.78 -2.4442
21.79 -2.4463
21.8 -2.4482
21.81 -2.45
21.82 -2.4516
21.83 -2.4531
21.84 -2.4545
21.85 -2.4558
21.86 -2.457
21.87 -2.4582
21.88 -2.4596
21.89 -2.4611
21.9 -2.4629
21.91 -2.4649
21.92 -2.4672
21.93 -2.4697
21.94 -2.4725
21.95 -2.4754
21.96 -2.4785
21.97 -2.4817
21.98 -2.485
21.99 -2.4884
22 -2.4918
22.01 -2.4952
22.02 -2.4986
22.03 -2.502
22.04 -2.5054
22.05 -2.5086
22.06 -2.5118
22.07 -2.5148
22.08 -2.5176
22.09 -2.5201
22.1 -2.5224
22.11 -2.5242
22.12 -2.5256
22.13 -2.5266
22.14 -2.5272
22.15 -2.5272
22.16 -2.5268
22.17 -2.5259
22.18 -2.5246
22.19 -2.5229
22.2 -2.5207
22.21 -2.5182
22.22 -2.5153
22.23 -2.5122
22.24 -2.5088
22.25 -2.5051
22.26 -2.5012
22.27 -2.497
22.28 -2.4927
22.29 -2.4882
22.3 -2.4837
22.31 -2.4792
22.32 -2.4747
22.33 -2.4704
22.34 -2.4662
22.35 -2.4621
22.36 -2.4581
22.37 -2.4543
22.38 -2.4505
22.39 -2.4469
22.4 -2.4433
22.41 -2.4397
22.42 -2.4362
22.43 -2.4326
22.44 -2.429
22.45 -2.4252
22.46 -2.4212
22.47 -2.417
22.48 -2.4128
22.49 -2.4085
22.5 -2.4042
22.51 -2.4
22.52 -2.396
22.53 -2.3921
22.54 -2.3884
22.55 -2.385
22.56 -2.3816
22.57 -2.3784
22.58 -2.3753
22.59 -2.3721
22.6 -2.3687
22.61 -2.3651
22.62 -2.3612
22.63 -2.357
22.64 -2.3523
22.65 -2.3474
22.66 -2.3421
22.67 -2.3367
22.68 -2.3312
22.69 -2.3257
22.7 -2.3202
22.71 -2.315
22.72 -2.31
22.73 -2.3054
22.74 -2.3011
22.75 -2.2972
22.76 -2.2938
22.77 -2.2906
22.78 -2.2877
22.79 -2.2851
22.8 -2.2825
22.81 -2.2801
22.82 -2.2777
22.83 -2.2753
22.84 -2.273
22.85 -2.2708
22.86 -2.2687
22.87 -2.2666
22.88 -2.2648
22.89 -2.263
22.9 -2.2615
22.91 -2.2601
22.92 -2.2588
22.93 -2.2578
22.94 -2.2569
22.95 -2.2562
22.96 -2.2556
22.97 -2.2552
22.98 -2.2548
22.99 -2.2544
23 -2.2541
23.01 -2.2536
23.02 -2.2531
23.03 -2.2524
23.04 -2.2516
23.05 -2.2507
23.06 -2.2498
23.07 -2.2487
23.08 -2.2477
23.09 -2.2466
23.1 -2.2456
23.11 -2.2446
23.12 -2.2437
23.13 -2.2428
23.14 -2.242
23.15 -2.2412
23.16 -2.2405
23.17 -2.2399
23.18 -2.2393
23.19 -2.239
23.2 -2.2388
23.21 -2.2389
23.22 -2.2391
23.23 -2.2395
23.24 -2.24
23.25 -2.2407
23.26 -2.2414
23.27 -2.2423
23.28 -2.2431
23.29 -2.2439
23.3 -2.2445
23.31 -2.245
23.32 -2.2453
23.33 -2.2455
23.34 -2.2456
23.35 -2.2457
23.36 -2.2458
23.37 -2.2459
23.38 -2.2461
23.39 -2.2463
23.4 -2.2464
23.41 -2.2466
23.42 -2.2466
23.43 -2.2466
23.44 -2.2464
23.45 -2.2461
23.46 -2.2456
23.47 -2.2449
23.48 -2.2439
23.49 -2.2428
23.5 -2.2414
23.51 -2.2398
23.52 -2.238
23.53 -2.2362
23.54 -2.2342
23.55 -2.2323
23.56 -2.2303
23.57 -2.2284
23.58 -2.2265
23.59 -2.2248
23.6 -2.2232
23.61 -2.2216
23.62 -2.2202
23.63 -2.2188
23.64 -2.2175
23.65 -2.2163
23.66 -2.2151
23.67 -2.214
23.68 -2.213
23.69 -2.2122
23.7 -2.2115
23.71 -2.2109
23.72 -2.2104
23.73 -2.2101
23.74 -2.2098
23.75 -2.2095
23.76 -2.2092
23.77 -2.2088
23.78 -2.2084
23.79 -2.2078
23.8 -2.2071
23.81 -2.2063
23.82 -2.2052
23.83 -2.2041
23.84 -2.2028
23.85 -2.2014
23.86 -2.2
23.87 -2.1986
23.88 -2.1972
23.89 -2.196
23.9 -2.1948
23.91 -2.1937
23.92 -2.1927
23.93 -2.1918
23.94 -2.1909
23.95 -2.19
23.96 -2.1892
23.97 -2.1884
23.98 -2.1876
23.99 -2.1868
24 -2.1862
24.01 -2.1856
24.02 -2.1852
24.03 -2.185
24.04 -2.1851
24.05 -2.1853
24.06 -2.1859
24.07 -2.1867
24.08 -2.1877
24.09 -2.1887
24.1 -2.1898
24.11 -2.1908
24.12 -2.1917
24.13 -2.1923
24.14 -2.1927
24.15 -2.193
24.16 -2.1931
24.17 -2.1931
24.18 -2.193
24.19 -2.1928
24.2 -2.1927
24.21 -2.1925
24.22 -2.1922
24.23 -2.192
24.24 -2.1918
24.25 -2.1916
24.26 -2.1914
24.27 -2.1913
24.28 -2.1913
24.29 -2.1914
24.3 -2.1917
24.31 -2.1922
24.32 -2.1929
24.33 -2.1939
24.34 -2.1952
24.35 -2.1968
24.36 -2.1989
24.37 -2.2014
24.38 -2.2043
24.39 -2.2077
24.4 -2.2115
24.41 -2.2158
24.42 -2.2204
24.43 -2.2254
24.44 -2.2306
24.45 -2.2359
24.46 -2.2414
24.47 -2.247
24.48 -2.2526
24.49 -2.2582
24.5 -2.2638
24.51 -2.2693
24.52 -2.2747
24.53 -2.2801
24.54 -2.2854
24.55 -2.2906
24.56 -2.2957
24.57 -2.3006
24.58 -2.3052
24.59 -2.3097
24.6 -2.3139
24.61 -2.3178
24.62 -2.3215
24.63 -2.325
24.64 -2.3284
24.65 -2.3317
24.66 -2.3348
24.67 -2.3379
24.68 -2.3409
24.69 -2.3438
24.7 -2.3465
24.71 -2.3491
24.72 -2.3515
24.73 -2.3537
24.74 -2.3558
24.75 -2.3578
24.76 -2.3598
24.77 -2.3617
24.78 -2.3636
24.79 -2.3655
24.8 -2.3674
24.81 -2.3694
24.82 -2.3715
24.83 -2.3737
24.84 -2.3761
24.85 -2.3787
24.86 -2.3815
24.87 -2.3845
24.88 -2.3879
24.89 -2.3915
24.9 -2.3955
24.91 -2.3997
24.92 -2.4042
24.93 -2.4089
24.94 -2.4139
24.95 -2.4191
24.96 -2.4244
24.97 -2.4299
24.98 -2.4356
24.99 -2.4415
25 -2.4477
25.01 -2.4543
25.02 -2.4614
25.03 -2.4691
25.04 -2.4774
25.05 -2.4864
25.06 -2.4962
25.07 -2.5066
25.08 -2.5177
25.09 -2.5293
25.1 -2.5414
25.11 -2.5539
25.12 -2.5667
25.13 -2.5798
25.14 -2.5932
25.15 -2.6067
25.16 -2.6205
25.17 -2.6345
25.18 -2.6485
25.19 -2.6627
25.2 -2.677
25.21 -2.6914
25.22 -2.7058
25.23 -2.7201
25.24 -2.7343
25.25 -2.7482
25.26 -2.7619
25.27 -2.7752
25.28 -2.7881
25.29 -2.8006
25.3 -2.8126
25.31 -2.8243
25.32 -2.8355
25.33 -2.8464
25.34 -2.8569
25.35 -2.867
25.36 -2.8767
25.37 -2.886
25.38 -2.8949
25.39 -2.9034
25.4 -2.9115
25.41 -2.9193
25.42 -2.9268
25.43 -2.9339
25.44 -2.9408
25.45 -2.9473
25.46 -2.9535
25.47 -2.9593
25.48 -2.9649
25.49 -2.9702
25.5 -2.9752
25.51 -2.9799
25.52 -2.9846
25.53 -2.9891
25.54 -2.9935
25.55 -2.998
25.56 -3.0024
25.57 -3.0069
25.58 -3.0113
25.59 -3.0156
25.6 -3.0198
25.61 -3.0239
25.62 -3.0277
25.63 -3.0313
25.64 -3.0347
25.65 -3.038
25.66 -3.041
25.67 -3.0439
25.68 -3.0467
25.69 -3.0494
25.7 -3.0519
25.71 -3.0543
25.72 -3.0566
25.73 -3.0588
25.74 -3.0609
25.75 -3.0629
25.76 -3.0647
25.77 -3.0665
25.78 -3.0683
25.79 -3.0702
25.8 -3.0721
25.81 -3.0741
25.82 -3.0762
25.83 -3.0785
25.84 -3.0808
25.85 -3.0833
25.86 -3.0858
25.87 -3.0884
25.88 -3.0911
25.89 -3.0938
25.9 -3.0966
25.91 -3.0995
25.92 -3.1024
25.93 -3.1053
25.94 -3.1083
25.95 -3.1114
25.96 -3.1144
25.97 -3.1174
25.98 -3.1205
25.99 -3.1235
26 -3.1265
26.01 -3.1295
26.02 -3.1325
26.03 -3.1353
26.04 -3.138
26.05 -3.1405
26.06 -3.1428
26.07 -3.1447
26.08 -3.1464
26.09 -3.1477
26.1 -3.1486
26.11 -3.1492
26.12 -3.1494
26.13 -3.1491
26.14 -3.1485
26.15 -3.1475
26.16 -3.1461
26.17 -3.1444
26.18 -3.1424
26.19 -3.1401
26.2 -3.1377
26.21 -3.1353
26.22 -3.1328
26.23 -3.1304
26.24 -3.1281
26.25 -3.1258
26.26 -3.1235
26.27 -3.1213
26.28 -3.1192
26.29 -3.1172
26.3 -3.1153
26.31 -3.1135
26.32 -3.1118
26.33 -3.1102
26.34 -3.1086
26.35 -3.1072
26.36 -3.1058
26.37 -3.1046
26.38 -3.1034
26.39 -3.1023
26.4 -3.1011
26.41 -3.0998
26.42 -3.0983
26.43 -3.0965
26.44 -3.0945
26.45 -3.0922
26.46 -3.0897
26.47 -3.0869
26.48 -3.084
26.49 -3.0809
26.5 -3.0779
26.51 -3.075
26.52 -3.0722
26.53 -3.0697
26.54 -3.0676
26.55 -3.0657
26.56 -3.0641
26.57 -3.0628
26.58 -3.0617
26.59 -3.0608
26.6 -3.06
26.61 -3.0593
26.62 -3.0587
26.63 -3.058
26.64 -3.0572
26.65 -3.0564
26.66 -3.0555
26.67 -3.0547
26.68 -3.0539
26.69 -3.0531
26.7 -3.0524
26.71 -3.0519
26.72 -3.0515
26.73 -3.0514
26.74 -3.0516
26.75 -3.0521
26.76 -3.053
26.77 -3.0545
26.78 -3.0564
26.79 -3.0588
26.8 -3.0618
26.81 -3.0652
26.82 -3.069
26.83 -3.0732
26.84 -3.0778
26.85 -3.0826
26.86 -3.0876
26.87 -3.0928
26.88 -3.098
26.89 -3.1031
26.9 -3.1081
26.91 -3.1128
26.92 -3.1172
26.93 -3.1212
26.94 -3.1249
26.95 -3.1281
26.96 -3.1311
26.97 -3.1338
26.98 -3.1364
26.99 -3.1388
27 -3.1411
27.01 -3.1432
27.02 -3.145
27.03 -3.1463
27.04 -3.1469
27.05 -3.1466
27.06 -3.1453
27.07 -3.143
27.08 -3.1399
27.09 -3.1364
27.1 -3.1329
27.11 -3.13
27.12 -3.128
27.13 -3.1275
27.14 -3.1285
27.15 -3.1313
27.16 -3.1357
27.17 -3.1415
27.18 -3.1485
27.19 -3.1563
27.2 -3.1648
27.21 -3.1735
27.22 -3.1824
27.23 -3.191
27.24 -3.1993
27.25 -3.207
27.26 -3.214
27.27 -3.22
27.28 -3.2249
27.29 -3.2286
27.3 -3.2311
27.31 -3.2323
27.32 -3.2324
27.33 -3.2316
27.34 -3.23
27.35 -3.228
27.36 -3.2257
27.37 -3.2235
27.38 -3.2215
27.39 -3.22
27.4 -3.219
27.41 -3.2186
27.42 -3.2188
27.43 -3.2197
27.44 -3.2212
27.45 -3.2231
27.46 -3.2254
27.47 -3.2279
27.48 -3.2305
27.49 -3.2331
27.5 -3.2355
27.51 -3.2376
27.52 -3.2393
27.53 -3.2405
27.54 -3.241
27.55 -3.2411
27.56 -3.2406
27.57 -3.2399
27.58 -3.239
27.59 -3.2382
27.6 -3.2374
27.61 -3.2366
27.62 -3.2356
27.63 -3.2343
27.64 -3.2325
27.65 -3.2301
27.66 -3.2272
27.67 -3.2237
27.68 -3.2198
27.69 -3.2156
27.7 -3.2112
27.71 -3.2067
27.72 -3.202
27.73 -3.1971
27.74 -3.1918
27.75 -3.186
27.76 -3.1796
27.77 -3.1725
27.78 -3.1648
27.79 -3.1568
27.8 -3.1488
27.81 -3.141
27.82 -3.1338
27.83 -3.1272
27.84 -3.1214
27.85 -3.1161
27.86 -3.1113
27.87 -3.1068
27.88 -3.1024
27.89 -3.0981
27.9 -3.0937
27.91 -3.0891
27.92 -3.0844
27.93 -3.0795
27.94 -3.0746
27.95 -3.0697
27.96 -3.0649
27.97 -3.0601
27.98 -3.0555
27.99 -3.0511
28 -3.0467
28.01 -3.0425
28.02 -3.0385
28.03 -3.0346
28.04 -3.0309
28.05 -3.0274
28.06 -3.0244
28.07 -3.0217
28.08 -3.0194
28.09 -3.0175
28.1 -3.0159
28.11 -3.0145
28.12 -3.0134
28.13 -3.0124
28.14 -3.0114
28.15 -3.0103
28.16 -3.009
28.17 -3.0075
28.18 -3.0057
28.19 -3.0037
28.2 -3.0013
28.21 -2.9987
28.22 -2.9959
28.23 -2.9928
28.24 -2.9894
28.25 -2.9859
28.26 -2.9821
28.27 -2.9782
28.28 -2.9741
28.29 -2.9698
28.3 -2.9655
28.31 -2.9611
28.32 -2.9567
28.33 -2.9522
28.34 -2.9478
28.35 -2.9435
28.36 -2.9393
28.37 -2.9353
28.38 -2.9316
28.39 -2.928
28.4 -2.9247
28.41 -2.9217
28.42 -2.9187
28.43 -2.9159
28.44 -2.9132
28.45 -2.9104
28.46 -2.9077
28.47 -2.9049
28.48 -2.9021
28.49 -2.8993
28.5 -2.8964
28.51 -2.8935
28.52 -2.8906
28.53 -2.8877
28.54 -2.8847
28.55 -2.8817
28.56 -2.8786
28.57 -2.8755
28.58 -2.8722
28.59 -2.8689
28.6 -2.8654
28.61 -2.8618
28.62 -2.858
28.63 -2.8541
28.64 -2.8501
28.65 -2.8459
28.66 -2.8417
28.67 -2.8373
28.68 -2.8329
28.69 -2.8284
28.7 -2.824
28.71 -2.8198
28.72 -2.8158
28.73 -2.8122
28.74 -2.8089
28.75 -2.806
28.76 -2.8036
28.77 -2.8016
28.78 -2.7999
28.79 -2.7986
28.8 -2.7977
28.81 -2.797
28.82 -2.7966
28.83 -2.7964
28.84 -2.7964
28.85 -2.7965
28.86 -2.7967
28.87 -2.797
28.88 -2.7974
28.89 -2.7977
28.9 -2.798
28.91 -2.7984
28.92 -2.7988
28.93 -2.7993
28.94 -2.7998
28.95 -2.8004
28.96 -2.8009
28.97 -2.8013
28.98 -2.8016
28.99 -2.8019
29 -2.802
29.01 -2.8019
29.02 -2.8017
29.03 -2.8015
29.04 -2.8011
29.05 -2.8007
29.06 -2.8002
29.07 -2.7996
29.08 -2.799
29.09 -2.7983
29.1 -2.7977
29.11 -2.7971
29.12 -2.7966
29.13 -2.7963
29.14 -2.7962
29.15 -2.7962
29.16 -2.7964
29.17 -2.7967
29.18 -2.7972
29.19 -2.7976
29.2 -2.798
29.21 -2.7982
29.22 -2.7983
29.23 -2.7983
29.24 -2.7983
29.25 -2.7981
29.26 -2.7979
29.27 -2.7977
29.28 -2.7976
29.29 -2.7975
29.3 -2.7976
29.31 -2.7976
29.32 -2.7978
29.33 -2.798
29.34 -2.7983
29.35 -2.7985
29.36 -2.7988
29.37 -2.799
29.38 -2.7991
29.39 -2.799
29.4 -2.7987
29.41 -2.7983
29.42 -2.7976
29.43 -2.7966
29.44 -2.7955
29.45 -2.7941
29.46 -2.7926
29.47 -2.7909
29.48 -2.789
29.49 -2.7871
29.5 -2.7852
29.51 -2.7833
29.52 -2.7815
29.53 -2.7798
29.54 -2.7782
29.55 -2.7768
29.56 -2.7754
29.57 -2.774
29.58 -2.7726
29.59 -2.7711
29.6 -2.7695
29.61 -2.7677
29.62 -2.7658
29.63 -2.7638
29.64 -2.7617
29.65 -2.7595
29.66 -2.7574
29.67 -2.7552
29.68 -2.753
29.69 -2.7509
29.7 -2.7488
29.71 -2.7467
29.72 -2.7445
29.73 -2.7422
29.74 -2.7398
29.75 -2.7372
29.76 -2.7343
29.77 -2.7312
29.78 -2.7277
29.79 -2.7238
29.8 -2.7195
29.81 -2.7147
29.82 -2.7095
29.83 -2.7038
29.84 -2.6976
29.85 -2.691
29.86 -2.6839
29.87 -2.6765
29.88 -2.6687
29.89 -2.6607
29.9 -2.6524
29.91 -2.644
29.92 -2.6355
29.93 -2.6269
29.94 -2.6182
29.95 -2.6094
29.96 -2.6005
29.97 -2.5915
29.98 -2.5825
29.99 -2.5733
30 -2.564
30.01 -2.5546
30.02 -2.5451
30.03 -2.5353
30.04 -2.5254
30.05 -2.5151
30.06 -2.5045
30.07 -2.4936
30.08 -2.4823
30.09 -2.4708
30.1 -2.4591
30.11 -2.4472
30.12 -2.4352
30.13 -2.4232
30.14 -2.4114
30.15 -2.3998
30.16 -2.3886
30.17 -2.3777
30.18 -2.3674
30.19 -2.3575
30.2 -2.3482
30.21 -2.3393
30.22 -2.331
30.23 -2.3231
30.24 -2.3157
30.25 -2.3088
30.26 -2.3024
30.27 -2.2965
30.28 -2.2911
30.29 -2.2862
30.3 -2.2819
30.31 -2.2779
30.32 -2.2742
30.33 -2.2708
30.34 -2.2676
30.35 -2.2645
30.36 -2.2615
30.37 -2.2584
30.38 -2.2554
30.39 -2.2522
30.4 -2.2491
30.41 -2.2459
30.42 -2.2427
30.43 -2.2396
30.44 -2.2365
30.45 -2.2336
30.46 -2.2307
30.47 -2.2281
30.48 -2.2256
30.49 -2.2233
30.5 -2.2211
30.51 -2.2191
30.52 -2.2173
30.53 -2.2157
30.54 -2.2141
30.55 -2.2127
30.56 -2.2113
30.57 -2.21
30.58 -2.2087
30.59 -2.2076
30.6 -2.2065
30.61 -2.2054
30.62 -2.2045
30.63 -2.2036
30.64 -2.2027
30.65 -2.2019
30.66 -2.2012
30.67 -2.2005
30.68 -2.1998
30.69 -2.1992
30.7 -2.1987
30.71 -2.1981
30.72 -2.1976
30.73 -2.1971
30.74 -2.1966
30.75 -2.1961
30.76 -2.1957
30.77 -2.1953
30.78 -2.195
30.79 -2.1948
30.8 -2.1947
30.81 -2.1947
30.82 -2.1949
30.83 -2.1951
30.84 -2.1954
30.85 -2.1958
30.86 -2.1962
30.87 -2.1967
30.88 -2.1971
30.89 -2.1974
30.9 -2.1977
30.91 -2.198
30.92 -2.1981
30.93 -2.1983
30.94 -2.1983
30.95 -2.1984
30.96 -2.1984
30.97 -2.1984
30.98 -2.1984
30.99 -2.1984
31 -2.1984
31.01 -2.1984
31.02 -2.1984
31.03 -2.1984
31.04 -2.1983
31.05 -2.1983
31.06 -2.1982
31.07 -2.198
31.08 -2.1978
31.09 -2.1976
31.1 -2.1973
31.11 -2.197
31.12 -2.1965
31.13 -2.1961
31.14 -2.1955
31.15 -2.1949
31.16 -2.1943
31.17 -2.1937
31.18 -2.1931
31.19 -2.1925
31.2 -2.192
31.21 -2.1915
31.22 -2.191
31.23 -2.1906
31.24 -2.1902
31.25 -2.1899
31.26 -2.1895
31.27 -2.1893
31.28 -2.189
31.29 -2.1888
31.3 -2.1887
31.31 -2.1885
31.32 -2.1885
31.33 -2.1884
31.34 -2.1884
31.35 -2.1883
31.36 -2.1882
31.37 -2.1881
31.38 -2.1879
31.39 -2.1876
31.4 -2.1872
31.41 -2.1868
31.42 -2.1863
31.43 -2.1858
31.44 -2.1852
31.45 -2.1847
31.46 -2.1841
31.47 -2.1835
31.48 -2.183
31.49 -2.1824
31.5 -2.1819
31.51 -2.1815
31.52 -2.181
31.53 -2.1806
31.54 -2.1802
31.55 -2.1798
31.56 -2.1793
31.57 -2.1789
31.58 -2.1785
31.59 -2.1781
31.6 -2.1777
31.61 -2.1774
31.62 -2.1772
31.63 -2.1769
31.64 -2.1767
31.65 -2.1764
31.66 -2.1762
31.67 -2.176
31.68 -2.1757
31.69 -2.1754
31.7 -2.1751
31.71 -2.1748
31.72 -2.1745
31.73 -2.1742
31.74 -2.1739
31.75 -2.1737
31.76 -2.1736
31.77 -2.1735
31.78 -2.1735
31.79 -2.1736
31.8 -2.1737
31.81 -2.1738
31.82 -2.174
31.83 -2.1743
31.84 -2.1746
31.85 -2.1749
31.86 -2.1752
31.87 -2.1755
31.88 -2.1758
31.89 -2.1759
31.9 -2.1761
31.91 -2.1761
31.92 -2.1762
31.93 -2.1762
31.94 -2.1761
31.95 -2.176
31.96 -2.1759
31.97 -2.1758
31.98 -2.1758
31.99 -2.1757
32 -2.1757
32.01 -2.1757
32.02 -2.1758
32.03 -2.1758
32.04 -2.176
32.05 -2.1761
32.06 -2.1762
32.07 -2.1763
32.08 -2.1764
32.09 -2.1765
32.1 -2.1767
32.11 -2.1768
32.12 -2.1771
32.13 -2.1773
32.14 -2.1776
32.15 -2.1779
32.16 -2.1782
32.17 -2.1785
32.18 -2.1788
32.19 -2.179
32.2 -2.1792
32.21 -2.1793
32.22 -2.1794
32.23 -2.1795
32.24 -2.1795
32.25 -2.1795
32.26 -2.1795
32.27 -2.1795
32.28 -2.1795
32.29 -2.1795
32.3 -2.1795
32.31 -2.1795
32.32 -2.1795
32.33 -2.1795
32.34 -2.1795
32.35 -2.1796
32.36 -2.1798
32.37 -2.1799
32.38 -2.1801
32.39 -2.1803
32.4 -2.1804
32.41 -2.1805
32.42 -2.1806
32.43 -2.1806
32.44 -2.1805
32.45 -2.1805
32.46 -2.1804
32.47 -2.1804
32.48 -2.1804
32.49 -2.1805
32.5 -2.1806
32.51 -2.1807
32.52 -2.1809
32.53 -2.1812
32.54 -2.1814
32.55 -2.1816
32.56 -2.1818
32.57 -2.182
32.58 -2.1821
32.59 -2.1823
32.6 -2.1824
32.61 -2.1826
32.62 -2.1829
32.63 -2.1835
32.64 -2.1843
32.65 -2.1853
32.66 -2.1866
32.67 -2.1882
32.68 -2.19
32.69 -2.1919
32.7 -2.1939
32.71 -2.1959
32.72 -2.1978
32.73 -2.1995
32.74 -2.2011
32.75 -2.2024
32.76 -2.2034
32.77 -2.2043
32.78 -2.2048
32.79 -2.2052
32.8 -2.2053
32.81 -2.2053
32.82 -2.2051
32.83 -2.2048
32.84 -2.2045
32.85 -2.2041
32.86 -2.2037
32.87 -2.2033
32.88 -2.2029
32.89 -2.2026
32.9 -2.2023
32.91 -2.202
32.92 -2.2017
32.93 -2.2014
32.94 -2.2012
32.95 -2.201
32.96 -2.2007
32.97 -2.2004
32.98 -2.2
32.99 -2.1996
33 -2.1991
33.01 -2.1986
33.02 -2.1981
33.03 -2.1975
33.04 -2.197
33.05 -2.1966
33.06 -2.1962
33.07 -2.1959
33.08 -2.1957
33.09 -2.1956
33.1 -2.1956
33.11 -2.1956
33.12 -2.1956
33.13 -2.1957
33.14 -2.1958
33.15 -2.1958
33.16 -2.1959
33.17 -2.1961
33.18 -2.1962
33.19 -2.1964
33.2 -2.1966
33.21 -2.1969
33.22 -2.1973
33.23 -2.1977
33.24 -2.1982
33.25 -2.1987
33.26 -2.1992
33.27 -2.1998
33.28 -2.2003
33.29 -2.2008
33.3 -2.2012
33.31 -2.2016
33.32 -2.2019
33.33 -2.2022
33.34 -2.2024
33.35 -2.2025
33.36 -2.2025
33.37 -2.2026
33.38 -2.2026
33.39 -2.2026
33.4 -2.2026
33.41 -2.2026
33.42 -2.2026
33.43 -2.2027
33.44 -2.2028
33.45 -2.203
33.46 -2.2032
33.47 -2.2034
33.48 -2.2036
33.49 -2.2039
33.5 -2.2042
33.51 -2.2045
33.52 -2.2048
33.53 -2.2051
33.54 -2.2054
33.55 -2.2057
33.56 -2.2059
33.57 -2.2062
33.58 -2.2064
33.59 -2.2066
33.6 -2.2068
33.61 -2.2069
33.62 -2.2071
33.63 -2.2073
33.64 -2.2074
33.65 -2.2076
33.66 -2.2077
33.67 -2.2079
33.68 -2.208
33.69 -2.2081
33.7 -2.2082
33.71 -2.2083
33.72 -2.2085
33.73 -2.2086
33.74 -2.2087
33.75 -2.2088
33.76 -2.2089
33.77 -2.209
33.78 -2.2092
33.79 -2.2093
33.8 -2.2094
33.81 -2.2094
33.82 -2.2095
33.83 -2.2095
33.84 -2.2095
33.85 -2.2094
33.86 -2.2094
33.87 -2.2093
33.88 -2.2093
33.89 -2.2092
33.9 -2.2092
33.91 -2.2091
33.92 -2.2092
33.93 -2.2092
33.94 -2.2093
33.95 -2.2093
33.96 -2.2094
33.97 -2.2095
33.98 -2.2097
33.99 -2.2098
34 -2.2099
34.01 -2.2101
34.02 -2.2103
34.03 -2.2105
34.04 -2.2107
34.05 -2.2108
34.06 -2.211
34.07 -2.2112
34.08 -2.2113
34.09 -2.2115
34.1 -2.2116
34.11 -2.2117
34.12 -2.2118
34.13 -2.2118
34.14 -2.2119
34.15 -2.2119
34.16 -2.2119
34.17 -2.2118
34.18 -2.2116
34.19 -2.2114
34.2 -2.2111
34.21 -2.2107
34.22 -2.2103
34.23 -2.2099
34.24 -2.2095
34.25 -2.2092
34.26 -2.209
34.27 -2.2087
34.28 -2.2086
34.29 -2.2084
34.3 -2.2083
34.31 -2.2082
34.32 -2.2081
34.33 -2.208
34.34 -2.2078
34.35 -2.2077
34.36 -2.2075
34.37 -2.2073
34.38 -2.2071
34.39 -2.2069
34.4 -2.2067
34.41 -2.2066
34.42 -2.2064
34.43 -2.2063
34.44 -2.2062
34.45 -2.2061
34.46 -2.2061
34.47 -2.2061
34.48 -2.2062
34.49 -2.2063
34.5 -2.2065
34.51 -2.2067
34.52 -2.207
34.53 -2.2073
34.54 -2.2076
34.55 -2.208
34.56 -2.2083
34.57 -2.2086
34.58 -2.2089
34.59 -2.2091
34.6 -2.2093
34.61 -2.2094
34.62 -2.2095
34.63 -2.2096
34.64 -2.2096
34.65 -2.2095
34.66 -2.2095
34.67 -2.2094
34.68 -2.2093
34.69 -2.2092
34.7 -2.2091
34.71 -2.209
34.72 -2.2089
34.73 -2.2089
34.74 -2.209
34.75 -2.2092
34.76 -2.2095
34.77 -2.2099
34.78 -2.2104
34.79 -2.2109
34.8 -2.2114
34.81 -2.212
34.82 -2.2125
34.83 -2.213
34.84 -2.2135
34.85 -2.214
34.86 -2.2144
34.87 -2.2148
34.88 -2.215
34.89 -2.2152
34.9 -2.2152
34.91 -2.2152
34.92 -2.215
34.93 -2.2146
34.94 -2.2142
34.95 -2.2137
34.96 -2.213
34.97 -2.2124
34.98 -2.2117
34.99 -2.2111
35 -2.2105
35.01 -2.21
35.02 -2.2095
35.03 -2.2091
35.04 -2.2088
35.05 -2.2086
35.06 -2.2084
35.07 -2.2082
35.08 -2.2081
35.09 -2.208
35.1 -2.2079
35.11 -2.2078
35.12 -2.2077
35.13 -2.2076
35.14 -2.2075
35.15 -2.2074
35.16 -2.2073
35.17 -2.2072
35.18 -2.2071
35.19 -2.2071
35.2 -2.2072
35.21 -2.2075
35.22 -2.2079
35.23 -2.2084
35.24 -2.2092
35.25 -2.2101
35.26 -2.2112
35.27 -2.2124
35.28 -2.2137
35.29 -2.2152
35.3 -2.2167
35.31 -2.2182
35.32 -2.2197
35.33 -2.2212
35.34 -2.2225
35.35 -2.2236
35.36 -2.2246
35.37 -2.2254
35.38 -2.226
35.39 -2.2264
35.4 -2.2266
35.41 -2.2265
35.42 -2.2263
35.43 -2.2258
35.44 -2.2252
35.45 -2.2244
35.46 -2.2234
35.47 -2.2223
35.48 -2.2212
35.49 -2.2199
35.5 -2.2187
35.51 -2.2174
35.52 -2.2161
35.53 -2.2149
35.54 -2.2136
35.55 -2.2125
35.56 -2.2113
35.57 -2.2102
35.58 -2.2092
35.59 -2.2081
35.6 -2.2071
35.61 -2.2061
35.62 -2.205
35.63 -2.2039
35.64 -2.2028
35.65 -2.2016
35.66 -2.2004
35.67 -2.1992
35.68 -2.198
35.69 -2.1968
35.7 -2.1956
35.71 -2.1943
35.72 -2.1931
35.73 -2.1919
35.74 -2.1906
35.75 -2.1894
35.76 -2.1882
35.77 -2.187
35.78 -2.1859
35.79 -2.1848
35.8 -2.1838
35.81 -2.1828
35.82 -2.1818
35.83 -2.1808
35.84 -2.1799
35.85 -2.1789
35.86 -2.178
35.87 -2.177
35.88 -2.176
35.89 -2.175
35.9 -2.1739
35.91 -2.1728
35.92 -2.1715
35.93 -2.17
35.94 -2.1683
35.95 -2.1665
35.96 -2.1645
35.97 -2.1624
35.98 -2.1602
35.99 -2.1579
36 -2.1557
36.01 -2.1536
36.02 -2.1516
36.03 -2.1498
36.04 -2.1481
36.05 -2.1466
36.06 -2.1453
36.07 -2.1442
36.08 -2.1431
36.09 -2.1422
36.1 -2.1413
36.11 -2.1405
36.12 -2.1397
36.13 -2.139
36.14 -2.1382
36.15 -2.1374
36.16 -2.1367
36.17 -2.1359
36.18 -2.1352
