0 -0.99706
0.01 -0.99189
0.02 -0.98651
0.03 -0.98102
0.04 -0.97542
0.05 -0.96953
0.06 -0.96312
0.07 -0.95585
0.08 -0.94731
0.09 -0.93722
0.1 -0.92556
0.11 -0.91252
0.12 -0.89841
0.13 -0.88362
0.14 -0.86866
0.15 -0.85405
0.16 -0.84027
0.17 -0.82764
0.18 -0.81633
0.19 -0.80629
0.2 -0.79741
0.21 -0.78956
0.22 -0.78269
0.23 -0.7768
0.24 -0.77195
0.25 -0.76812
0.26 -0.76521
0.27 -0.76297
0.28 -0.76114
0.29 -0.75956
0.3 -0.7582
0.31 -0.75718
0.32 -0.75674
0.33 -0.75719
0.34 -0.75873
0.35 -0.76133
0.36 -0.7648
0.37 -0.76894
0.38 -0.77357
0.39 -0.77852
0.4 -0.78358
0.41 -0.78845
0.42 -0.79281
0.43 -0.79641
0.44 -0.79921
0.45 -0.80134
0.46 -0.80304
0.47 -0.80449
0.48 -0.80591
0.49 -0.80753
0.5 -0.80953
0.51 -0.81199
0.52 -0.81482
0.53 -0.81789
0.54 -0.82108
0.55 -0.82426
0.56 -0.82724
0.57 -0.82985
0.58 -0.83194
0.59 -0.83348
0.6 -0.83451
0.61 -0.83514
0.62 -0.83551
0.63 -0.83582
0.64 -0.83615
0.65 -0.83655
0.66 -0.83707
0.67 -0.83777
0.68 -0.83861
0.69 -0.83948
0.7 -0.84021
0.71 -0.84066
0.72 -0.84072
0.73 -0.84031
0.74 -0.8394
0.75 -0.83811
0.76 -0.83661
0.77 -0.83505
0.78 -0.83346
0.79 -0.83177
0.8 -0.82994
0.81 -0.82796
0.82 -0.82584
0.83 -0.82357
0.84 -0.82122
0.85 -0.81888
0.86 -0.81661
0.87 -0.81441
0.88 -0.81225
0.89 -0.81011
0.9 -0.80796
0.91 -0.80568
0.92 -0.80315
0.93 -0.80037
0.94 -0.79742
0.95 -0.79445
0.96 -0.79163
0.97 -0.78913
0.98 -0.78706
0.99 -0.78541
1 -0.78408
1.01 -0.78299
1.02 -0.78214
1.03 -0.7816
1.04 -0.7815
1.05 -0.78198
1.06 -0.78315
1.07 -0.78508
1.08 -0.78774
1.09 -0.79098
1.1 -0.79459
1.11 -0.79845
1.12 -0.8026
1.13 -0.8072
1.14 -0.81241
1.15 -0.81829
1.16 -0.82471
1.17 -0.8314
1.18 -0.83808
1.19 -0.8445
1.2 -0.85045
1.21 -0.85578
1.22 -0.86031
1.23 -0.86391
1.24 -0.86643
1.25 -0.86778
1.26 -0.868
1.27 -0.86724
1.28 -0.86574
1.29 -0.86375
1.3 -0.86141
1.31 -0.85872
1.32 -0.85563
1.33 -0.85212
1.34 -0.84829
1.35 -0.84432
1.36 -0.84048
1.37 -0.83706
1.38 -0.83436
1.39 -0.83268
1.4 -0.83225
1.41 -0.83317
1.42 -0.83537
1.43 -0.83857
1.44 -0.8424
1.45 -0.8464
1.46 -0.85009
1.47 -0.85311
1.48 -0.85531
1.49 -0.85675
1.5 -0.85763
1.51 -0.85826
1.52 -0.85897
1.53 -0.86008
1.54 -0.86182
1.55 -0.86435
1.56 -0.86778
1.57 -0.87209
1.58 -0.87733
1.59 -0.88376
1.6 -0.89181
1.61 -0.90183
1.62 -0.91397
1.63 -0.92807
1.64 -0.94367
1.65 -0.96007
1.66 -0.97642
1.67 -0.99189
1.68 -1.0058
1.69 -1.0178
1.7 -1.0274
1.71 -1.0346
1.72 -1.0395
1.73 -1.0424
1.74 -1.0437
1.75 -1.0438
1.76 -1.0432
1.77 -1.0423
1.78 -1.0415
1.79 -1.0414
1.8 -1.0421
1.81 -1.0439
1.82 -1.0468
1.83 -1.0507
1.84 -1.0556
1.85 -1.0614
1.86 -1.0677
1.87 -1.0742
1.88 -1.0801
1.89 -1.0846
1.9 -1.0869
1.91 -1.0865
1.92 -1.0833
1.93 -1.0777
1.94 -1.07
1.95 -1.0612
1.96 -1.0519
1.97 -1.0427
1.98 -1.0342
1.99 -1.0268
2 -1.0209
2.01 -1.0166
2.02 -1.0139
2.03 -1.0128
2.04 -1.0129
2.05 -1.0141
2.06 -1.0161
2.07 -1.0188
2.08 -1.0218
2.09 -1.0251
2.1 -1.0285
2.11 -1.0321
2.12 -1.0357
2.13 -1.0396
2.14 -1.0435
2.15 -1.0476
2.16 -1.0519
2.17 -1.0563
2.18 -1.0607
2.19 -1.0649
2.2 -1.0688
2.21 -1.072
2.22 -1.0746
2.23 -1.0764
2.24 -1.0776
2.25 -1.0783
2.26 -1.0786
2.27 -1.079
2.28 -1.0794
2.29 -1.08
2.3 -1.0808
2.31 -1.0818
2.32 -1.083
2.33 -1.0841
2.34 -1.0853
2.35 -1.0863
2.36 -1.0871
2.37 -1.0875
2.38 -1.0877
2.39 -1.0875
2.4 -1.0872
2.41 -1.087
2.42 -1.0871
2.43 -1.0876
2.44 -1.0886
2.45 -1.0904
2.46 -1.0931
2.47 -1.0968
2.48 -1.1018
2.49 -1.1077
2.5 -1.1143
2.51 -1.121
2.52 -1.1273
2.53 -1.1324
2.54 -1.136
2.55 -1.1376
2.56 -1.1374
2.57 -1.1356
2.58 -1.1327
2.59 -1.1291
2.6 -1.1254
2.61 -1.1218
2.62 -1.1186
2.63 -1.1162
2.64 -1.1147
2.65 -1.1142
2.66 -1.1147
2.67 -1.1161
2.68 -1.1181
2.69 -1.1207
2.7 -1.1235
2.71 -1.1263
2.72 -1.1289
2.73 -1.1311
2.74 -1.1329
2.75 -1.1342
2.76 -1.135
2.77 -1.1354
2.78 -1.1353
2.79 -1.1348
2.8 -1.134
2.81 -1.133
2.82 -1.1321
2.83 -1.1313
2.84 -1.1308
2.85 -1.1309
2.86 -1.1314
2.87 -1.1325
2.88 -1.1342
2.89 -1.1362
2.9 -1.1384
2.91 -1.1408
2.92 -1.1432
2.93 -1.1453
2.94 -1.1469
2.95 -1.1478
2.96 -1.1478
2.97 -1.1468
2.98 -1.1446
2.99 -1.1413
3 -1.1369
3.01 -1.1315
3.02 -1.1253
3.03 -1.1187
3.04 -1.1119
3.05 -1.1054
3.06 -1.0997
3.07 -1.0951
3.08 -1.0915
3.09 -1.0887
3.1 -1.0865
3.11 -1.0848
3.12 -1.0832
3.13 -1.0817
3.14 -1.0803
3.15 -1.079
3.16 -1.0779
3.17 -1.077
3.18 -1.0763
3.19 -1.0759
3.2 -1.0757
3.21 -1.0758
3.22 -1.0761
3.23 -1.0765
3.24 -1.0768
3.25 -1.0765
3.26 -1.0755
3.27 -1.0738
3.28 -1.0713
3.29 -1.068
3.3 -1.0642
3.31 -1.0601
3.32 -1.0559
3.33 -1.0517
3.34 -1.0475
3.35 -1.0436
3.36 -1.0398
3.37 -1.0362
3.38 -1.033
3.39 -1.0299
3.4 -1.027
3.41 -1.0243
3.42 -1.0217
3.43 -1.0193
3.44 -1.0172
3.45 -1.0154
3.46 -1.014
3.47 -1.0132
3.48 -1.0131
3.49 -1.0135
3.5 -1.0143
3.51 -1.0155
3.52 -1.0166
3.53 -1.0175
3.54 -1.018
3.55 -1.0178
3.56 -1.0168
3.57 -1.0149
3.58 -1.0119
3.59 -1.0081
3.6 -1.0035
3.61 -0.99823
3.62 -0.99264
3.63 -0.98684
3.64 -0.98099
3.65 -0.97514
3.66 -0.96928
3.67 -0.96324
3.68 -0.95674
3.69 -0.94945
3.7 -0.94109
3.71 -0.93145
3.72 -0.92047
3.73 -0.90833
3.74 -0.89535
3.75 -0.88197
3.76 -0.86863
3.77 -0.85565
3.78 -0.84327
3.79 -0.83166
3.8 -0.82102
3.81 -0.81167
3.82 -0.80393
3.83 -0.7981
3.84 -0.79453
3.85 -0.79358
3.86 -0.79562
3.87 -0.80096
3.88 -0.80977
3.89 -0.8221
3.9 -0.83774
3.91 -0.85623
3.92 -0.87671
3.93 -0.89803
3.94 -0.91869
3.95 -0.93711
3.96 -0.95173
3.97 -0.9614
3.98 -0.96571
3.99 -0.96533
4 -0.96149
4.01 -0.95519
4.02 -0.94681
4.03 -0.93646
4.04 -0.92435
4.05 -0.91093
4.06 -0.89685
4.07 -0.88295
4.08 -0.87012
4.09 -0.85924
4.1 -0.85093
4.11 -0.84552
4.12 -0.84303
4.13 -0.84323
4.14 -0.84562
4.15 -0.84964
4.16 -0.85483
4.17 -0.86078
4.18 -0.86713
4.19 -0.87355
4.2 -0.87974
4.21 -0.88553
4.22 -0.89087
4.23 -0.89589
4.24 -0.90082
4.25 -0.90589
4.26 -0.91131
4.27 -0.91724
4.28 -0.92377
4.29 -0.93095
4.3 -0.93869
4.31 -0.94686
4.32 -0.95535
4.33 -0.96416
4.34 -0.97332
4.35 -0.98288
4.36 -0.99281
4.37 -1.003
4.38 -1.0133
4.39 -1.0237
4.4 -1.0339
4.41 -1.0439
4.42 -1.0533
4.43 -1.0621
4.44 -1.0699
4.45 -1.0765
4.46 -1.0815
4.47 -1.085
4.48 -1.0869
4.49 -1.0873
4.5 -1.0863
4.51 -1.0839
4.52 -1.0799
4.53 -1.0743
4.54 -1.0671
4.55 -1.0585
4.56 -1.0488
4.57 -1.0382
4.58 -1.0269
4.59 -1.0153
4.6 -1.0035
4.61 -0.9918
4.62 -0.98028
4.63 -0.96913
4.64 -0.95849
4.65 -0.94845
4.66 -0.93915
4.67 -0.93067
4.68 -0.92305
4.69 -0.91631
4.7 -0.91054
4.71 -0.90587
4.72 -0.90237
4.73 -0.90002
4.74 -0.89874
4.75 -0.89853
4.76 -0.89951
4.77 -0.90189
4.78 -0.90589
4.79 -0.91162
4.8 -0.9191
4.81 -0.92828
4.82 -0.93905
4.83 -0.95117
4.84 -0.9643
4.85 -0.97797
4.86 -0.99165
4.87 -1.0047
4.88 -1.0168
4.89 -1.0274
4.9 -1.0364
4.91 -1.0439
4.92 -1.0498
4.93 -1.0543
4.94 -1.0575
4.95 -1.0596
4.96 -1.0606
4.97 -1.0604
4.98 -1.059
4.99 -1.0563
5 -1.0523
5.01 -1.0472
5.02 -1.0412
5.03 -1.0345
5.04 -1.0276
5.05 -1.0205
5.06 -1.0133
5.07 -1.0062
5.08 -0.99912
5.09 -0.99235
5.1 -0.98602
5.11 -0.98027
5.12 -0.97512
5.13 -0.97048
5.14 -0.9661
5.15 -0.96158
5.16 -0.95645
5.17 -0.95028
5.18 -0.94275
5.19 -0.93369
5.2 -0.92316
5.21 -0.91141
5.22 -0.89874
5.23 -0.88543
5.24 -0.87175
5.25 -0.85797
5.26 -0.84431
5.27 -0.83099
5.28 -0.81835
5.29 -0.8068
5.3 -0.79681
5.31 -0.7888
5.32 -0.78302
5.33 -0.77951
5.34 -0.77809
5.35 -0.77839
5.36 -0.7799
5.37 -0.78214
5.38 -0.78462
5.39 -0.78695
5.4 -0.78881
5.41 -0.79009
5.42 -0.79081
5.43 -0.79114
5.44 -0.79135
5.45 -0.79173
5.46 -0.79259
5.47 -0.79415
5.48 -0.79657
5.49 -0.79982
5.5 -0.80366
5.51 -0.80782
5.52 -0.81215
5.53 -0.81666
5.54 -0.8214
5.55 -0.82653
5.56 -0.83228
5.57 -0.83891
5.58 -0.84654
5.59 -0.85495
5.6 -0.86365
5.61 -0.87204
5.62 -0.87973
5.63 -0.88667
5.64 -0.89313
5.65 -0.89945
5.66 -0.90586
5.67 -0.91248
5.68 -0.91941
5.69 -0.92676
5.7 -0.93467
5.71 -0.94327
5.72 -0.95262
5.73 -0.96272
5.74 -0.97356
5.75 -0.98515
5.76 -0.99754
5.77 -1.0107
5.78 -1.0242
5.79 -1.0376
5.8 -1.0501
5.81 -1.0613
5.82 -1.0709
5.83 -1.0789
5.84 -1.0853
5.85 -1.0901
5.86 -1.0933
5.87 -1.095
5.88 -1.0951
5.89 -1.0939
5.9 -1.0917
5.91 -1.0891
5.92 -1.0865
5.93 -1.0847
5.94 -1.0838
5.95 -1.0841
5.96 -1.0854
5.97 -1.0877
5.98 -1.0907
5.99 -1.0939
6 -1.0971
6.01 -1.0998
6.02 -1.1016
6.03 -1.1024
6.04 -1.102
6.05 -1.1006
6.06 -1.0986
6.07 -1.0964
6.08 -1.0942
6.09 -1.0923
6.1 -1.0907
6.11 -1.0894
6.12 -1.0882
6.13 -1.0871
6.14 -1.0861
6.15 -1.0851
6.16 -1.0843
6.17 -1.0839
6.18 -1.0841
6.19 -1.0849
6.2 -1.0863
6.21 -1.088
6.22 -1.0898
6.23 -1.0914
6.24 -1.0926
6.25 -1.0932
6.26 -1.0933
6.27 -1.0929
6.28 -1.092
6.29 -1.0908
6.3 -1.0895
6.31 -1.0882
6.32 -1.0873
6.33 -1.0867
6.34 -1.0866
6.35 -1.0869
6.36 -1.0875
6.37 -1.0883
6.38 -1.0892
6.39 -1.0902
6.4 -1.0912
6.41 -1.0921
6.42 -1.093
6.43 -1.0939
6.44 -1.0951
6.45 -1.0964
6.46 -1.098
6.47 -1.1
6.48 -1.1024
6.49 -1.105
6.5 -1.108
6.51 -1.1111
6.52 -1.1145
6.53 -1.118
6.54 -1.1215
6.55 -1.125
6.56 -1.1284
6.57 -1.1317
6.58 -1.1347
6.59 -1.1372
6.6 -1.1393
6.61 -1.141
6.62 -1.1423
6.63 -1.1435
6.64 -1.1447
6.65 -1.1461
6.66 -1.1479
6.67 -1.1502
6.68 -1.1532
6.69 -1.1567
6.7 -1.1608
6.71 -1.1653
6.72 -1.1701
6.73 -1.1752
6.74 -1.1805
6.75 -1.186
6.76 -1.1916
6.77 -1.1973
6.78 -1.2029
6.79 -1.2081
6.8 -1.2127
6.81 -1.2161
6.82 -1.2178
6.83 -1.2177
6.84 -1.2156
6.85 -1.2118
6.86 -1.2065
6.87 -1.2004
6.88 -1.194
6.89 -1.1879
6.9 -1.1828
6.91 -1.179
6.92 -1.1766
6.93 -1.1757
6.94 -1.176
6.95 -1.1774
6.96 -1.1793
6.97 -1.1814
6.98 -1.1832
6.99 -1.1841
7 -1.1838
7.01 -1.182
7.02 -1.1788
7.03 -1.174
7.04 -1.1682
7.05 -1.1616
7.06 -1.1549
7.07 -1.1486
7.08 -1.1434
7.09 -1.1398
7.1 -1.1379
7.11 -1.1379
7.12 -1.1396
7.13 -1.143
7.14 -1.1477
7.15 -1.1535
7.16 -1.1602
7.17 -1.1674
7.18 -1.1746
7.19 -1.1813
7.2 -1.1871
7.21 -1.1916
7.22 -1.1946
7.23 -1.1961
7.24 -1.1962
7.25 -1.1952
7.26 -1.1933
7.27 -1.1909
7.28 -1.1884
7.29 -1.186
7.3 -1.1839
7.31 -1.1823
7.32 -1.1813
7.33 -1.1809
7.34 -1.1809
7.35 -1.1811
7.36 -1.1814
7.37 -1.1816
7.38 -1.1816
7.39 -1.1813
7.4 -1.1808
7.41 -1.1801
7.42 -1.1795
7.43 -1.1792
7.44 -1.1792
7.45 -1.1797
7.46 -1.1807
7.47 -1.1821
7.48 -1.1839
7.49 -1.186
7.5 -1.1883
7.51 -1.1907
7.52 -1.1932
7.53 -1.1958
7.54 -1.1984
7.55 -1.2009
7.56 -1.2033
7.57 -1.2051
7.58 -1.2064
7.59 -1.2069
7.6 -1.2065
7.61 -1.2052
7.62 -1.2031
7.63 -1.2003
7.64 -1.1968
7.65 -1.1925
7.66 -1.1876
7.67 -1.1823
7.68 -1.177
7.69 -1.172
7.7 -1.1674
7.71 -1.1635
7.72 -1.1604
7.73 -1.1581
7.74 -1.1562
7.75 -1.1546
7.76 -1.1529
7.77 -1.151
7.78 -1.1485
7.79 -1.1454
7.8 -1.1417
7.81 -1.1375
7.82 -1.1329
7.83 -1.1281
7.84 -1.1231
7.85 -1.1181
7.86 -1.113
7.87 -1.1079
7.88 -1.1026
7.89 -1.0969
7.9 -1.0908
7.91 -1.0843
7.92 -1.0776
7.93 -1.0709
7.94 -1.0644
7.95 -1.0585
7.96 -1.0534
7.97 -1.0491
7.98 -1.0458
7.99 -1.0433
8 -1.0416
8.01 -1.0404
8.02 -1.0398
8.03 -1.0395
8.04 -1.0395
8.05 -1.0396
8.06 -1.0397
8.07 -1.0399
8.08 -1.0401
8.09 -1.0404
8.1 -1.041
8.11 -1.0419
8.12 -1.0431
8.13 -1.0445
8.14 -1.046
8.15 -1.0475
8.16 -1.0488
8.17 -1.0498
8.18 -1.0502
8.19 -1.05
8.2 -1.0492
8.21 -1.048
8.22 -1.0464
8.23 -1.0447
8.24 -1.0431
8.25 -1.0418
8.26 -1.0409
8.27 -1.0405
8.28 -1.0407
8.29 -1.0416
8.3 -1.0429
8.31 -1.0445
8.32 -1.0464
8.33 -1.0483
8.34 -1.0499
8.35 -1.051
8.36 -1.0517
8.37 -1.0518
8.38 -1.0514
8.39 -1.0507
8.4 -1.0499
8.41 -1.0491
8.42 -1.0484
8.43 -1.0479
8.44 -1.0478
8.45 -1.048
8.46 -1.0488
8.47 -1.05
8.48 -1.0516
8.49 -1.0534
8.5 -1.0554
8.51 -1.0574
8.52 -1.0594
8.53 -1.0613
8.54 -1.0632
8.55 -1.0651
8.56 -1.067
8.57 -1.0688
8.58 -1.0706
8.59 -1.0723
8.6 -1.074
8.61 -1.0756
8.62 -1.0772
8.63 -1.0785
8.64 -1.0795
8.65 -1.0801
8.66 -1.0802
8.67 -1.0798
8.68 -1.0789
8.69 -1.0778
8.7 -1.0765
8.71 -1.0753
8.72 -1.0745
8.73 -1.0739
8.74 -1.0736
8.75 -1.0736
8.76 -1.0738
8.77 -1.0742
8.78 -1.0748
8.79 -1.0755
8.8 -1.0765
8.81 -1.0776
8.82 -1.0789
8.83 -1.0802
8.84 -1.0816
8.85 -1.0831
8.86 -1.0845
8.87 -1.0858
8.88 -1.0871
8.89 -1.0882
8.9 -1.0894
8.91 -1.0907
8.92 -1.0923
8.93 -1.0943
8.94 -1.0972
8.95 -1.1009
8.96 -1.1054
8.97 -1.1107
8.98 -1.1165
8.99 -1.1225
9 -1.1284
9.01 -1.1341
9.02 -1.1393
9.03 -1.1438
9.04 -1.1475
9.05 -1.1506
9.06 -1.1533
9.07 -1.156
9.08 -1.1593
9.09 -1.1631
9.1 -1.1676
9.11 -1.1725
9.12 -1.1775
9.13 -1.1823
9.14 -1.1867
9.15 -1.1905
9.16 -1.1936
9.17 -1.1961
9.18 -1.1979
9.19 -1.199
9.2 -1.1995
9.21 -1.1993
9.22 -1.1984
9.23 -1.1968
9.24 -1.1947
9.25 -1.1921
9.26 -1.1892
9.27 -1.186
9.28 -1.1825
9.29 -1.1788
9.3 -1.1749
9.31 -1.1709
9.32 -1.1668
9.33 -1.1627
9.34 -1.1588
9.35 -1.1551
9.36 -1.1518
9.37 -1.1489
9.38 -1.1466
9.39 -1.1449
9.4 -1.1438
9.41 -1.1432
9.42 -1.1432
9.43 -1.1436
9.44 -1.1443
9.45 -1.1452
9.46 -1.1463
9.47 -1.1473
9.48 -1.1481
9.49 -1.1486
9.5 -1.1487
9.51 -1.1485
9.52 -1.1481
9.53 -1.1476
9.54 -1.1471
9.55 -1.1466
9.56 -1.146
9.57 -1.1455
9.58 -1.145
9.59 -1.1445
9.6 -1.144
9.61 -1.1434
9.62 -1.1425
9.63 -1.1415
9.64 -1.1403
9.65 -1.1391
9.66 -1.1377
9.67 -1.1364
9.68 -1.135
9.69 -1.1337
9.7 -1.1322
9.71 -1.1307
9.72 -1.1292
9.73 -1.1277
9.74 -1.1262
9.75 -1.1248
9.76 -1.1236
9.77 -1.1224
9.78 -1.1211
9.79 -1.1195
9.8 -1.1176
9.81 -1.1154
9.82 -1.1127
9.83 -1.1097
9.84 -1.1066
9.85 -1.1036
9.86 -1.1006
9.87 -1.0977
9.88 -1.0949
9.89 -1.0922
9.9 -1.0896
9.91 -1.0871
9.92 -1.0847
9.93 -1.0822
9.94 -1.0795
9.95 -1.0764
9.96 -1.0729
9.97 -1.0688
9.98 -1.0643
9.99 -1.0596
10 -1.055
10.01 -1.0507
10.02 -1.0468
10.03 -1.0436
10.04 -1.0408
10.05 -1.0386
10.06 -1.037
10.07 -1.0358
10.08 -1.0351
10.09 -1.0349
10.1 -1.0351
10.11 -1.0357
10.12 -1.0365
10.13 -1.0374
10.14 -1.0384
10.15 -1.0393
10.16 -1.0401
10.17 -1.0406
10.18 -1.0408
10.19 -1.0407
10.2 -1.0405
10.21 -1.04
10.22 -1.0395
10.23 -1.0391
10.24 -1.0388
10.25 -1.0388
10.26 -1.0391
10.27 -1.0398
10.28 -1.0411
10.29 -1.0431
10.3 -1.046
10.31 -1.0499
10.32 -1.055
10.33 -1.0613
10.34 -1.0686
10.35 -1.0766
10.36 -1.0853
10.37 -1.0942
10.38 -1.1033
10.39 -1.1124
10.4 -1.1213
10.41 -1.1299
10.42 -1.1378
10.43 -1.1446
10.44 -1.1502
10.45 -1.1544
10.46 -1.157
10.47 -1.158
10.48 -1.1574
10.49 -1.1555
10.5 -1.1524
10.51 -1.1484
10.52 -1.1441
10.53 -1.1397
10.54 -1.1357
10.55 -1.1323
10.56 -1.1298
10.57 -1.1281
10.58 -1.1273
10.59 -1.1272
10.6 -1.1275
10.61 -1.128
10.62 -1.1285
10.63 -1.1289
10.64 -1.129
10.65 -1.1289
10.66 -1.1285
10.67 -1.1276
10.68 -1.1264
10.69 -1.1248
10.7 -1.1228
10.71 -1.1205
10.72 -1.1178
10.73 -1.1148
10.74 -1.1114
10.75 -1.1076
10.76 -1.1037
10.77 -1.0998
10.78 -1.0961
10.79 -1.0928
10.8 -1.09
10.81 -1.0877
10.82 -1.086
10.83 -1.0848
10.84 -1.0842
10.85 -1.084
10.86 -1.0844
10.87 -1.0851
10.88 -1.086
10.89 -1.0872
10.9 -1.0884
10.91 -1.0898
10.92 -1.0912
10.93 -1.0925
10.94 -1.0937
10.95 -1.0948
10.96 -1.0958
10.97 -1.0968
10.98 -1.0976
10.99 -1.0985
11 -1.0994
11.01 -1.1004
11.02 -1.1013
11.03 -1.102
11.04 -1.1023
11.05 -1.1022
11.06 -1.1017
11.07 -1.1009
11.08 -1.0998
11.09 -1.0988
11.1 -1.098
11.11 -1.0976
11.12 -1.0976
11.13 -1.0982
11.14 -1.0991
11.15 -1.1003
11.16 -1.1018
11.17 -1.1035
11.18 -1.1051
11.19 -1.1065
11.2 -1.1077
11.21 -1.1084
11.22 -1.1084
11.23 -1.1078
11.24 -1.1065
11.25 -1.1045
11.26 -1.1021
11.27 -1.0993
11.28 -1.0967
11.29 -1.0945
11.3 -1.0928
11.31 -1.0917
11.32 -1.091
11.33 -1.0908
11.34 -1.0909
11.35 -1.0912
11.36 -1.0916
11.37 -1.092
11.38 -1.0921
11.39 -1.092
11.4 -1.0917
11.41 -1.0914
11.42 -1.0911
11.43 -1.091
11.44 -1.091
11.45 -1.0911
11.46 -1.0912
11.47 -1.091
11.48 -1.0904
11.49 -1.0895
11.5 -1.0881
11.51 -1.0865
11.52 -1.0845
11.53 -1.0823
11.54 -1.08
11.55 -1.0778
11.56 -1.0759
11.57 -1.0744
11.58 -1.0734
11.59 -1.0727
11.6 -1.0725
11.61 -1.0726
11.62 -1.0729
11.63 -1.0733
11.64 -1.0737
11.65 -1.074
11.66 -1.074
11.67 -1.0738
11.68 -1.0732
11.69 -1.0722
11.7 -1.0708
11.71 -1.0691
11.72 -1.0674
11.73 -1.0657
11.74 -1.0643
11.75 -1.0634
11.76 -1.063
11.77 -1.0629
11.78 -1.063
11.79 -1.0628
11.8 -1.062
11.81 -1.0605
11.82 -1.0581
11.83 -1.0552
11.84 -1.0522
11.85 -1.0498
11.86 -1.0485
11.87 -1.0488
11.88 -1.0504
11.89 -1.053
11.9 -1.0562
11.91 -1.0593
11.92 -1.062
11.93 -1.0639
11.94 -1.0648
11.95 -1.0649
11.96 -1.0642
11.97 -1.063
11.98 -1.0615
11.99 -1.0597
12 -1.0579
12.01 -1.0559
12.02 -1.0537
12.03 -1.0514
12.04 -1.049
12.05 -1.0466
12.06 -1.0443
12.07 -1.0422
12.08 -1.0404
12.09 -1.0391
12.1 -1.0383
12.11 -1.0378
12.12 -1.0376
12.13 -1.0375
12.14 -1.0374
12.15 -1.0371
12.16 -1.0369
12.17 -1.0367
12.18 -1.0366
12.19 -1.0367
12.2 -1.0369
12.21 -1.0373
12.22 -1.038
12.23 -1.0389
12.24 -1.0399
12.25 -1.0409
12.26 -1.0417
12.27 -1.0422
12.28 -1.0425
12.29 -1.0426
12.3 -1.0426
12.31 -1.0425
12.32 -1.0425
12.33 -1.0426
12.34 -1.0431
12.35 -1.0441
12.36 -1.0457
12.37 -1.048
12.38 -1.0511
12.39 -1.0549
12.4 -1.0593
12.41 -1.0639
12.42 -1.0687
12.43 -1.0734
12.44 -1.0778
12.45 -1.0816
12.46 -1.0848
12.47 -1.0872
12.48 -1.0889
12.49 -1.0902
12.5 -1.091
12.51 -1.0916
12.52 -1.092
12.53 -1.0922
12.54 -1.0921
12.55 -1.0916
12.56 -1.0909
12.57 -1.0898
12.58 -1.0885
12.59 -1.0869
12.6 -1.0853
12.61 -1.0838
12.62 -1.0824
12.63 -1.0814
12.64 -1.0808
12.65 -1.0807
12.66 -1.081
12.67 -1.0819
12.68 -1.0832
12.69 -1.0848
12.7 -1.0866
12.71 -1.0884
12.72 -1.0902
12.73 -1.0917
12.74 -1.093
12.75 -1.094
12.76 -1.0948
12.77 -1.0954
12.78 -1.0959
12.79 -1.0962
12.8 -1.0965
12.81 -1.0967
12.82 -1.0968
12.83 -1.0968
12.84 -1.0967
12.85 -1.0965
12.86 -1.096
12.87 -1.0955
12.88 -1.0948
12.89 -1.094
12.9 -1.0932
12.91 -1.0924
12.92 -1.0917
12.93 -1.0911
12.94 -1.0906
12.95 -1.0903
12.96 -1.09
12.97 -1.0899
12.98 -1.0899
12.99 -1.09
13 -1.0901
13.01 -1.0905
13.02 -1.0909
13.03 -1.0915
13.04 -1.0921
13.05 -1.0927
13.06 -1.0933
13.07 -1.0938
13.08 -1.0943
13.09 -1.0948
13.1 -1.0953
13.11 -1.0957
13.12 -1.0962
13.13 -1.0967
13.14 -1.0972
13.15 -1.0977
13.16 -1.098
13.17 -1.0982
13.18 -1.0982
13.19 -1.0981
13.2 -1.098
13.21 -1.0979
13.22 -1.0977
13.23 -1.0975
13.24 -1.0973
13.25 -1.0971
13.26 -1.0971
13.27 -1.0971
13.28 -1.0971
13.29 -1.0972
13.3 -1.0973
13.31 -1.0975
13.32 -1.0977
13.33 -1.098
13.34 -1.0984
13.35 -1.0988
13.36 -1.0993
13.37 -1.0999
13.38 -1.1004
13.39 -1.1009
13.4 -1.1014
13.41 -1.1017
13.42 -1.102
13.43 -1.1023
13.44 -1.1025
13.45 -1.1028
13.46 -1.1029
13.47 -1.1031
13.48 -1.1031
13.49 -1.1031
13.5 -1.1031
13.51 -1.1029
13.52 -1.1027
13.53 -1.1023
13.54 -1.1019
13.55 -1.1015
13.56 -1.1012
13.57 -1.101
13.58 -1.101
13.59 -1.1014
13.6 -1.1019
13.61 -1.1028
13.62 -1.1039
13.63 -1.1051
13.64 -1.1066
13.65 -1.108
13.66 -1.1095
13.67 -1.111
13.68 -1.1124
13.69 -1.1137
13.7 -1.1149
13.71 -1.1159
13.72 -1.1168
13.73 -1.1175
13.74 -1.1181
13.75 -1.1186
13.76 -1.1191
13.77 -1.1195
13.78 -1.1199
13.79 -1.1202
13.8 -1.1206
13.81 -1.1209
13.82 -1.1212
13.83 -1.1216
13.84 -1.122
13.85 -1.1224
13.86 -1.1229
13.87 -1.1233
13.88 -1.1236
13.89 -1.1239
13.9 -1.1241
13.91 -1.1243
13.92 -1.1244
13.93 -1.1244
13.94 -1.1245
13.95 -1.1245
13.96 -1.1246
13.97 -1.1248
13.98 -1.1251
13.99 -1.1255
14 -1.1258
14.01 -1.1262
14.02 -1.1265
14.03 -1.1268
14.04 -1.127
14.05 -1.1272
14.06 -1.1273
14.07 -1.1274
14.08 -1.1275
14.09 -1.1275
14.1 -1.1276
14.11 -1.1277
14.12 -1.128
14.13 -1.1283
14.14 -1.1287
14.15 -1.1292
14.16 -1.1296
14.17 -1.1299
14.18 -1.13
14.19 -1.13
14.2 -1.1299
14.21 -1.1297
14.22 -1.1294
14.23 -1.1291
14.24 -1.1288
14.25 -1.1286
14.26 -1.1284
14.27 -1.1283
14.28 -1.1281
14.29 -1.1279
14.3 -1.1277
14.31 -1.1275
14.32 -1.1274
14.33 -1.1274
14.34 -1.1273
14.35 -1.1273
14.36 -1.1272
14.37 -1.1272
14.38 -1.1271
14.39 -1.1272
14.4 -1.1272
14.41 -1.1273
14.42 -1.1275
14.43 -1.1276
14.44 -1.1278
14.45 -1.1279
14.46 -1.1281
14.47 -1.1283
14.48 -1.1286
14.49 -1.129
14.5 -1.1293
14.51 -1.1296
14.52 -1.1299
14.53 -1.1301
14.54 -1.1303
14.55 -1.1306
14.56 -1.1308
14.57 -1.1311
14.58 -1.1313
14.59 -1.1317
14.6 -1.132
14.61 -1.1324
14.62 -1.1328
14.63 -1.133
14.64 -1.133
14.65 -1.1329
14.66 -1.1326
14.67 -1.1323
14.68 -1.1318
14.69 -1.1313
14.7 -1.1308
14.71 -1.1304
14.72 -1.1301
14.73 -1.1299
14.74 -1.1296
14.75 -1.1293
14.76 -1.1291
14.77 -1.1289
14.78 -1.1288
14.79 -1.1289
14.8 -1.1291
14.81 -1.1294
14.82 -1.1297
14.83 -1.1302
14.84 -1.1306
14.85 -1.131
14.86 -1.1313
14.87 -1.1315
14.88 -1.1316
14.89 -1.1315
14.9 -1.1313
14.91 -1.1309
14.92 -1.1303
14.93 -1.1297
14.94 -1.1292
14.95 -1.1288
14.96 -1.1288
14.97 -1.1289
14.98 -1.1293
14.99 -1.1297
15 -1.1301
15.01 -1.1306
15.02 -1.131
15.03 -1.1315
15.04 -1.132
15.05 -1.1324
15.06 -1.1328
15.07 -1.1332
15.08 -1.1335
15.09 -1.1337
15.1 -1.1338
15.11 -1.1337
15.12 -1.1335
15.13 -1.1333
15.14 -1.1329
15.15 -1.1326
15.16 -1.1323
15.17 -1.1321
15.18 -1.1321
15.19 -1.1321
15.2 -1.1323
15.21 -1.1325
15.22 -1.1328
15.23 -1.1331
15.24 -1.1333
15.25 -1.1333
15.26 -1.1333
15.27 -1.1333
15.28 -1.1333
15.29 -1.1334
15.3 -1.1335
15.31 -1.1338
15.32 -1.1343
15.33 -1.1351
15.34 -1.136
15.35 -1.137
15.36 -1.138
15.37 -1.1389
15.38 -1.1399
15.39 -1.1407
15.4 -1.1415
15.41 -1.142
15.42 -1.1424
15.43 -1.1425
15.44 -1.1424
15.45 -1.1422
15.46 -1.1418
15.47 -1.1414
15.48 -1.1409
15.49 -1.1403
15.5 -1.1396
15.51 -1.1388
15.52 -1.1381
15.53 -1.1373
15.54 -1.1367
15.55 -1.1361
15.56 -1.1355
15.57 -1.135
15.58 -1.1345
15.59 -1.1338
15.6 -1.133
15.61 -1.1319
15.62 -1.1307
15.63 -1.1293
15.64 -1.1278
15.65 -1.1263
15.66 -1.1247
15.67 -1.1231
15.68 -1.1214
15.69 -1.1197
15.7 -1.1178
15.71 -1.1158
15.72 -1.1134
15.73 -1.1108
15.74 -1.1079
15.75 -1.1047
15.76 -1.1012
15.77 -1.0977
15.78 -1.0942
15.79 -1.0908
15.8 -1.0877
15.81 -1.0849
15.82 -1.0825
15.83 -1.0805
15.84 -1.0788
15.85 -1.0772
15.86 -1.0754
15.87 -1.0733
15.88 -1.0709
15.89 -1.0683
15.9 -1.0653
15.91 -1.0621
15.92 -1.0588
15.93 -1.0556
15.94 -1.0525
15.95 -1.0497
15.96 -1.047
15.97 -1.0446
15.98 -1.0425
15.99 -1.0406
16 -1.039
16.01 -1.0376
16.02 -1.0363
16.03 -1.0349
16.04 -1.0336
16.05 -1.032
16.06 -1.0304
16.07 -1.0287
16.08 -1.0271
16.09 -1.0256
16.1 -1.0244
16.11 -1.0235
16.12 -1.023
16.13 -1.0228
16.14 -1.0231
16.15 -1.0241
16.16 -1.0257
16.17 -1.0282
16.18 -1.0314
16.19 -1.0353
16.2 -1.0396
16.21 -1.0439
16.22 -1.048
16.23 -1.0516
16.24 -1.0544
16.25 -1.0564
16.26 -1.0575
16.27 -1.0578
16.28 -1.0575
16.29 -1.0568
16.3 -1.0557
16.31 -1.0546
16.32 -1.0536
16.33 -1.0531
16.34 -1.0532
16.35 -1.0541
16.36 -1.0558
16.37 -1.0583
16.38 -1.0617
16.39 -1.0657
16.4 -1.0701
16.41 -1.0744
16.42 -1.0784
16.43 -1.0815
16.44 -1.0837
16.45 -1.0845
16.46 -1.0839
16.47 -1.082
16.48 -1.0788
16.49 -1.0742
16.5 -1.0684
16.51 -1.0614
16.52 -1.0536
16.53 -1.0452
16.54 -1.0366
16.55 -1.0279
16.56 -1.0195
16.57 -1.0112
16.58 -1.0032
16.59 -0.99549
16.6 -0.98813
16.61 -0.98133
16.62 -0.97529
16.63 -0.97015
16.64 -0.96598
16.65 -0.96272
16.66 -0.9602
16.67 -0.95818
16.68 -0.95642
16.69 -0.9547
16.7 -0.95292
16.71 -0.95101
16.72 -0.94895
16.73 -0.94672
16.74 -0.94439
16.75 -0.94204
16.76 -0.9398
16.77 -0.93785
16.78 -0.93636
16.79 -0.93553
16.8 -0.93556
16.81 -0.93677
16.82 -0.93944
16.83 -0.94374
16.84 -0.94965
16.85 -0.95703
16.86 -0.96562
16.87 -0.97499
16.88 -0.98461
16.89 -0.99382
16.9 -1.0021
16.91 -1.009
16.92 -1.0145
16.93 -1.0188
16.94 -1.022
16.95 -1.0245
16.96 -1.0266
16.97 -1.0285
16.98 -1.0304
16.99 -1.0322
17 -1.0341
17.01 -1.0361
17.02 -1.0384
17.03 -1.0411
17.04 -1.0442
17.05 -1.0474
17.06 -1.051
17.07 -1.0549
17.08 -1.0593
17.09 -1.0639
17.1 -1.0688
17.11 -1.0739
17.12 -1.0792
17.13 -1.0845
17.14 -1.0898
17.15 -1.0953
17.16 -1.1007
17.17 -1.1061
17.18 -1.1111
17.19 -1.1154
17.2 -1.1188
17.21 -1.1212
17.22 -1.1226
17.23 -1.1229
17.24 -1.1223
17.25 -1.1209
17.26 -1.1188
17.27 -1.1162
17.28 -1.1133
17.29 -1.1104
17.3 -1.1078
17.31 -1.1057
17.32 -1.1042
17.33 -1.1037
17.34 -1.1042
17.35 -1.1057
17.36 -1.1081
17.37 -1.1111
17.38 -1.1144
17.39 -1.1174
17.4 -1.1201
17.41 -1.1219
17.42 -1.123
17.43 -1.1229
17.44 -1.1219
17.45 -1.1199
17.46 -1.1172
17.47 -1.1142
17.48 -1.111
17.49 -1.1079
17.5 -1.1051
17.51 -1.1027
17.52 -1.1008
17.53 -1.0993
17.54 -1.0982
17.55 -1.0975
17.56 -1.0968
17.57 -1.0963
17.58 -1.0958
17.59 -1.0954
17.6 -1.095
17.61 -1.095
17.62 -1.0952
17.63 -1.0958
17.64 -1.0966
17.65 -1.0977
17.66 -1.0991
17.67 -1.1009
17.68 -1.103
17.69 -1.1054
17.7 -1.1083
17.71 -1.1114
17.72 -1.1148
17.73 -1.1182
17.74 -1.1214
17.75 -1.1243
17.76 -1.127
17.77 -1.1293
17.78 -1.1314
17.79 -1.1331
17.8 -1.1344
17.81 -1.1353
17.82 -1.1355
17.83 -1.1351
17.84 -1.134
17.85 -1.1319
17.86 -1.129
17.87 -1.1253
17.88 -1.1209
17.89 -1.1161
17.9 -1.1113
17.91 -1.1065
17.92 -1.1018
17.93 -1.0973
17.94 -1.0929
17.95 -1.0885
17.96 -1.0842
17.97 -1.0798
17.98 -1.0756
17.99 -1.0715
18 -1.0677
18.01 -1.0642
18.02 -1.0611
18.03 -1.0584
18.04 -1.0562
18.05 -1.0545
18.06 -1.0532
18.07 -1.0522
18.08 -1.0516
18.09 -1.0514
18.1 -1.0515
18.11 -1.052
18.12 -1.0528
18.13 -1.0541
18.14 -1.0559
18.15 -1.0584
18.16 -1.0617
18.17 -1.0659
18.18 -1.071
18.19 -1.0769
18.2 -1.0833
18.21 -1.0901
18.22 -1.0967
18.23 -1.1032
18.24 -1.1091
18.25 -1.1143
18.26 -1.1187
18.27 -1.1221
18.28 -1.1243
18.29 -1.1253
18.3 -1.1254
18.31 -1.1246
18.32 -1.1236
18.33 -1.1227
18.34 -1.1221
18.35 -1.122
18.36 -1.1226
18.37 -1.124
18.38 -1.126
18.39 -1.1284
18.4 -1.1309
18.41 -1.133
18.42 -1.1345
18.43 -1.1354
18.44 -1.1355
18.45 -1.1349
18.46 -1.1338
18.47 -1.1324
18.48 -1.1311
18.49 -1.13
18.5 -1.1292
18.51 -1.1289
18.52 -1.1289
18.53 -1.1293
18.54 -1.1299
18.55 -1.1307
18.56 -1.1316
18.57 -1.1323
18.58 -1.1328
18.59 -1.1332
18.6 -1.1333
18.61 -1.1332
18.62 -1.1328
18.63 -1.1324
18.64 -1.132
18.65 -1.1318
18.66 -1.1318
18.67 -1.1319
18.68 -1.132
18.69 -1.132
18.7 -1.1316
18.71 -1.1308
18.72 -1.1292
18.73 -1.1268
18.74 -1.1235
18.75 -1.1194
18.76 -1.1148
18.77 -1.1097
18.78 -1.1043
18.79 -1.0989
18.8 -1.0938
18.81 -1.0891
18.82 -1.0849
18.83 -1.0809
18.84 -1.0771
18.85 -1.0732
18.86 -1.069
18.87 -1.0644
18.88 -1.0594
18.89 -1.0541
18.9 -1.0487
18.91 -1.0434
18.92 -1.038
18.93 -1.0328
18.94 -1.0276
18.95 -1.0226
18.96 -1.0177
18.97 -1.013
18.98 -1.0086
18.99 -1.0045
19 -1.0006
19.01 -0.99685
19.02 -0.99313
19.03 -0.98933
19.04 -0.98535
19.05 -0.98119
19.06 -0.977
19.07 -0.97301
19.08 -0.96947
19.09 -0.96663
19.1 -0.9647
19.11 -0.9638
19.12 -0.96398
19.13 -0.96519
19.14 -0.96729
19.15 -0.97009
19.16 -0.97339
19.17 -0.97697
19.18 -0.98061
19.19 -0.98407
19.2 -0.98707
19.21 -0.98935
19.22 -0.99067
19.23 -0.99089
19.24 -0.99004
19.25 -0.98837
19.26 -0.98625
19.27 -0.98408
19.28 -0.98217
19.29 -0.98066
19.3 -0.97961
19.31 -0.97895
19.32 -0.9786
19.33 -0.97835
19.34 -0.97786
19.35 -0.97673
19.36 -0.9745
19.37 -0.97082
19.38 -0.96552
19.39 -0.95855
19.4 -0.95001
19.41 -0.94009
19.42 -0.92899
19.43 -0.91686
19.44 -0.9039
19.45 -0.89057
19.46 -0.8774
19.47 -0.86485
19.48 -0.85333
19.49 -0.84364
19.5 -0.83708
19.51 -0.83478
19.52 -0.8365
19.53 -0.84047
19.54 -0.84445
19.55 -0.84703
19.56 -0.84772
19.57 -0.84656
19.58 -0.84383
19.59 -0.84022
19.6 -0.8366
19.61 -0.83338
19.62 -0.83055
19.63 -0.82816
19.64 -0.82645
19.65 -0.82559
19.66 -0.82555
19.67 -0.8261
19.68 -0.8269
19.69 -0.8277
19.7 -0.82833
19.71 -0.82878
19.72 -0.82911
19.73 -0.8294
19.74 -0.82969
19.75 -0.83003
19.76 -0.83053
19.77 -0.83125
19.78 -0.83218
19.79 -0.8332
19.8 -0.83422
19.81 -0.83514
19.82 -0.83591
19.83 -0.83648
19.84 -0.83685
19.85 -0.83704
19.86 -0.8371
19.87 -0.83717
19.88 -0.83741
19.89 -0.83797
19.9 -0.83888
19.91 -0.83998
19.92 -0.84098
19.93 -0.84163
19.94 -0.84176
19.95 -0.84134
19.96 -0.84042
19.97 -0.83915
19.98 -0.83769
19.99 -0.83617
20 -0.8347
20.01 -0.83335
20.02 -0.83222
20.03 -0.83135
20.04 -0.8307
20.05 -0.83023
20.06 -0.82995
20.07 -0.82998
20.08 -0.83045
20.09 -0.83136
20.1 -0.8326
20.11 -0.83402
20.12 -0.83551
20.13 -0.83711
20.14 -0.83884
20.15 -0.84069
20.16 -0.84257
20.17 -0.84439
20.18 -0.84614
20.19 -0.8478
20.2 -0.84936
20.21 -0.85082
20.22 -0.85218
20.23 -0.8534
20.24 -0.8544
20.25 -0.85508
20.26 -0.85535
20.27 -0.85517
20.28 -0.85462
20.29 -0.85383
20.3 -0.8529
20.31 -0.85189
20.32 -0.85076
20.33 -0.84945
20.34 -0.84795
20.35 -0.84631
20.36 -0.84455
20.37 -0.84268
20.38 -0.84076
20.39 -0.83886
20.4 -0.83707
20.41 -0.83536
20.42 -0.83364
20.43 -0.83175
20.44 -0.82959
20.45 -0.82716
20.46 -0.82461
20.47 -0.82211
20.48 -0.81981
20.49 -0.81779
20.5 -0.81607
20.51 -0.81471
20.52 -0.81372
20.53 -0.81303
20.54 -0.81257
20.55 -0.81226
20.56 -0.81208
20.57 -0.812
20.58 -0.81201
20.59 -0.8121
20.6 -0.8123
20.61 -0.81256
20.62 -0.81273
20.63 -0.81269
20.64 -0.8124
20.65 -0.81198
20.66 -0.81171
20.67 -0.81196
20.68 -0.8129
20.69 -0.81449
20.7 -0.81658
20.71 -0.81903
20.72 -0.82172
20.73 -0.82445
20.74 -0.82689
20.75 -0.82877
20.76 -0.82996
20.77 -0.83048
20.78 -0.83044
20.79 -0.82992
20.8 -0.82903
20.81 -0.82785
20.82 -0.82648
20.83 -0.825
20.84 -0.82347
20.85 -0.82183
20.86 -0.81987
20.87 -0.81728
20.88 -0.81379
20.89 -0.80919
20.9 -0.80332
20.91 -0.79609
20.92 -0.78748
20.93 -0.77773
20.94 -0.76743
20.95 -0.75758
20.96 -0.74961
20.97 -0.74509
20.98 -0.74512
20.99 -0.75
21 -0.7592
21.01 -0.77131
21.02 -0.7847
21.03 -0.79814
21.04 -0.81085
21.05 -0.82236
21.06 -0.83243
21.07 -0.84118
21.08 -0.84911
21.09 -0.85688
21.1 -0.86509
21.11 -0.87411
21.12 -0.88399
21.13 -0.89464
21.14 -0.9061
21.15 -0.91853
21.16 -0.93196
21.17 -0.94603
21.18 -0.96012
21.19 -0.9737
21.2 -0.98655
21.21 -0.99878
21.22 -1.0106
21.23 -1.0219
21.24 -1.0324
21.25 -1.0419
21.26 -1.0499
21.27 -1.0564
21.28 -1.0613
21.29 -1.065
21.3 -1.0676
21.31 -1.0695
21.32 -1.0708
21.33 -1.0716
21.34 -1.072
21.35 -1.072
21.36 -1.0718
21.37 -1.0715
21.38 -1.0713
21.39 -1.0712
21.4 -1.0714
21.41 -1.0719
21.42 -1.0728
21.43 -1.074
21.44 -1.0754
21.45 -1.077
21.46 -1.0784
21.47 -1.0798
21.48 -1.081
21.49 -1.0821
21.5 -1.0831
21.51 -1.0842
21.52 -1.0855
21.53 -1.0873
21.54 -1.0899
21.55 -1.0935
21.56 -1.098
21.57 -1.1031
21.58 -1.1085
21.59 -1.1137
21.6 -1.118
21.61 -1.1214
21.62 -1.1235
21.63 -1.1244
21.64 -1.1243
21.65 -1.1233
21.66 -1.1216
21.67 -1.1194
21.68 -1.1168
21.69 -1.1141
21.7 -1.1111
21.71 -1.1082
21.72 -1.1054
21.73 -1.103
21.74 -1.1013
21.75 -1.1005
21.76 -1.1006
21.77 -1.1016
21.78 -1.1032
21.79 -1.1051
21.8 -1.1071
21.81 -1.109
21.82 -1.1107
21.83 -1.1121
21.84 -1.1133
21.85 -1.1142
21.86 -1.1151
21.87 -1.1162
21.88 -1.1176
21.89 -1.1193
21.9 -1.1214
21.91 -1.124
21.92 -1.1267
21.93 -1.1294
21.94 -1.1318
21.95 -1.1337
21.96 -1.1348
21.97 -1.1351
21.98 -1.1347
21.99 -1.1335
22 -1.1319
22.01 -1.1299
22.02 -1.1277
22.03 -1.1254
22.04 -1.123
22.05 -1.1207
22.06 -1.1185
22.07 -1.1164
22.08 -1.1144
22.09 -1.1127
22.1 -1.1112
22.11 -1.1099
22.12 -1.1089
22.13 -1.1085
22.14 -1.109
22.15 -1.1108
22.16 -1.1142
22.17 -1.1192
22.18 -1.1258
22.19 -1.1336
22.2 -1.1423
22.21 -1.1516
22.22 -1.1611
22.23 -1.1702
22.24 -1.1785
22.25 -1.1852
22.26 -1.19
22.27 -1.1928
22.28 -1.1935
22.29 -1.1925
22.3 -1.1902
22.31 -1.187
22.32 -1.1836
22.33 -1.1803
22.34 -1.1774
22.35 -1.1748
22.36 -1.1727
22.37 -1.1708
22.38 -1.1689
22.39 -1.1666
22.4 -1.1637
22.41 -1.1598
22.42 -1.1549
22.43 -1.1487
22.44 -1.1413
22.45 -1.133
22.46 -1.124
22.47 -1.1148
22.48 -1.1058
22.49 -1.0976
22.5 -1.0906
22.51 -1.085
22.52 -1.0812
22.53 -1.0791
22.54 -1.079
22.55 -1.0807
22.56 -1.084
22.57 -1.0886
22.58 -1.0941
22.59 -1.1001
22.6 -1.1063
22.61 -1.1124
22.62 -1.1181
22.63 -1.1233
22.64 -1.1277
22.65 -1.1312
22.66 -1.1339
22.67 -1.1358
22.68 -1.1371
22.69 -1.1378
22.7 -1.1382
22.71 -1.1382
22.72 -1.1381
22.73 -1.138
22.74 -1.1379
22.75 -1.138
22.76 -1.1383
22.77 -1.1391
22.78 -1.1405
22.79 -1.1426
22.8 -1.1452
22.81 -1.1482
22.82 -1.1509
22.83 -1.1532
22.84 -1.1549
22.85 -1.156
22.86 -1.1563
22.87 -1.1562
22.88 -1.1555
22.89 -1.1545
22.9 -1.1533
22.91 -1.1517
22.92 -1.1499
22.93 -1.1479
22.94 -1.1459
22.95 -1.144
22.96 -1.1425
22.97 -1.1412
22.98 -1.1404
22.99 -1.1398
23 -1.1395
23.01 -1.1394
23.02 -1.1391
23.03 -1.1384
23.04 -1.1373
23.05 -1.1357
23.06 -1.1337
23.07 -1.1313
23.08 -1.1288
23.09 -1.1262
23.1 -1.1236
23.11 -1.1212
23.12 -1.119
23.13 -1.1168
23.14 -1.1145
23.15 -1.1121
23.16 -1.1092
23.17 -1.1061
23.18 -1.1026
23.19 -1.0988
23.2 -1.0946
23.21 -1.0899
23.22 -1.0845
23.23 -1.0782
23.24 -1.0709
23.25 -1.0624
23.26 -1.0526
23.27 -1.0415
23.28 -1.0295
23.29 -1.0171
23.3 -1.0051
23.31 -0.99435
23.32 -0.98542
23.33 -0.97861
23.34 -0.97391
23.35 -0.97116
23.36 -0.97008
23.37 -0.97033
23.38 -0.97151
23.39 -0.97319
23.4 -0.97488
23.41 -0.97616
23.42 -0.97678
23.43 -0.97667
23.44 -0.97583
23.45 -0.97425
23.46 -0.97197
23.47 -0.96904
23.48 -0.96548
23.49 -0.96125
23.5 -0.95629
23.51 -0.95059
23.52 -0.94421
23.53 -0.93732
23.54 -0.93021
23.55 -0.92321
23.56 -0.91655
23.57 -0.91035
23.58 -0.90472
23.59 -0.89975
23.6 -0.8955
23.61 -0.89201
23.62 -0.88927
23.63 -0.88728
23.64 -0.88605
23.65 -0.88563
23.66 -0.8861
23.67 -0.88752
23.68 -0.88995
23.69 -0.89347
23.7 -0.89807
23.71 -0.90363
23.72 -0.90989
23.73 -0.91646
23.74 -0.92299
23.75 -0.92926
23.76 -0.9351
23.77 -0.94035
23.78 -0.94478
23.79 -0.94814
23.8 -0.95005
23.81 -0.95017
23.82 -0.94831
23.83 -0.94452
23.84 -0.93917
23.85 -0.93294
23.86 -0.92663
23.87 -0.92113
23.88 -0.91728
23.89 -0.91573
23.9 -0.91683
23.91 -0.92047
23.92 -0.92621
23.93 -0.93336
23.94 -0.94111
23.95 -0.94862
23.96 -0.95501
23.97 -0.95945
23.98 -0.96119
23.99 -0.9597
24 -0.95466
24.01 -0.94623
24.02 -0.93545
24.03 -0.92441
24.04 -0.9154
24.05 -0.90955
24.06 -0.90616
24.07 -0.90339
24.08 -0.89957
24.09 -0.89396
24.1 -0.88654
24.11 -0.8775
24.12 -0.86723
24.13 -0.85627
24.14 -0.84516
24.15 -0.83438
24.16 -0.82435
24.17 -0.81552
24.18 -0.80824
24.19 -0.80274
24.2 -0.79905
24.21 -0.79709
24.22 -0.7966
24.23 -0.7972
24.24 -0.79846
24.25 -0.80004
24.26 -0.80172
24.27 -0.80341
24.28 -0.80514
24.29 -0.80713
24.3 -0.80969
24.31 -0.81298
24.32 -0.81699
24.33 -0.82158
24.34 -0.82652
24.35 -0.83156
24.36 -0.83652
24.37 -0.84135
24.38 -0.84606
24.39 -0.85067
24.4 -0.85515
24.41 -0.85952
24.42 -0.86385
24.43 -0.86821
24.44 -0.87264
24.45 -0.87707
24.46 -0.88133
24.47 -0.88521
24.48 -0.88859
24.49 -0.89148
24.5 -0.89398
24.51 -0.8962
24.52 -0.89819
24.53 -0.89999
24.54 -0.90158
24.55 -0.90289
24.56 -0.90379
24.57 -0.90417
24.58 -0.90392
24.59 -0.90306
24.6 -0.90166
24.61 -0.89986
24.62 -0.89782
24.63 -0.89572
24.64 -0.89376
24.65 -0.89209
24.66 -0.89073
24.67 -0.88969
24.68 -0.88895
24.69 -0.88855
24.7 -0.88847
24.71 -0.8886
24.72 -0.88875
24.73 -0.88871
24.74 -0.88836
24.75 -0.88768
24.76 -0.88673
24.77 -0.88558
24.78 -0.88421
24.79 -0.88262
24.8 -0.8808
24.81 -0.87889
24.82 -0.87704
24.83 -0.87537
24.84 -0.87388
24.85 -0.87244
24.86 -0.87096
24.87 -0.86939
24.88 -0.86773
24.89 -0.86603
24.9 -0.86436
24.91 -0.86272
24.92 -0.86108
24.93 -0.85944
24.94 -0.85787
24.95 -0.85648
24.96 -0.85531
24.97 -0.8543
24.98 -0.85333
24.99 -0.85222
25 -0.85084
25.01 -0.84914
25.02 -0.84716
25.03 -0.84497
25.04 -0.84262
25.05 -0.84024
25.06 -0.83806
25.07 -0.83629
25.08 -0.83502
25.09 -0.8342
25.1 -0.83371
25.11 -0.8334
25.12 -0.83329
25.13 -0.83352
25.14 -0.83419
25.15 -0.8353
25.16 -0.83673
25.17 -0.83835
25.18 -0.84009
25.19 -0.84198
25.2 -0.84403
25.21 -0.84619
25.22 -0.84839
25.23 -0.85064
25.24 -0.85306
25.25 -0.85581
25.26 -0.859
25.27 -0.86252
25.28 -0.86614
25.29 -0.86975
25.3 -0.87339
25.31 -0.87717
25.32 -0.88107
25.33 -0.88503
25.34 -0.88918
25.35 -0.89378
25.36 -0.89904
25.37 -0.90495
25.38 -0.91132
25.39 -0.91792
25.4 -0.92466
25.41 -0.93169
25.42 -0.93928
25.43 -0.94768
25.44 -0.95693
25.45 -0.96689
25.46 -0.97714
25.47 -0.98711
25.48 -0.99622
25.49 -1.0041
25.5 -1.0108
25.51 -1.016
25.52 -1.0199
25.53 -1.0227
25.54 -1.0248
25.55 -1.0266
25.56 -1.0287
25.57 -1.0317
25.58 -1.0357
25.59 -1.0408
25.6 -1.0469
25.61 -1.0535
25.62 -1.0603
25.63 -1.0668
25.64 -1.0727
25.65 -1.0778
25.66 -1.0822
25.67 -1.0858
25.68 -1.0888
25.69 -1.0915
25.7 -1.0941
25.71 -1.0968
25.72 -1.0997
25.73 -1.1029
25.74 -1.1061
25.75 -1.1091
25.76 -1.1117
25.77 -1.1137
25.78 -1.1149
25.79 -1.1153
25.8 -1.1149
25.81 -1.1136
25.82 -1.1114
25.83 -1.1083
25.84 -1.1047
25.85 -1.1008
25.86 -1.0967
25.87 -1.0926
25.88 -1.0885
25.89 -1.0844
25.9 -1.0799
25.91 -1.075
25.92 -1.0696
25.93 -1.0638
25.94 -1.0578
25.95 -1.0519
25.96 -1.0466
25.97 -1.0419
25.98 -1.0381
25.99 -1.0353
26 -1.0333
26.01 -1.032
26.02 -1.0312
26.03 -1.0308
26.04 -1.0304
26.05 -1.0298
26.06 -1.0289
26.07 -1.0277
26.08 -1.0265
26.09 -1.0253
26.1 -1.0246
26.11 -1.0243
26.12 -1.0246
26.13 -1.0253
26.14 -1.0261
26.15 -1.0269
26.16 -1.0273
26.17 -1.027
26.18 -1.0259
26.19 -1.024
26.2 -1.0214
26.21 -1.0183
26.22 -1.0152
26.23 -1.0123
26.24 -1.0099
26.25 -1.0082
26.26 -1.0074
26.27 -1.0076
26.28 -1.0088
26.29 -1.011
26.3 -1.0142
26.31 -1.0182
26.32 -1.0226
26.33 -1.0267
26.34 -1.03
26.35 -1.032
26.36 -1.0324
26.37 -1.0311
26.38 -1.028
26.39 -1.0236
26.4 -1.018
26.41 -1.0117
26.42 -1.005
26.43 -0.99851
26.44 -0.99251
26.45 -0.9874
26.46 -0.98343
26.47 -0.98068
26.48 -0.97905
26.49 -0.97834
26.5 -0.97827
26.51 -0.97857
26.52 -0.97901
26.53 -0.97939
26.54 -0.97954
26.55 -0.97929
26.56 -0.97848
26.57 -0.97706
26.58 -0.97501
26.59 -0.97239
26.6 -0.96933
26.61 -0.96599
26.62 -0.96259
26.63 -0.95933
26.64 -0.95642
26.65 -0.95403
26.66 -0.95226
26.67 -0.95112
26.68 -0.95054
26.69 -0.95036
26.7 -0.95034
26.71 -0.95025
26.72 -0.94992
26.73 -0.94934
26.74 -0.94866
26.75 -0.9481
26.76 -0.94794
26.77 -0.94849
26.78 -0.95006
26.79 -0.9529
26.8 -0.95715
26.81 -0.96279
26.82 -0.96966
26.83 -0.97742
26.84 -0.98562
26.85 -0.99373
26.86 -1.0013
26.87 -1.0078
26.88 -1.0132
26.89 -1.0173
26.9 -1.0202
26.91 -1.0221
26.92 -1.0235
26.93 -1.0247
26.94 -1.0262
26.95 -1.0283
26.96 -1.0314
26.97 -1.0352
26.98 -1.0395
26.99 -1.0442
27 -1.0487
27.01 -1.0529
27.02 -1.0565
27.03 -1.0591
27.04 -1.0606
27.05 -1.0606
27.06 -1.059
27.07 -1.0555
27.08 -1.0501
27.09 -1.0427
27.1 -1.0336
27.11 -1.023
27.12 -1.0117
27.13 -1.0003
27.14 -0.98933
27.15 -0.97911
27.16 -0.96971
27.17 -0.96086
27.18 -0.95212
27.19 -0.94306
27.2 -0.93338
27.21 -0.923
27.22 -0.912
27.23 -0.90066
27.24 -0.8893
27.25 -0.87828
27.26 -0.86787
27.27 -0.85821
27.28 -0.84936
27.29 -0.84136
27.3 -0.83424
27.31 -0.82807
27.32 -0.82296
27.33 -0.81907
27.34 -0.81648
27.35 -0.81522
27.36 -0.8152
27.37 -0.81625
27.38 -0.81804
27.39 -0.82023
27.4 -0.82254
27.41 -0.82481
27.42 -0.82701
27.43 -0.8292
27.44 -0.83147
27.45 -0.83388
27.46 -0.83652
27.47 -0.83949
27.48 -0.84298
27.49 -0.84713
27.5 -0.85202
27.51 -0.8576
27.52 -0.86367
27.53 -0.86994
27.54 -0.87608
27.55 -0.88188
27.56 -0.88733
27.57 -0.89262
27.58 -0.89806
27.59 -0.90399
27.6 -0.91071
27.61 -0.91844
27.62 -0.92727
27.63 -0.93705
27.64 -0.94733
27.65 -0.9574
27.66 -0.96648
27.67 -0.97394
27.68 -0.97934
27.69 -0.98246
27.7 -0.98321
27.71 -0.98168
27.72 -0.97814
27.73 -0.97296
27.74 -0.96661
27.75 -0.95954
27.76 -0.95219
27.77 -0.94491
27.78 -0.93802
27.79 -0.93171
27.8 -0.92613
27.81 -0.92131
27.82 -0.91713
27.83 -0.91333
27.84 -0.90958
27.85 -0.90556
27.86 -0.90102
27.87 -0.89584
27.88 -0.89009
27.89 -0.88409
27.9 -0.87839
27.91 -0.87365
27.92 -0.87056
27.93 -0.8698
27.94 -0.87185
27.95 -0.87697
27.96 -0.88512
27.97 -0.89598
27.98 -0.90888
27.99 -0.92291
28 -0.93693
28.01 -0.94984
28.02 -0.96073
28.03 -0.96907
28.04 -0.9748
28.05 -0.97828
28.06 -0.97996
28.07 -0.97975
28.08 -0.97677
28.09 -0.97005
28.1 -0.95924
28.11 -0.94484
28.12 -0.92781
28.13 -0.90926
28.14 -0.89052
28.15 -0.87309
28.16 -0.8583
28.17 -0.84714
28.18 -0.84009
28.19 -0.83711
28.2 -0.83775
28.21 -0.84126
28.22 -0.84682
28.23 -0.85365
28.24 -0.8611
28.25 -0.86871
28.26 -0.87616
28.27 -0.88332
28.28 -0.89024
28.29 -0.89704
28.3 -0.90393
28.31 -0.91105
28.32 -0.91852
28.33 -0.92633
28.34 -0.93442
28.35 -0.94273
28.36 -0.9512
28.37 -0.9597
28.38 -0.96804
28.39 -0.97603
28.4 -0.98348
28.41 -0.99017
28.42 -0.99603
28.43 -1.0011
28.44 -1.0056
28.45 -1.0098
28.46 -1.0139
28.47 -1.0184
28.48 -1.0235
28.49 -1.0293
28.5 -1.0357
28.51 -1.0427
28.52 -1.0498
28.53 -1.0568
28.54 -1.0635
28.55 -1.0694
28.56 -1.0742
28.57 -1.0778
28.58 -1.08
28.59 -1.0808
28.6 -1.0805
28.61 -1.0791
28.62 -1.0771
28.63 -1.0746
28.64 -1.0717
28.65 -1.0686
28.66 -1.0652
28.67 -1.0619
28.68 -1.0589
28.69 -1.0562
28.7 -1.054
28.71 -1.0519
28.72 -1.0499
28.73 -1.0478
28.74 -1.0455
28.75 -1.0433
28.76 -1.0413
28.77 -1.04
28.78 -1.0392
28.79 -1.0392
28.8 -1.0398
28.81 -1.0409
28.82 -1.0424
28.83 -1.0441
28.84 -1.0459
28.85 -1.0475
28.86 -1.0489
28.87 -1.0497
28.88 -1.0499
28.89 -1.0495
28.9 -1.0485
28.91 -1.0468
28.92 -1.0447
28.93 -1.042
28.94 -1.039
28.95 -1.0357
28.96 -1.032
28.97 -1.0282
28.98 -1.024
28.99 -1.0194
29 -1.0145
29.01 -1.0095
29.02 -1.0044
29.03 -0.99925
29.04 -0.99398
29.05 -0.98862
29.06 -0.98317
29.07 -0.97765
29.08 -0.97207
29.09 -0.96651
29.1 -0.96099
29.11 -0.9555
29.12 -0.94997
29.13 -0.94427
29.14 -0.93822
29.15 -0.93168
29.16 -0.92466
29.17 -0.91739
29.18 -0.91019
29.19 -0.90338
29.2 -0.89723
29.21 -0.89193
29.22 -0.88758
29.23 -0.88423
29.24 -0.88182
29.25 -0.88026
29.26 -0.87951
29.27 -0.87956
29.28 -0.88036
29.29 -0.88175
29.3 -0.88346
29.31 -0.88512
29.32 -0.8864
29.33 -0.887
29.34 -0.88677
29.35 -0.88577
29.36 -0.88442
29.37 -0.88349
29.38 -0.88393
29.39 -0.88619
29.4 -0.88993
29.41 -0.89443
29.42 -0.89907
29.43 -0.90347
29.44 -0.90757
29.45 -0.91146
29.46 -0.91512
29.47 -0.91836
29.48 -0.92099
29.49 -0.9229
29.5 -0.92418
29.51 -0.9251
29.52 -0.92603
29.53 -0.92736
29.54 -0.9293
29.55 -0.93174
29.56 -0.93437
29.57 -0.93704
29.58 -0.94
29.59 -0.94385
29.6 -0.94913
29.61 -0.95594
29.62 -0.96397
29.63 -0.97281
29.64 -0.98214
29.65 -0.99182
29.66 -1.0018
29.67 -1.0119
29.68 -1.022
29.69 -1.0318
29.7 -1.0408
29.71 -1.0486
29.72 -1.055
29.73 -1.0599
29.74 -1.0636
29.75 -1.0662
29.76 -1.0682
29.77 -1.0701
29.78 -1.0721
29.79 -1.0745
29.8 -1.0771
29.81 -1.08
29.82 -1.0829
29.83 -1.0856
29.84 -1.0881
29.85 -1.0902
29.86 -1.0919
29.87 -1.0932
29.88 -1.094
29.89 -1.0943
29.9 -1.0942
29.91 -1.0937
29.92 -1.0929
29.93 -1.0919
29.94 -1.0907
29.95 -1.0894
29.96 -1.0881
29.97 -1.0868
29.98 -1.0854
29.99 -1.0842
30 -1.0831
30.01 -1.0823
30.02 -1.0818
30.03 -1.0818
30.04 -1.0824
30.05 -1.0834
30.06 -1.0847
30.07 -1.0863
30.08 -1.088
30.09 -1.0897
30.1 -1.0913
30.11 -1.0926
30.12 -1.0937
30.13 -1.0944
30.14 -1.0947
30.15 -1.0946
30.16 -1.0943
30.17 -1.0936
30.18 -1.0927
30.19 -1.0916
30.2 -1.0903
30.21 -1.0889
30.22 -1.0873
30.23 -1.0856
30.24 -1.0838
30.25 -1.082
30.26 -1.0801
30.27 -1.0783
30.28 -1.0766
30.29 -1.0752
30.3 -1.0739
30.31 -1.0729
30.32 -1.0722
30.33 -1.0719
30.34 -1.0719
30.35 -1.0725
30.36 -1.0735
30.37 -1.0749
30.38 -1.0766
30.39 -1.0786
30.4 -1.0808
30.41 -1.083
30.42 -1.0852
30.43 -1.0874
30.44 -1.0894
30.45 -1.0911
30.46 -1.0926
30.47 -1.0938
30.48 -1.0948
30.49 -1.0954
30.5 -1.0959
30.51 -1.0962
30.52 -1.0963
30.53 -1.0964
30.54 -1.0965
30.55 -1.0967
30.56 -1.0969
30.57 -1.0973
30.58 -1.0976
30.59 -1.0979
30.6 -1.0981
30.61 -1.0982
30.62 -1.0983
30.63 -1.0984
30.64 -1.0986
30.65 -1.0989
30.66 -1.0992
30.67 -1.0996
30.68 -1.1001
30.69 -1.1007
30.7 -1.1013
30.71 -1.102
30.72 -1.1028
30.73 -1.1037
30.74 -1.1046
30.75 -1.1057
30.76 -1.1069
30.77 -1.1081
30.78 -1.1093
30.79 -1.1105
30.8 -1.1116
30.81 -1.1125
30.82 -1.1133
30.83 -1.1138
30.84 -1.1141
30.85 -1.1142
30.86 -1.1142
30.87 -1.1141
30.88 -1.1139
30.89 -1.1138
30.9 -1.1138
30.91 -1.1139
30.92 -1.114
30.93 -1.1142
30.94 -1.1145
30.95 -1.1147
30.96 -1.1149
30.97 -1.115
30.98 -1.1151
30.99 -1.1151
31 -1.1151
31.01 -1.115
31.02 -1.1149
31.03 -1.1148
31.04 -1.1147
31.05 -1.1145
31.06 -1.1144
31.07 -1.1143
31.08 -1.1142
31.09 -1.1142
31.1 -1.1142
31.11 -1.1143
31.12 -1.1144
31.13 -1.1145
31.14 -1.1146
31.15 -1.1147
31.16 -1.1147
31.17 -1.1147
31.18 -1.1146
31.19 -1.1145
31.2 -1.1143
31.21 -1.114
31.22 -1.1137
31.23 -1.1134
31.24 -1.1131
31.25 -1.1128
31.26 -1.1126
31.27 -1.1123
31.28 -1.1121
31.29 -1.1119
31.3 -1.1117
31.31 -1.1114
31.32 -1.111
31.33 -1.1106
31.34 -1.1101
31.35 -1.1095
31.36 -1.109
31.37 -1.1084
31.38 -1.1078
31.39 -1.1073
31.4 -1.1067
31.41 -1.1061
31.42 -1.1055
31.43 -1.1048
31.44 -1.1039
31.45 -1.1028
31.46 -1.1014
31.47 -1.0999
31.48 -1.0982
31.49 -1.0965
31.5 -1.0949
31.51 -1.0936
31.52 -1.0925
31.53 -1.0916
31.54 -1.0908
31.55 -1.0902
31.56 -1.0897
31.57 -1.0892
31.58 -1.0886
31.59 -1.088
31.6 -1.0874
31.61 -1.0866
31.62 -1.0858
31.63 -1.0848
31.64 -1.0837
31.65 -1.0826
31.66 -1.0815
31.67 -1.0806
31.68 -1.0799
31.69 -1.0793
31.7 -1.079
31.71 -1.079
31.72 -1.0791
31.73 -1.0794
31.74 -1.0799
31.75 -1.0805
31.76 -1.0812
31.77 -1.0819
31.78 -1.0826
31.79 -1.0832
31.8 -1.0838
31.81 -1.0841
31.82 -1.0842
31.83 -1.0842
31.84 -1.0841
31.85 -1.0839
31.86 -1.0837
31.87 -1.0834
31.88 -1.0831
31.89 -1.0828
31.9 -1.0825
31.91 -1.0824
31.92 -1.0823
31.93 -1.0822
31.94 -1.0822
31.95 -1.0823
31.96 -1.0824
31.97 -1.0826
31.98 -1.0829
31.99 -1.0832
32 -1.0834
32.01 -1.0836
32.02 -1.0838
32.03 -1.0839
32.04 -1.084
32.05 -1.084
32.06 -1.0839
32.07 -1.0837
32.08 -1.0835
32.09 -1.0834
32.1 -1.0834
32.11 -1.0834
32.12 -1.0834
32.13 -1.0835
32.14 -1.0835
32.15 -1.0836
32.16 -1.0837
32.17 -1.0837
32.18 -1.0838
32.19 -1.0838
32.2 -1.0838
32.21 -1.0838
32.22 -1.0838
32.23 -1.0838
32.24 -1.0839
32.25 -1.0841
32.26 -1.0843
32.27 -1.0846
32.28 -1.0849
32.29 -1.0851
32.3 -1.0853
32.31 -1.0854
32.32 -1.0856
32.33 -1.0858
32.34 -1.0861
32.35 -1.0863
32.36 -1.0865
32.37 -1.0867
32.38 -1.0868
32.39 -1.0868
32.4 -1.0869
32.41 -1.087
32.42 -1.0871
32.43 -1.0874
32.44 -1.0878
32.45 -1.0883
32.46 -1.0887
32.47 -1.0891
32.48 -1.0895
32.49 -1.0898
32.5 -1.0899
32.51 -1.09
32.52 -1.09
32.53 -1.09
32.54 -1.09
32.55 -1.0901
32.56 -1.0901
32.57 -1.0902
32.58 -1.0903
32.59 -1.0903
32.6 -1.0903
32.61 -1.0902
32.62 -1.09
32.63 -1.0899
32.64 -1.0899
32.65 -1.0898
32.66 -1.0898
32.67 -1.0898
32.68 -1.0898
32.69 -1.0897
32.7 -1.0898
32.71 -1.0899
32.72 -1.0902
32.73 -1.0908
32.74 -1.0916
32.75 -1.0926
32.76 -1.0937
32.77 -1.0949
32.78 -1.0959
32.79 -1.0968
32.8 -1.0976
32.81 -1.0981
32.82 -1.0984
32.83 -1.0986
32.84 -1.0986
32.85 -1.0986
32.86 -1.0985
32.87 -1.0985
32.88 -1.0984
32.89 -1.0985
32.9 -1.0985
32.91 -1.0985
32.92 -1.0984
32.93 -1.0983
32.94 -1.0981
32.95 -1.0978
32.96 -1.0975
32.97 -1.0973
32.98 -1.0971
32.99 -1.097
33 -1.0971
33.01 -1.0972
33.02 -1.0974
33.03 -1.0977
33.04 -1.098
33.05 -1.0984
33.06 -1.0988
33.07 -1.0992
33.08 -1.0996
33.09 -1.1
33.1 -1.1004
33.11 -1.1008
33.12 -1.101
33.13 -1.1013
33.14 -1.1015
33.15 -1.1017
33.16 -1.1019
33.17 -1.1022
33.18 -1.1024
33.19 -1.1027
33.2 -1.103
33.21 -1.1033
33.22 -1.1037
33.23 -1.104
33.24 -1.1043
33.25 -1.1046
33.26 -1.1049
33.27 -1.1052
33.28 -1.1054
33.29 -1.1057
33.3 -1.1059
33.31 -1.1061
33.32 -1.1063
33.33 -1.1065
33.34 -1.1067
33.35 -1.1069
33.36 -1.107
33.37 -1.1071
33.38 -1.107
33.39 -1.1068
33.4 -1.1066
33.41 -1.1065
33.42 -1.1063
33.43 -1.1062
33.44 -1.1062
33.45 -1.1063
33.46 -1.1064
33.47 -1.1065
33.48 -1.1066
33.49 -1.1066
33.5 -1.1067
33.51 -1.1068
33.52 -1.1069
33.53 -1.107
33.54 -1.1071
33.55 -1.1072
33.56 -1.1072
33.57 -1.1072
33.58 -1.1072
33.59 -1.1073
33.6 -1.1072
33.61 -1.1072
33.62 -1.107
33.63 -1.1069
33.64 -1.1067
33.65 -1.1066
33.66 -1.1066
33.67 -1.1066
33.68 -1.1066
33.69 -1.1066
33.7 -1.1066
33.71 -1.1067
33.72 -1.1068
33.73 -1.1069
33.74 -1.107
33.75 -1.107
33.76 -1.1069
33.77 -1.1068
33.78 -1.1067
33.79 -1.1065
33.8 -1.1064
33.81 -1.1063
33.82 -1.1062
33.83 -1.1061
33.84 -1.1061
33.85 -1.1061
33.86 -1.1061
33.87 -1.106
33.88 -1.106
33.89 -1.106
33.9 -1.106
33.91 -1.1061
33.92 -1.1061
33.93 -1.1061
33.94 -1.1061
33.95 -1.106
33.96 -1.1058
33.97 -1.1055
33.98 -1.1052
33.99 -1.1049
34 -1.1045
34.01 -1.1043
34.02 -1.1041
34.03 -1.104
34.04 -1.1041
34.05 -1.1042
34.06 -1.1044
34.07 -1.1045
34.08 -1.1046
34.09 -1.1047
34.1 -1.1048
34.11 -1.1048
34.12 -1.1048
34.13 -1.1048
34.14 -1.1047
34.15 -1.1045
34.16 -1.1044
34.17 -1.1042
34.18 -1.1041
34.19 -1.104
34.2 -1.1039
34.21 -1.1038
34.22 -1.1036
34.23 -1.1034
34.24 -1.1032
34.25 -1.1029
34.26 -1.1027
34.27 -1.1026
34.28 -1.1025
34.29 -1.1025
34.3 -1.1026
34.31 -1.1027
34.32 -1.1028
34.33 -1.103
34.34 -1.1031
34.35 -1.1032
34.36 -1.1033
34.37 -1.1033
34.38 -1.1034
34.39 -1.1035
34.4 -1.1036
34.41 -1.1037
34.42 -1.1039
34.43 -1.104
34.44 -1.1041
34.45 -1.1042
34.46 -1.1043
34.47 -1.1044
34.48 -1.1046
34.49 -1.1048
34.5 -1.105
34.51 -1.1052
34.52 -1.1053
34.53 -1.1054
34.54 -1.1055
34.55 -1.1056
34.56 -1.1056
34.57 -1.1057
34.58 -1.1058
34.59 -1.1059
34.6 -1.1061
34.61 -1.1062
34.62 -1.1063
34.63 -1.1064
34.64 -1.1065
34.65 -1.1066
34.66 -1.1068
34.67 -1.1069
34.68 -1.107
34.69 -1.1071
34.7 -1.1072
34.71 -1.1073
34.72 -1.1073
34.73 -1.1073
34.74 -1.1072
34.75 -1.1071
34.76 -1.107
34.77 -1.1068
34.78 -1.1067
34.79 -1.1066
34.8 -1.1065
34.81 -1.1064
34.82 -1.1064
34.83 -1.1064
34.84 -1.1064
34.85 -1.1065
34.86 -1.1066
34.87 -1.1066
34.88 -1.1065
34.89 -1.1063
34.9 -1.106
34.91 -1.1056
34.92 -1.1052
34.93 -1.1047
34.94 -1.1042
34.95 -1.1037
34.96 -1.1032
34.97 -1.1027
34.98 -1.1023
34.99 -1.1019
35 -1.1016
35.01 -1.1013
35.02 -1.1012
35.03 -1.1011
35.04 -1.1011
35.05 -1.1012
35.06 -1.1013
35.07 -1.1014
35.08 -1.1016
35.09 -1.1019
35.1 -1.1021
35.11 -1.1024
35.12 -1.1027
35.13 -1.1031
35.14 -1.1035
35.15 -1.1039
35.16 -1.1043
35.17 -1.1048
35.18 -1.1052
35.19 -1.1056
35.2 -1.1059
35.21 -1.1062
35.22 -1.1065
35.23 -1.1067
35.24 -1.1069
35.25 -1.107
35.26 -1.1071
35.27 -1.1072
35.28 -1.1072
35.29 -1.1072
35.3 -1.1072
35.31 -1.1072
35.32 -1.1072
35.33 -1.1073
35.34 -1.1076
35.35 -1.108
35.36 -1.1084
35.37 -1.1089
35.38 -1.1094
35.39 -1.1097
35.4 -1.11
35.41 -1.1102
35.42 -1.1103
35.43 -1.1104
35.44 -1.1104
35.45 -1.1104
35.46 -1.1104
35.47 -1.1104
35.48 -1.1103
35.49 -1.1102
35.5 -1.1101
35.51 -1.1099
35.52 -1.1097
35.53 -1.1095
35.54 -1.1094
35.55 -1.1094
35.56 -1.1094
35.57 -1.1094
35.58 -1.1094
35.59 -1.1095
35.6 -1.1095
35.61 -1.1095
35.62 -1.1094
35.63 -1.1093
35.64 -1.1091
35.65 -1.109
35.66 -1.1089
35.67 -1.1088
35.68 -1.1087
35.69 -1.1086
35.7 -1.1085
35.71 -1.1085
35.72 -1.1084
35.73 -1.1083
35.74 -1.1083
35.75 -1.1082
35.76 -1.1082
35.77 -1.1082
35.78 -1.1082
35.79 -1.1082
35.8 -1.1081
35.81 -1.1081
35.82 -1.108
35.83 -1.1079
35.84 -1.1077
35.85 -1.1074
35.86 -1.1071
35.87 -1.1066
35.88 -1.1062
35.89 -1.1057
35.9 -1.1051
35.91 -1.1045
35.92 -1.1039
35.93 -1.1033
35.94 -1.1029
35.95 -1.1024
35.96 -1.1021
35.97 -1.1019
35.98 -1.1018
35.99 -1.1018
36 -1.102
36.01 -1.1021
36.02 -1.1023
36.03 -1.1024
36.04 -1.1025
36.05 -1.1027
36.06 -1.1029
36.07 -1.103
36.08 -1.1032
36.09 -1.1033
36.1 -1.1033
36.11 -1.1032
36.12 -1.1031
36.13 -1.103
36.14 -1.103
36.15 -1.103
36.16 -1.1031
36.17 -1.1033
36.18 -1.1035
