0 -1.0339
0.01 -1.041
0.02 -1.0488
0.03 -1.0575
0.04 -1.0668
0.05 -1.0764
0.06 -1.0859
0.07 -1.0948
0.08 -1.1031
0.09 -1.1104
0.1 -1.1168
0.11 -1.1223
0.12 -1.1269
0.13 -1.1309
0.14 -1.1343
0.15 -1.1374
0.16 -1.1402
0.17 -1.143
0.18 -1.1458
0.19 -1.1491
0.2 -1.1528
0.21 -1.1573
0.22 -1.1627
0.23 -1.1691
0.24 -1.1765
0.25 -1.1849
0.26 -1.1939
0.27 -1.203
0.28 -1.2114
0.29 -1.2188
0.3 -1.2248
0.31 -1.2294
0.32 -1.2326
0.33 -1.2347
0.34 -1.2358
0.35 -1.2359
0.36 -1.2352
0.37 -1.2338
0.38 -1.2316
0.39 -1.2288
0.4 -1.2253
0.41 -1.2212
0.42 -1.2166
0.43 -1.2115
0.44 -1.2062
0.45 -1.2009
0.46 -1.1958
0.47 -1.1913
0.48 -1.1875
0.49 -1.1849
0.5 -1.1835
0.51 -1.1834
0.52 -1.1843
0.53 -1.1859
0.54 -1.1881
0.55 -1.1906
0.56 -1.1933
0.57 -1.196
0.58 -1.1987
0.59 -1.2012
0.6 -1.2034
0.61 -1.2053
0.62 -1.2067
0.63 -1.2074
0.64 -1.2075
0.65 -1.207
0.66 -1.2059
0.67 -1.2044
0.68 -1.2027
0.69 -1.201
0.7 -1.1995
0.71 -1.1983
0.72 -1.1975
0.73 -1.1973
0.74 -1.1976
0.75 -1.1985
0.76 -1.1999
0.77 -1.2016
0.78 -1.2036
0.79 -1.2056
0.8 -1.2075
0.81 -1.2092
0.82 -1.2108
0.83 -1.2122
0.84 -1.2136
0.85 -1.2148
0.86 -1.2159
0.87 -1.2168
0.88 -1.2176
0.89 -1.218
0.9 -1.2183
0.91 -1.2185
0.92 -1.2187
0.93 -1.2189
0.94 -1.2193
0.95 -1.2197
0.96 -1.2201
0.97 -1.2204
0.98 -1.2203
0.99 -1.2198
1 -1.2188
1.01 -1.2173
1.02 -1.2152
1.03 -1.2122
1.04 -1.2085
1.05 -1.2038
1.06 -1.1982
1.07 -1.1919
1.08 -1.1851
1.09 -1.1781
1.1 -1.1712
1.11 -1.1648
1.12 -1.1591
1.13 -1.1541
1.14 -1.15
1.15 -1.1464
1.16 -1.1431
1.17 -1.1401
1.18 -1.1373
1.19 -1.1348
1.2 -1.1327
1.21 -1.1312
1.22 -1.13
1.23 -1.1293
1.24 -1.1291
1.25 -1.1294
1.26 -1.1302
1.27 -1.1316
1.28 -1.1337
1.29 -1.1366
1.3 -1.1405
1.31 -1.1457
1.32 -1.1524
1.33 -1.1607
1.34 -1.1706
1.35 -1.1818
1.36 -1.1938
1.37 -1.2056
1.38 -1.2161
1.39 -1.2247
1.4 -1.2306
1.41 -1.2337
1.42 -1.2339
1.43 -1.2313
1.44 -1.2262
1.45 -1.219
1.46 -1.2102
1.47 -1.2002
1.48 -1.1899
1.49 -1.1801
1.5 -1.1715
1.51 -1.1643
1.52 -1.1585
1.53 -1.1539
1.54 -1.15
1.55 -1.1465
1.56 -1.1428
1.57 -1.1385
1.58 -1.133
1.59 -1.1263
1.6 -1.1182
1.61 -1.1088
1.62 -1.0983
1.63 -1.0868
1.64 -1.0748
1.65 -1.0627
1.66 -1.0508
1.67 -1.0397
1.68 -1.0299
1.69 -1.0222
1.7 -1.0171
1.71 -1.0148
1.72 -1.0155
1.73 -1.0191
1.74 -1.0256
1.75 -1.0344
1.76 -1.0451
1.77 -1.0568
1.78 -1.0688
1.79 -1.0805
1.8 -1.0916
1.81 -1.1016
1.82 -1.1105
1.83 -1.1181
1.84 -1.1242
1.85 -1.1287
1.86 -1.1314
1.87 -1.1323
1.88 -1.1314
1.89 -1.1284
1.9 -1.1227
1.91 -1.1138
1.92 -1.101
1.93 -1.084
1.94 -1.0635
1.95 -1.0408
1.96 -1.0178
1.97 -0.99644
1.98 -0.97838
1.99 -0.96421
2 -0.95361
2.01 -0.94564
2.02 -0.93931
2.03 -0.93393
2.04 -0.92907
2.05 -0.92427
2.06 -0.91898
2.07 -0.9127
2.08 -0.90513
2.09 -0.89615
2.1 -0.88584
2.11 -0.87444
2.12 -0.86232
2.13 -0.84991
2.14 -0.83767
2.15 -0.82594
2.16 -0.81499
2.17 -0.80496
2.18 -0.79589
2.19 -0.78767
2.2 -0.78021
2.21 -0.7734
2.22 -0.76718
2.23 -0.76147
2.24 -0.75616
2.25 -0.75113
2.26 -0.74626
2.27 -0.74145
2.28 -0.73659
2.29 -0.73167
2.3 -0.72671
2.31 -0.72183
2.32 -0.71717
2.33 -0.71288
2.34 -0.70909
2.35 -0.70594
2.36 -0.70362
2.37 -0.7023
2.38 -0.70211
2.39 -0.70307
2.4 -0.70506
2.41 -0.70775
2.42 -0.7107
2.43 -0.71351
2.44 -0.71593
2.45 -0.7179
2.46 -0.71957
2.47 -0.72123
2.48 -0.72327
2.49 -0.7262
2.5 -0.73054
2.51 -0.73674
2.52 -0.74504
2.53 -0.75538
2.54 -0.76751
2.55 -0.78096
2.56 -0.79507
2.57 -0.80907
2.58 -0.82211
2.59 -0.83339
2.6 -0.84219
2.61 -0.84796
2.62 -0.85039
2.63 -0.84944
2.64 -0.84538
2.65 -0.83868
2.66 -0.83
2.67 -0.82014
2.68 -0.81
2.69 -0.80041
2.7 -0.79195
2.71 -0.78485
2.72 -0.779
2.73 -0.77403
2.74 -0.76953
2.75 -0.76518
2.76 -0.76086
2.77 -0.75665
2.78 -0.75274
2.79 -0.74923
2.8 -0.74604
2.81 -0.74297
2.82 -0.73981
2.83 -0.73646
2.84 -0.733
2.85 -0.72965
2.86 -0.72673
2.87 -0.72452
2.88 -0.72317
2.89 -0.7227
2.9 -0.72312
2.91 -0.72441
2.92 -0.72646
2.93 -0.72905
2.94 -0.73189
2.95 -0.73468
2.96 -0.73718
2.97 -0.73927
2.98 -0.74094
2.99 -0.74229
3 -0.74352
3.01 -0.74486
3.02 -0.74661
3.03 -0.74901
3.04 -0.75206
3.05 -0.7555
3.06 -0.75894
3.07 -0.76202
3.08 -0.76455
3.09 -0.76652
3.1 -0.76801
3.11 -0.76909
3.12 -0.76981
3.13 -0.77016
3.14 -0.77026
3.15 -0.77037
3.16 -0.77095
3.17 -0.77255
3.18 -0.77565
3.19 -0.78065
3.2 -0.78775
3.21 -0.79696
3.22 -0.80814
3.23 -0.82104
3.24 -0.83532
3.25 -0.8506
3.26 -0.86658
3.27 -0.883
3.28 -0.8996
3.29 -0.91615
3.3 -0.93246
3.31 -0.94843
3.32 -0.9641
3.33 -0.97969
3.34 -0.99547
3.35 -1.0117
3.36 -1.0284
3.37 -1.0457
3.38 -1.0631
3.39 -1.0803
3.4 -1.0964
3.41 -1.1103
3.42 -1.1211
3.43 -1.1277
3.44 -1.1299
3.45 -1.1274
3.46 -1.1208
3.47 -1.1106
3.48 -1.098
3.49 -1.0845
3.5 -1.0722
3.51 -1.0633
3.52 -1.0597
3.53 -1.0621
3.54 -1.0703
3.55 -1.0833
3.56 -1.1001
3.57 -1.1193
3.58 -1.1401
3.59 -1.1618
3.6 -1.1839
3.61 -1.2052
3.62 -1.2246
3.63 -1.2408
3.64 -1.2531
3.65 -1.2614
3.66 -1.2661
3.67 -1.2676
3.68 -1.2665
3.69 -1.2637
3.7 -1.2598
3.71 -1.2553
3.72 -1.2506
3.73 -1.2461
3.74 -1.2418
3.75 -1.238
3.76 -1.2346
3.77 -1.2317
3.78 -1.2292
3.79 -1.2273
3.8 -1.2257
3.81 -1.2244
3.82 -1.2235
3.83 -1.2228
3.84 -1.2224
3.85 -1.2223
3.86 -1.2223
3.87 -1.2223
3.88 -1.222
3.89 -1.2214
3.9 -1.2202
3.91 -1.2184
3.92 -1.2159
3.93 -1.2128
3.94 -1.2092
3.95 -1.2054
3.96 -1.2016
3.97 -1.1981
3.98 -1.1948
3.99 -1.192
4 -1.1895
4.01 -1.1874
4.02 -1.1855
4.03 -1.1839
4.04 -1.1826
4.05 -1.1814
4.06 -1.1804
4.07 -1.1794
4.08 -1.1786
4.09 -1.178
4.1 -1.1777
4.11 -1.1779
4.12 -1.1787
4.13 -1.1801
4.14 -1.1823
4.15 -1.1853
4.16 -1.1889
4.17 -1.1931
4.18 -1.1978
4.19 -1.2028
4.2 -1.2081
4.21 -1.2136
4.22 -1.2192
4.23 -1.2247
4.24 -1.2301
4.25 -1.2352
4.26 -1.24
4.27 -1.2442
4.28 -1.2477
4.29 -1.2505
4.3 -1.2525
4.31 -1.2535
4.32 -1.2537
4.33 -1.2532
4.34 -1.2523
4.35 -1.2511
4.36 -1.25
4.37 -1.2491
4.38 -1.2486
4.39 -1.2486
4.4 -1.2492
4.41 -1.2504
4.42 -1.2522
4.43 -1.2544
4.44 -1.2571
4.45 -1.2602
4.46 -1.2637
4.47 -1.2675
4.48 -1.2717
4.49 -1.2761
4.5 -1.2806
4.51 -1.2853
4.52 -1.2899
4.53 -1.2945
4.54 -1.299
4.55 -1.3032
4.56 -1.3072
4.57 -1.3111
4.58 -1.3151
4.59 -1.3191
4.6 -1.3234
4.61 -1.3279
4.62 -1.3326
4.63 -1.3377
4.64 -1.343
4.65 -1.3485
4.66 -1.3542
4.67 -1.3598
4.68 -1.3652
4.69 -1.3701
4.7 -1.3743
4.71 -1.3778
4.72 -1.3802
4.73 -1.3814
4.74 -1.3814
4.75 -1.3802
4.76 -1.3778
4.77 -1.3744
4.78 -1.3702
4.79 -1.3656
4.8 -1.3607
4.81 -1.3557
4.82 -1.3508
4.83 -1.346
4.84 -1.3417
4.85 -1.3379
4.86 -1.3349
4.87 -1.3328
4.88 -1.3316
4.89 -1.3315
4.9 -1.3324
4.91 -1.3341
4.92 -1.3365
4.93 -1.3392
4.94 -1.3421
4.95 -1.3447
4.96 -1.3469
4.97 -1.3484
4.98 -1.3489
4.99 -1.3484
5 -1.3467
5.01 -1.3439
5.02 -1.34
5.03 -1.3352
5.04 -1.3295
5.05 -1.3232
5.06 -1.3163
5.07 -1.309
5.08 -1.3015
5.09 -1.294
5.1 -1.2869
5.11 -1.2801
5.12 -1.2738
5.13 -1.2679
5.14 -1.2626
5.15 -1.2579
5.16 -1.2541
5.17 -1.251
5.18 -1.2489
5.19 -1.2476
5.2 -1.2471
5.21 -1.2473
5.22 -1.248
5.23 -1.249
5.24 -1.2501
5.25 -1.2511
5.26 -1.2516
5.27 -1.2511
5.28 -1.2492
5.29 -1.2456
5.3 -1.2396
5.31 -1.2308
5.32 -1.2188
5.33 -1.2031
5.34 -1.1834
5.35 -1.1595
5.36 -1.1316
5.37 -1.1004
5.38 -1.0673
5.39 -1.0348
5.4 -1.0064
5.41 -0.98636
5.42 -0.9782
5.43 -0.98337
5.44 -1.0004
5.45 -1.0254
5.46 -1.0534
5.47 -1.0802
5.48 -1.1027
5.49 -1.1189
5.5 -1.1279
5.51 -1.1292
5.52 -1.1231
5.53 -1.1104
5.54 -1.0924
5.55 -1.0711
5.56 -1.0485
5.57 -1.0264
5.58 -1.0062
5.59 -0.98856
5.6 -0.97396
5.61 -0.96241
5.62 -0.95381
5.63 -0.94796
5.64 -0.94463
5.65 -0.94346
5.66 -0.94395
5.67 -0.94566
5.68 -0.94826
5.69 -0.95158
5.7 -0.95553
5.71 -0.96006
5.72 -0.96506
5.73 -0.97029
5.74 -0.97527
5.75 -0.97946
5.76 -0.98242
5.77 -0.9841
5.78 -0.98473
5.79 -0.98473
5.8 -0.98439
5.81 -0.98383
5.82 -0.98307
5.83 -0.98208
5.84 -0.98075
5.85 -0.97902
5.86 -0.97686
5.87 -0.97441
5.88 -0.97182
5.89 -0.9692
5.9 -0.9666
5.91 -0.96394
5.92 -0.96111
5.93 -0.95796
5.94 -0.95426
5.95 -0.94982
5.96 -0.94446
5.97 -0.93804
5.98 -0.93054
5.99 -0.92216
6 -0.9133
6.01 -0.90455
6.02 -0.89634
6.03 -0.88866
6.04 -0.88129
6.05 -0.87418
6.06 -0.86768
6.07 -0.86222
6.08 -0.85809
6.09 -0.85534
6.1 -0.85388
6.11 -0.85376
6.12 -0.85516
6.13 -0.85817
6.14 -0.86268
6.15 -0.8684
6.16 -0.87504
6.17 -0.8824
6.18 -0.89038
6.19 -0.89895
6.2 -0.90813
6.21 -0.91794
6.22 -0.92831
6.23 -0.9391
6.24 -0.95013
6.25 -0.96121
6.26 -0.9722
6.27 -0.98291
6.28 -0.99313
6.29 -1.0026
6.3 -1.0112
6.31 -1.0187
6.32 -1.0249
6.33 -1.0299
6.34 -1.0335
6.35 -1.0358
6.36 -1.0368
6.37 -1.0366
6.38 -1.035
6.39 -1.0322
6.4 -1.0283
6.41 -1.0234
6.42 -1.0178
6.43 -1.012
6.44 -1.0062
6.45 -1.001
6.46 -0.99653
6.47 -0.99295
6.48 -0.99036
6.49 -0.98881
6.5 -0.98831
6.51 -0.98882
6.52 -0.9903
6.53 -0.99268
6.54 -0.99592
6.55 -0.99998
6.56 -1.0048
6.57 -1.0105
6.58 -1.0169
6.59 -1.0241
6.6 -1.032
6.61 -1.0406
6.62 -1.0496
6.63 -1.0589
6.64 -1.068
6.65 -1.077
6.66 -1.0857
6.67 -1.0942
6.68 -1.1027
6.69 -1.1114
6.7 -1.1205
6.71 -1.1304
6.72 -1.1413
6.73 -1.1533
6.74 -1.1666
6.75 -1.1813
6.76 -1.1972
6.77 -1.2142
6.78 -1.2319
6.79 -1.25
6.8 -1.268
6.81 -1.2851
6.82 -1.3009
6.83 -1.3147
6.84 -1.326
6.85 -1.3345
6.86 -1.3403
6.87 -1.3436
6.88 -1.345
6.89 -1.3448
6.9 -1.3431
6.91 -1.3401
6.92 -1.3359
6.93 -1.3307
6.94 -1.3248
6.95 -1.3184
6.96 -1.3118
6.97 -1.3051
6.98 -1.2984
6.99 -1.2916
7 -1.2841
7.01 -1.2757
7.02 -1.2658
7.03 -1.2539
7.04 -1.24
7.05 -1.2238
7.06 -1.2057
7.07 -1.1858
7.08 -1.1645
7.09 -1.1421
7.1 -1.119
7.11 -1.0957
7.12 -1.0726
7.13 -1.0506
7.14 -1.0301
7.15 -1.0118
7.16 -0.99599
7.17 -0.98285
7.18 -0.97222
7.19 -0.96379
7.2 -0.95711
7.21 -0.95165
7.22 -0.94696
7.23 -0.94275
7.24 -0.93892
7.25 -0.93558
7.26 -0.93299
7.27 -0.93147
7.28 -0.93124
7.29 -0.93237
7.3 -0.93482
7.31 -0.93848
7.32 -0.94316
7.33 -0.94862
7.34 -0.95461
7.35 -0.96087
7.36 -0.96714
7.37 -0.97309
7.38 -0.97845
7.39 -0.983
7.4 -0.98668
7.41 -0.98964
7.42 -0.99213
7.43 -0.99448
7.44 -0.99701
7.45 -0.99994
7.46 -1.0033
7.47 -1.0071
7.48 -1.0112
7.49 -1.0153
7.5 -1.0193
7.51 -1.023
7.52 -1.0262
7.53 -1.0287
7.54 -1.0306
7.55 -1.0325
7.56 -1.035
7.57 -1.0384
7.58 -1.0423
7.59 -1.0461
7.6 -1.0491
7.61 -1.0507
7.62 -1.0507
7.63 -1.0493
7.64 -1.047
7.65 -1.0446
7.66 -1.043
7.67 -1.0433
7.68 -1.0467
7.69 -1.0537
7.7 -1.0644
7.71 -1.0782
7.72 -1.094
7.73 -1.1107
7.74 -1.1271
7.75 -1.1423
7.76 -1.1558
7.77 -1.1673
7.78 -1.1765
7.79 -1.1835
7.8 -1.1885
7.81 -1.1918
7.82 -1.1935
7.83 -1.194
7.84 -1.1934
7.85 -1.1921
7.86 -1.1902
7.87 -1.1879
7.88 -1.1854
7.89 -1.1828
7.9 -1.1803
7.91 -1.178
7.92 -1.1759
7.93 -1.1743
7.94 -1.1732
7.95 -1.1726
7.96 -1.1724
7.97 -1.1727
7.98 -1.1733
7.99 -1.1742
8 -1.1754
8.01 -1.1769
8.02 -1.1786
8.03 -1.1806
8.04 -1.1828
8.05 -1.1851
8.06 -1.1873
8.07 -1.189
8.08 -1.1902
8.09 -1.1906
8.1 -1.1902
8.11 -1.189
8.12 -1.1871
8.13 -1.1846
8.14 -1.1818
8.15 -1.1789
8.16 -1.1761
8.17 -1.1735
8.18 -1.1713
8.19 -1.1695
8.2 -1.1683
8.21 -1.1675
8.22 -1.1673
8.23 -1.1675
8.24 -1.168
8.25 -1.169
8.26 -1.1702
8.27 -1.1715
8.28 -1.1728
8.29 -1.174
8.3 -1.1749
8.31 -1.1753
8.32 -1.1751
8.33 -1.1743
8.34 -1.1728
8.35 -1.1707
8.36 -1.1683
8.37 -1.1655
8.38 -1.1626
8.39 -1.1598
8.4 -1.1572
8.41 -1.1548
8.42 -1.1527
8.43 -1.1508
8.44 -1.149
8.45 -1.1474
8.46 -1.146
8.47 -1.1447
8.48 -1.1436
8.49 -1.1427
8.5 -1.1421
8.51 -1.1416
8.52 -1.1413
8.53 -1.141
8.54 -1.1408
8.55 -1.1406
8.56 -1.1404
8.57 -1.1402
8.58 -1.1401
8.59 -1.1399
8.6 -1.1397
8.61 -1.1395
8.62 -1.1394
8.63 -1.1392
8.64 -1.1391
8.65 -1.139
8.66 -1.1388
8.67 -1.1385
8.68 -1.1382
8.69 -1.1379
8.7 -1.1376
8.71 -1.1374
8.72 -1.1372
8.73 -1.1373
8.74 -1.1375
8.75 -1.138
8.76 -1.1388
8.77 -1.14
8.78 -1.1414
8.79 -1.143
8.8 -1.1447
8.81 -1.1463
8.82 -1.1477
8.83 -1.1489
8.84 -1.1497
8.85 -1.1501
8.86 -1.1503
8.87 -1.15
8.88 -1.1495
8.89 -1.1486
8.9 -1.1473
8.91 -1.1457
8.92 -1.1438
8.93 -1.1416
8.94 -1.1392
8.95 -1.1367
8.96 -1.1341
8.97 -1.1315
8.98 -1.1288
8.99 -1.1259
9 -1.1228
9.01 -1.1191
9.02 -1.1149
9.03 -1.1098
9.04 -1.1039
9.05 -1.0971
9.06 -1.0896
9.07 -1.0815
9.08 -1.0731
9.09 -1.0648
9.1 -1.0568
9.11 -1.0496
9.12 -1.0434
9.13 -1.0385
9.14 -1.0347
9.15 -1.032
9.16 -1.0299
9.17 -1.0276
9.18 -1.0248
9.19 -1.0212
9.2 -1.0171
9.21 -1.0129
9.22 -1.0088
9.23 -1.0051
9.24 -1.0022
9.25 -1.0002
9.26 -0.99921
9.27 -0.99933
9.28 -1.0004
9.29 -1.0023
9.3 -1.0048
9.31 -1.0076
9.32 -1.0105
9.33 -1.0135
9.34 -1.0163
9.35 -1.0189
9.36 -1.021
9.37 -1.0227
9.38 -1.0239
9.39 -1.0245
9.4 -1.0246
9.41 -1.0242
9.42 -1.0234
9.43 -1.0223
9.44 -1.0209
9.45 -1.0193
9.46 -1.0175
9.47 -1.0157
9.48 -1.014
9.49 -1.0124
9.5 -1.0111
9.51 -1.0099
9.52 -1.0089
9.53 -1.0079
9.54 -1.0069
9.55 -1.0061
9.56 -1.0053
9.57 -1.0047
9.58 -1.0042
9.59 -1.004
9.6 -1.004
9.61 -1.0043
9.62 -1.0049
9.63 -1.0058
9.64 -1.0072
9.65 -1.009
9.66 -1.0113
9.67 -1.0141
9.68 -1.0172
9.69 -1.0205
9.7 -1.0238
9.71 -1.0269
9.72 -1.0294
9.73 -1.0313
9.74 -1.032
9.75 -1.0314
9.76 -1.0292
9.77 -1.0249
9.78 -1.0183
9.79 -1.0093
9.8 -0.99761
9.81 -0.9835
9.82 -0.96729
9.83 -0.94958
9.84 -0.931
9.85 -0.91186
9.86 -0.8922
9.87 -0.8718
9.88 -0.85014
9.89 -0.82648
9.9 -0.80012
9.91 -0.77064
9.92 -0.7381
9.93 -0.70312
9.94 -0.66675
9.95 -0.63038
9.96 -0.59542
9.97 -0.56308
9.98 -0.53417
9.99 -0.50917
10 -0.48838
10.01 -0.47185
10.02 -0.4593
10.03 -0.4503
10.04 -0.44453
10.05 -0.44169
10.06 -0.44123
10.07 -0.44242
10.08 -0.44457
10.09 -0.44717
10.1 -0.44982
10.11 -0.45222
10.12 -0.45431
10.13 -0.45624
10.14 -0.45829
10.15 -0.46061
10.16 -0.4633
10.17 -0.46644
10.18 -0.47017
10.19 -0.47456
10.2 -0.47957
10.21 -0.48509
10.22 -0.49101
10.23 -0.4973
10.24 -0.50407
10.25 -0.51152
10.26 -0.51993
10.27 -0.52963
10.28 -0.54094
10.29 -0.55412
10.3 -0.56907
10.31 -0.58514
10.32 -0.60127
10.33 -0.61633
10.34 -0.62937
10.35 -0.63973
10.36 -0.64686
10.37 -0.65032
10.38 -0.65001
10.39 -0.64624
10.4 -0.63964
10.41 -0.63083
10.42 -0.62039
10.43 -0.60874
10.44 -0.59613
10.45 -0.58275
10.46 -0.56885
10.47 -0.55488
10.48 -0.54152
10.49 -0.52979
10.5 -0.52092
10.51 -0.51581
10.52 -0.51478
10.53 -0.51749
10.54 -0.5233
10.55 -0.53133
10.56 -0.5406
10.57 -0.55007
10.58 -0.55876
10.59 -0.56582
10.6 -0.57071
10.61 -0.57327
10.62 -0.5736
10.63 -0.57187
10.64 -0.56828
10.65 -0.56294
10.66 -0.55601
10.67 -0.54763
10.68 -0.53809
10.69 -0.52788
10.7 -0.51773
10.71 -0.50838
10.72 -0.50052
10.73 -0.49468
10.74 -0.49127
10.75 -0.49044
10.76 -0.4918
10.77 -0.4943
10.78 -0.49659
10.79 -0.49745
10.8 -0.49622
10.81 -0.49293
10.82 -0.48813
10.83 -0.48248
10.84 -0.47652
10.85 -0.47068
10.86 -0.4653
10.87 -0.46064
10.88 -0.45682
10.89 -0.45389
10.9 -0.45183
10.91 -0.45069
10.92 -0.45058
10.93 -0.45158
10.94 -0.45354
10.95 -0.45616
10.96 -0.45901
10.97 -0.46167
10.98 -0.46369
10.99 -0.46459
11 -0.46388
11.01 -0.46112
11.02 -0.45617
11.03 -0.44923
11.04 -0.44088
11.05 -0.43172
11.06 -0.42225
11.07 -0.41268
11.08 -0.40305
11.09 -0.39337
11.1 -0.38365
11.11 -0.37395
11.12 -0.36453
11.13 -0.35568
11.14 -0.34759
11.15 -0.3404
11.16 -0.33425
11.17 -0.32924
11.18 -0.32521
11.19 -0.32184
11.2 -0.31876
11.21 -0.31555
11.22 -0.31175
11.23 -0.30667
11.24 -0.29932
11.25 -0.28842
11.26 -0.27248
11.27 -0.24988
11.28 -0.21903
11.29 -0.17862
11.3 -0.12811
11.31 -0.067913
11.32 0.00072586
11.33 0.076056
11.34 0.15603
11.35 0.23835
11.36 0.32051
11.37 0.39989
11.38 0.47404
11.39 0.54079
11.4 0.59851
11.41 0.64624
11.42 0.68372
11.43 0.71132
11.44 0.7299
11.45 0.74043
11.46 0.74373
11.47 0.74033
11.48 0.73054
11.49 0.71467
11.5 0.69302
11.51 0.66581
11.52 0.63308
11.53 0.59475
11.54 0.55075
11.55 0.50103
11.56 0.44551
11.57 0.38404
11.58 0.3164
11.59 0.24216
11.6 0.16055
11.61 0.070385
11.62 -0.029934
11.63 -0.14205
11.64 -0.26666
11.65 -0.40189
11.66 -0.5418
11.67 -0.67721
11.68 -0.79908
11.69 -0.90182
11.7 -0.98396
11.71 -1.0469
11.72 -1.0931
11.73 -1.1256
11.74 -1.1469
11.75 -1.1593
11.76 -1.1646
11.77 -1.1647
11.78 -1.1608
11.79 -1.1543
11.8 -1.1461
11.81 -1.1368
11.82 -1.1271
11.83 -1.1171
11.84 -1.1071
11.85 -1.0973
11.86 -1.0879
11.87 -1.0792
11.88 -1.0713
11.89 -1.0644
11.9 -1.0585
11.91 -1.0538
11.92 -1.05
11.93 -1.0472
11.94 -1.0453
11.95 -1.0441
11.96 -1.0433
11.97 -1.0429
11.98 -1.0428
11.99 -1.0427
12 -1.0428
12.01 -1.0429
12.02 -1.0431
12.03 -1.0434
12.04 -1.0438
12.05 -1.0445
12.06 -1.0453
12.07 -1.0463
12.08 -1.0474
12.09 -1.0484
12.1 -1.0492
12.11 -1.0496
12.12 -1.0499
12.13 -1.0498
12.14 -1.0495
12.15 -1.0492
12.16 -1.0489
12.17 -1.0489
12.18 -1.0491
12.19 -1.0496
12.2 -1.0504
12.21 -1.0512
12.22 -1.0521
12.23 -1.053
12.24 -1.054
12.25 -1.0549
12.26 -1.056
12.27 -1.057
12.28 -1.0581
12.29 -1.0593
12.3 -1.0605
12.31 -1.0618
12.32 -1.0632
12.33 -1.0647
12.34 -1.0664
12.35 -1.0684
12.36 -1.0708
12.37 -1.0736
12.38 -1.0766
12.39 -1.0798
12.4 -1.0829
12.41 -1.086
12.42 -1.0888
12.43 -1.0915
12.44 -1.0938
12.45 -1.0959
12.46 -1.0978
12.47 -1.0994
12.48 -1.1008
12.49 -1.1021
12.5 -1.1032
12.51 -1.1042
12.52 -1.1051
12.53 -1.1058
12.54 -1.1063
12.55 -1.1066
12.56 -1.1067
12.57 -1.1066
12.58 -1.1063
12.59 -1.1059
12.6 -1.1055
12.61 -1.105
12.62 -1.1045
12.63 -1.1042
12.64 -1.1039
12.65 -1.1037
12.66 -1.1038
12.67 -1.104
12.68 -1.1045
12.69 -1.1052
12.7 -1.1059
12.71 -1.1067
12.72 -1.1075
12.73 -1.1084
12.74 -1.1093
12.75 -1.1103
12.76 -1.1112
12.77 -1.1122
12.78 -1.1131
12.79 -1.1139
12.8 -1.1145
12.81 -1.115
12.82 -1.1154
12.83 -1.1158
12.84 -1.1162
12.85 -1.1167
12.86 -1.1174
12.87 -1.118
12.88 -1.1184
12.89 -1.1185
12.9 -1.1182
12.91 -1.1175
12.92 -1.1164
12.93 -1.1151
12.94 -1.1138
12.95 -1.1125
12.96 -1.1113
12.97 -1.1104
12.98 -1.1096
12.99 -1.1092
13 -1.1092
13.01 -1.1094
13.02 -1.1099
13.03 -1.1106
13.04 -1.1113
13.05 -1.1121
13.06 -1.1128
13.07 -1.1135
13.08 -1.114
13.09 -1.1146
13.1 -1.1151
13.11 -1.1156
13.12 -1.1161
13.13 -1.1166
13.14 -1.1171
13.15 -1.1175
13.16 -1.1179
13.17 -1.1182
13.18 -1.1184
13.19 -1.1186
13.2 -1.1188
13.21 -1.1189
13.22 -1.1189
13.23 -1.1187
13.24 -1.1183
13.25 -1.1178
13.26 -1.117
13.27 -1.116
13.28 -1.1149
13.29 -1.1137
13.3 -1.1124
13.31 -1.1111
13.32 -1.1099
13.33 -1.1088
13.34 -1.1078
13.35 -1.107
13.36 -1.1064
13.37 -1.1059
13.38 -1.1056
13.39 -1.1054
13.4 -1.1054
13.41 -1.1055
13.42 -1.1057
13.43 -1.1058
13.44 -1.1059
13.45 -1.106
13.46 -1.106
13.47 -1.1061
13.48 -1.1061
13.49 -1.1061
13.5 -1.1063
13.51 -1.1065
13.52 -1.1068
13.53 -1.1072
13.54 -1.1075
13.55 -1.1079
13.56 -1.1082
13.57 -1.1086
13.58 -1.1088
13.59 -1.109
13.6 -1.109
13.61 -1.1087
13.62 -1.1083
13.63 -1.1075
13.64 -1.1065
13.65 -1.1051
13.66 -1.1034
13.67 -1.1013
13.68 -1.099
13.69 -1.0965
13.7 -1.094
13.71 -1.0917
13.72 -1.0897
13.73 -1.0882
13.74 -1.0873
13.75 -1.0868
13.76 -1.0868
13.77 -1.0871
13.78 -1.0876
13.79 -1.0881
13.8 -1.0886
13.81 -1.0891
13.82 -1.0894
13.83 -1.0895
13.84 -1.0893
13.85 -1.0889
13.86 -1.0883
13.87 -1.0877
13.88 -1.0873
13.89 -1.0871
13.9 -1.0872
13.91 -1.0877
13.92 -1.0885
13.93 -1.0896
13.94 -1.0909
13.95 -1.0923
13.96 -1.0937
13.97 -1.095
13.98 -1.0961
13.99 -1.097
14 -1.0977
14.01 -1.0981
14.02 -1.0982
14.03 -1.098
14.04 -1.0976
14.05 -1.0969
14.06 -1.0962
14.07 -1.0955
14.08 -1.0948
14.09 -1.0944
14.1 -1.0943
14.11 -1.0945
14.12 -1.0949
14.13 -1.0957
14.14 -1.0965
14.15 -1.0975
14.16 -1.0984
14.17 -1.0992
14.18 -1.0997
14.19 -1.0999
14.2 -1.0999
14.21 -1.0997
14.22 -1.0994
14.23 -1.0992
14.24 -1.099
14.25 -1.0989
14.26 -1.099
14.27 -1.0992
14.28 -1.0995
14.29 -1.1
14.3 -1.1007
14.31 -1.1014
14.32 -1.1022
14.33 -1.1028
14.34 -1.1034
14.35 -1.1038
14.36 -1.104
14.37 -1.1041
14.38 -1.1039
14.39 -1.1035
14.4 -1.1029
14.41 -1.1021
14.42 -1.1013
14.43 -1.1003
14.44 -1.0994
14.45 -1.0983
14.46 -1.0972
14.47 -1.096
14.48 -1.0949
14.49 -1.0939
14.5 -1.093
14.51 -1.0923
14.52 -1.0917
14.53 -1.0912
14.54 -1.0907
14.55 -1.0901
14.56 -1.0895
14.57 -1.0889
14.58 -1.0881
14.59 -1.0872
14.6 -1.0861
14.61 -1.0848
14.62 -1.0832
14.63 -1.0816
14.64 -1.0799
14.65 -1.0784
14.66 -1.0771
14.67 -1.0763
14.68 -1.0759
14.69 -1.0759
14.7 -1.0763
14.71 -1.0772
14.72 -1.0785
14.73 -1.0801
14.74 -1.082
14.75 -1.0841
14.76 -1.0862
14.77 -1.0884
14.78 -1.0903
14.79 -1.0921
14.8 -1.0934
14.81 -1.0945
14.82 -1.0951
14.83 -1.0955
14.84 -1.0957
14.85 -1.0957
14.86 -1.0956
14.87 -1.0955
14.88 -1.0953
14.89 -1.0951
14.9 -1.0948
14.91 -1.0945
14.92 -1.094
14.93 -1.0935
14.94 -1.0928
14.95 -1.0919
14.96 -1.0909
14.97 -1.0897
14.98 -1.0885
14.99 -1.0873
15 -1.086
15.01 -1.0847
15.02 -1.0833
15.03 -1.0818
15.04 -1.0802
15.05 -1.0786
15.06 -1.077
15.07 -1.0755
15.08 -1.074
15.09 -1.0727
15.1 -1.0715
15.11 -1.0705
15.12 -1.0696
15.13 -1.0688
15.14 -1.068
15.15 -1.0674
15.16 -1.067
15.17 -1.0667
15.18 -1.0665
15.19 -1.0665
15.2 -1.0664
15.21 -1.0662
15.22 -1.0659
15.23 -1.0656
15.24 -1.0652
15.25 -1.0645
15.26 -1.0637
15.27 -1.0626
15.28 -1.061
15.29 -1.0592
15.3 -1.0569
15.31 -1.0544
15.32 -1.0517
15.33 -1.0487
15.34 -1.0457
15.35 -1.0426
15.36 -1.0396
15.37 -1.0367
15.38 -1.0338
15.39 -1.031
15.4 -1.0284
15.41 -1.026
15.42 -1.0239
15.43 -1.022
15.44 -1.0204
15.45 -1.019
15.46 -1.0179
15.47 -1.0169
15.48 -1.0161
15.49 -1.0154
15.5 -1.0148
15.51 -1.0141
15.52 -1.0135
15.53 -1.0129
15.54 -1.0122
15.55 -1.0116
15.56 -1.0109
15.57 -1.0101
15.58 -1.0093
15.59 -1.0083
15.6 -1.0072
15.61 -1.0059
15.62 -1.0044
15.63 -1.0026
15.64 -1.0006
15.65 -0.99818
15.66 -0.99551
15.67 -0.99257
15.68 -0.98939
15.69 -0.986
15.7 -0.98249
15.71 -0.97894
15.72 -0.97542
15.73 -0.97198
15.74 -0.96865
15.75 -0.96542
15.76 -0.96221
15.77 -0.9589
15.78 -0.95527
15.79 -0.95104
15.8 -0.94586
15.81 -0.93936
15.82 -0.93121
15.83 -0.92111
15.84 -0.90888
15.85 -0.89447
15.86 -0.87811
15.87 -0.86034
15.88 -0.84217
15.89 -0.82509
15.9 -0.8107
15.91 -0.80013
15.92 -0.79358
15.93 -0.79043
15.94 -0.78994
15.95 -0.79184
15.96 -0.79617
15.97 -0.80283
15.98 -0.81134
15.99 -0.82095
16 -0.83084
16.01 -0.8403
16.02 -0.84893
16.03 -0.85655
16.04 -0.86318
16.05 -0.86897
16.06 -0.87403
16.07 -0.87846
16.08 -0.88229
16.09 -0.88553
16.1 -0.88816
16.11 -0.89016
16.12 -0.8915
16.13 -0.89215
16.14 -0.89213
16.15 -0.89149
16.16 -0.89034
16.17 -0.88878
16.18 -0.88689
16.19 -0.8847
16.2 -0.88226
16.21 -0.87961
16.22 -0.8768
16.23 -0.87392
16.24 -0.87102
16.25 -0.86816
16.26 -0.8654
16.27 -0.86282
16.28 -0.86045
16.29 -0.85832
16.3 -0.85642
16.31 -0.8547
16.32 -0.85307
16.33 -0.85149
16.34 -0.84993
16.35 -0.84842
16.36 -0.84701
16.37 -0.84583
16.38 -0.84498
16.39 -0.84461
16.4 -0.84483
16.41 -0.84578
16.42 -0.8475
16.43 -0.85003
16.44 -0.85332
16.45 -0.85726
16.46 -0.86168
16.47 -0.86638
16.48 -0.8712
16.49 -0.87606
16.5 -0.88094
16.51 -0.88583
16.52 -0.89071
16.53 -0.89552
16.54 -0.90016
16.55 -0.90452
16.56 -0.90847
16.57 -0.91196
16.58 -0.91497
16.59 -0.91758
16.6 -0.91989
16.61 -0.92202
16.62 -0.92411
16.63 -0.9263
16.64 -0.92867
16.65 -0.93126
16.66 -0.93407
16.67 -0.93711
16.68 -0.94038
16.69 -0.94382
16.7 -0.94732
16.71 -0.95068
16.72 -0.95369
16.73 -0.95615
16.74 -0.9579
16.75 -0.95878
16.76 -0.95871
16.77 -0.95766
16.78 -0.95569
16.79 -0.95289
16.8 -0.94944
16.81 -0.94549
16.82 -0.9412
16.83 -0.93677
16.84 -0.93239
16.85 -0.9282
16.86 -0.92432
16.87 -0.92074
16.88 -0.91743
16.89 -0.91435
16.9 -0.91148
16.91 -0.90882
16.92 -0.90638
16.93 -0.90417
16.94 -0.90222
16.95 -0.90051
16.96 -0.89903
16.97 -0.8978
16.98 -0.89683
16.99 -0.89614
17 -0.89572
17.01 -0.89552
17.02 -0.89552
17.03 -0.89568
17.04 -0.89599
17.05 -0.89645
17.06 -0.89701
17.07 -0.89764
17.08 -0.89825
17.09 -0.89879
17.1 -0.89921
17.11 -0.89947
17.12 -0.89954
17.13 -0.89936
17.14 -0.8989
17.15 -0.89815
17.16 -0.89711
17.17 -0.89585
17.18 -0.89449
17.19 -0.89311
17.2 -0.89171
17.21 -0.89021
17.22 -0.88848
17.23 -0.88646
17.24 -0.88409
17.25 -0.8814
17.26 -0.87843
17.27 -0.87515
17.28 -0.87152
17.29 -0.86737
17.3 -0.86251
17.31 -0.85671
17.32 -0.84978
17.33 -0.84158
17.34 -0.83206
17.35 -0.8213
17.36 -0.80955
17.37 -0.79714
17.38 -0.7845
17.39 -0.77205
17.4 -0.76022
17.41 -0.74934
17.42 -0.73965
17.43 -0.73116
17.44 -0.7237
17.45 -0.71695
17.46 -0.71049
17.47 -0.70396
17.48 -0.69707
17.49 -0.68971
17.5 -0.68189
17.51 -0.67375
17.52 -0.66551
17.53 -0.65747
17.54 -0.65003
17.55 -0.64363
17.56 -0.63871
17.57 -0.63558
17.58 -0.6344
17.59 -0.63513
17.6 -0.63752
17.61 -0.64113
17.62 -0.64539
17.63 -0.64971
17.64 -0.65357
17.65 -0.65654
17.66 -0.65838
17.67 -0.65902
17.68 -0.65858
17.69 -0.65725
17.7 -0.65531
17.71 -0.65308
17.72 -0.65085
17.73 -0.64888
17.74 -0.64734
17.75 -0.64633
17.76 -0.64584
17.77 -0.64586
17.78 -0.64632
17.79 -0.64716
17.8 -0.64834
17.81 -0.64984
17.82 -0.65168
17.83 -0.65381
17.84 -0.65611
17.85 -0.65839
17.86 -0.66046
17.87 -0.66215
17.88 -0.66328
17.89 -0.66375
17.9 -0.66357
17.91 -0.66286
17.92 -0.66184
17.93 -0.66068
17.94 -0.6596
17.95 -0.65876
17.96 -0.65829
17.97 -0.65818
17.98 -0.65838
17.99 -0.65876
18 -0.65924
18.01 -0.65976
18.02 -0.66026
18.03 -0.6607
18.04 -0.66107
18.05 -0.66141
18.06 -0.66175
18.07 -0.6621
18.08 -0.66238
18.09 -0.66248
18.1 -0.66232
18.11 -0.66182
18.12 -0.66096
18.13 -0.65972
18.14 -0.65804
18.15 -0.65585
18.16 -0.65316
18.17 -0.65008
18.18 -0.64688
18.19 -0.64386
18.2 -0.64135
18.21 -0.63958
18.22 -0.6387
18.23 -0.6387
18.24 -0.63957
18.25 -0.64132
18.26 -0.64401
18.27 -0.64781
18.28 -0.65291
18.29 -0.65956
18.3 -0.66794
18.31 -0.67805
18.32 -0.68977
18.33 -0.70287
18.34 -0.71709
18.35 -0.73226
18.36 -0.74829
18.37 -0.76516
18.38 -0.78283
18.39 -0.80121
18.4 -0.82018
18.41 -0.83964
18.42 -0.85944
18.43 -0.87936
18.44 -0.89905
18.45 -0.9181
18.46 -0.93611
18.47 -0.9527
18.48 -0.9676
18.49 -0.98064
18.5 -0.99177
18.51 -1.001
18.52 -1.0082
18.53 -1.0134
18.54 -1.0166
18.55 -1.0181
18.56 -1.018
18.57 -1.0166
18.58 -1.0143
18.59 -1.0117
18.6 -1.0091
18.61 -1.0072
18.62 -1.0065
18.63 -1.0071
18.64 -1.0089
18.65 -1.0118
18.66 -1.0152
18.67 -1.0186
18.68 -1.0211
18.69 -1.0216
18.7 -1.019
18.71 -1.0118
18.72 -0.99845
18.73 -0.97725
18.74 -0.94644
18.75 -0.90439
18.76 -0.85012
18.77 -0.7842
18.78 -0.71018
18.79 -0.63529
18.8 -0.56871
18.81 -0.5189
18.82 -0.49177
18.83 -0.49028
18.84 -0.51436
18.85 -0.56112
18.86 -0.62515
18.87 -0.69931
18.88 -0.77613
18.89 -0.84939
18.9 -0.91503
18.91 -0.97106
18.92 -1.0169
18.93 -1.0526
18.94 -1.0791
18.95 -1.0974
18.96 -1.109
18.97 -1.115
18.98 -1.1168
18.99 -1.1155
19 -1.1122
19.01 -1.1077
19.02 -1.1029
19.03 -1.0983
19.04 -1.0943
19.05 -1.0911
19.06 -1.0888
19.07 -1.0873
19.08 -1.0865
19.09 -1.0862
19.1 -1.0863
19.11 -1.0866
19.12 -1.087
19.13 -1.0875
19.14 -1.0879
19.15 -1.0882
19.16 -1.0882
19.17 -1.088
19.18 -1.0873
19.19 -1.086
19.2 -1.0839
19.21 -1.0808
19.22 -1.0768
19.23 -1.072
19.24 -1.0665
19.25 -1.0605
19.26 -1.054
19.27 -1.0464
19.28 -1.0367
19.29 -1.0246
19.3 -1.0098
19.31 -0.99322
19.32 -0.97545
19.33 -0.95724
19.34 -0.93934
19.35 -0.92253
19.36 -0.90755
19.37 -0.89514
19.38 -0.88604
19.39 -0.88072
19.4 -0.87937
19.41 -0.88194
19.42 -0.8883
19.43 -0.89831
19.44 -0.91173
19.45 -0.92809
19.46 -0.94658
19.47 -0.96586
19.48 -0.98408
19.49 -0.99911
19.5 -1.0093
19.51 -1.0145
19.52 -1.0155
19.53 -1.014
19.54 -1.0112
19.55 -1.0081
19.56 -1.0053
19.57 -1.003
19.58 -1.0011
19.59 -0.99942
19.6 -0.99747
19.61 -0.99501
19.62 -0.99207
19.63 -0.98884
19.64 -0.98558
19.65 -0.98247
19.66 -0.97963
19.67 -0.97716
19.68 -0.97515
19.69 -0.97376
19.7 -0.97322
19.71 -0.97383
19.72 -0.97591
19.73 -0.97969
19.74 -0.98537
19.75 -0.993
19.76 -1.0025
19.77 -1.0137
19.78 -1.026
19.79 -1.0388
19.8 -1.0514
19.81 -1.0627
19.82 -1.0717
19.83 -1.0781
19.84 -1.0819
19.85 -1.0839
19.86 -1.0847
19.87 -1.0849
19.88 -1.0846
19.89 -1.0841
19.9 -1.0835
19.91 -1.0828
19.92 -1.082
19.93 -1.0812
19.94 -1.0804
19.95 -1.0797
19.96 -1.0791
19.97 -1.0785
19.98 -1.078
19.99 -1.0774
20 -1.0768
20.01 -1.0762
20.02 -1.0755
20.03 -1.0748
20.04 -1.0743
20.05 -1.0741
20.06 -1.0743
20.07 -1.0748
20.08 -1.0757
20.09 -1.0767
20.1 -1.0779
20.11 -1.0794
20.12 -1.081
20.13 -1.0828
20.14 -1.0847
20.15 -1.0867
20.16 -1.0889
20.17 -1.0912
20.18 -1.0937
20.19 -1.0965
20.2 -1.0994
20.21 -1.1025
20.22 -1.1055
20.23 -1.1086
20.24 -1.1116
20.25 -1.1145
20.26 -1.1174
20.27 -1.1202
20.28 -1.1229
20.29 -1.1254
20.3 -1.1279
20.31 -1.1303
20.32 -1.1327
20.33 -1.1353
20.34 -1.138
20.35 -1.1409
20.36 -1.144
20.37 -1.1471
20.38 -1.1502
20.39 -1.1531
20.4 -1.1557
20.41 -1.1579
20.42 -1.1598
20.43 -1.1613
20.44 -1.1624
20.45 -1.1632
20.46 -1.1638
20.47 -1.1643
20.48 -1.1648
20.49 -1.1653
20.5 -1.1659
20.51 -1.1669
20.52 -1.168
20.53 -1.1695
20.54 -1.1712
20.55 -1.1731
20.56 -1.1752
20.57 -1.1774
20.58 -1.1793
20.59 -1.1809
20.6 -1.1816
20.61 -1.1813
20.62 -1.1793
20.63 -1.1752
20.64 -1.1689
20.65 -1.1607
20.66 -1.1514
20.67 -1.1422
20.68 -1.1342
20.69 -1.1277
20.7 -1.1231
20.71 -1.12
20.72 -1.1185
20.73 -1.1179
20.74 -1.1178
20.75 -1.1175
20.76 -1.1166
20.77 -1.1145
20.78 -1.1108
20.79 -1.1053
20.8 -1.0979
20.81 -1.0891
20.82 -1.0792
20.83 -1.0687
20.84 -1.0578
20.85 -1.0467
20.86 -1.0355
20.87 -1.0244
20.88 -1.0133
20.89 -1.0023
20.9 -0.99174
20.91 -0.98193
20.92 -0.9735
20.93 -0.9671
20.94 -0.96313
20.95 -0.96169
20.96 -0.9627
20.97 -0.96592
20.98 -0.97103
20.99 -0.97763
21 -0.98533
21.01 -0.99373
21.02 -1.0025
21.03 -1.0112
21.04 -1.0196
21.05 -1.0272
21.06 -1.0335
21.07 -1.0379
21.08 -1.0399
21.09 -1.0392
21.1 -1.0358
21.11 -1.0296
21.12 -1.0208
21.13 -1.0097
21.14 -0.99646
21.15 -0.98149
21.16 -0.96539
21.17 -0.9491
21.18 -0.93363
21.19 -0.91975
21.2 -0.90794
21.21 -0.89851
21.22 -0.89164
21.23 -0.88751
21.24 -0.88616
21.25 -0.88749
21.26 -0.89096
21.27 -0.89568
21.28 -0.90055
21.29 -0.90471
21.3 -0.9077
21.31 -0.90931
21.32 -0.9095
21.33 -0.90836
21.34 -0.90616
21.35 -0.90328
21.36 -0.90025
21.37 -0.8976
21.38 -0.89588
21.39 -0.89552
21.4 -0.89697
21.41 -0.90065
21.42 -0.90707
21.43 -0.91665
21.44 -0.9297
21.45 -0.94619
21.46 -0.9657
21.47 -0.98741
21.48 -1.0101
21.49 -1.0324
21.5 -1.053
21.51 -1.0708
21.52 -1.0849
21.53 -1.0944
21.54 -1.0986
21.55 -1.0971
21.56 -1.0898
21.57 -1.0769
21.58 -1.0596
21.59 -1.0393
21.6 -1.0177
21.61 -0.99595
21.62 -0.97508
21.63 -0.95553
21.64 -0.93753
21.65 -0.92128
21.66 -0.90688
21.67 -0.89402
21.68 -0.88206
21.69 -0.87043
21.7 -0.85897
21.71 -0.84783
21.72 -0.83726
21.73 -0.82734
21.74 -0.81802
21.75 -0.80912
21.76 -0.80034
21.77 -0.79141
21.78 -0.78215
21.79 -0.77267
21.8 -0.76329
21.81 -0.75457
21.82 -0.74711
21.83 -0.7414
21.84 -0.73771
21.85 -0.73594
21.86 -0.73577
21.87 -0.73668
21.88 -0.73807
21.89 -0.7393
21.9 -0.7397
21.91 -0.73873
21.92 -0.73602
21.93 -0.73151
21.94 -0.72538
21.95 -0.71808
21.96 -0.71011
21.97 -0.70197
21.98 -0.69406
21.99 -0.68668
22 -0.68007
22.01 -0.67443
22.02 -0.66997
22.03 -0.66679
22.04 -0.66493
22.05 -0.66434
22.06 -0.66484
22.07 -0.66616
22.08 -0.66797
22.09 -0.66997
22.1 -0.67196
22.11 -0.67387
22.12 -0.67575
22.13 -0.67763
22.14 -0.67964
22.15 -0.68195
22.16 -0.6848
22.17 -0.68836
22.18 -0.69277
22.19 -0.69811
22.2 -0.70439
22.21 -0.71148
22.22 -0.71911
22.23 -0.72688
22.24 -0.7343
22.25 -0.74088
22.26 -0.74613
22.27 -0.74965
22.28 -0.75115
22.29 -0.75052
22.3 -0.74784
22.31 -0.74341
22.32 -0.73765
22.33 -0.73108
22.34 -0.72426
22.35 -0.71767
22.36 -0.71173
22.37 -0.70674
22.38 -0.70286
22.39 -0.70019
22.4 -0.69877
22.41 -0.69859
22.42 -0.69959
22.43 -0.70164
22.44 -0.70455
22.45 -0.70808
22.46 -0.71193
22.47 -0.71574
22.48 -0.7191
22.49 -0.72161
22.5 -0.72298
22.51 -0.72305
22.52 -0.72185
22.53 -0.71953
22.54 -0.71638
22.55 -0.71269
22.56 -0.70876
22.57 -0.7048
22.58 -0.70093
22.59 -0.69723
22.6 -0.69377
22.61 -0.69079
22.62 -0.68859
22.63 -0.68746
22.64 -0.6875
22.65 -0.68866
22.66 -0.69075
22.67 -0.6936
22.68 -0.69717
22.69 -0.70162
22.7 -0.70729
22.71 -0.71458
22.72 -0.72386
22.73 -0.73533
22.74 -0.74894
22.75 -0.76438
22.76 -0.78118
22.77 -0.79883
22.78 -0.81696
22.79 -0.83538
22.8 -0.85412
22.81 -0.87325
22.82 -0.89275
22.83 -0.91233
22.84 -0.93147
22.85 -0.94953
22.86 -0.96592
22.87 -0.98015
22.88 -0.99198
22.89 -1.0014
22.9 -1.0087
22.91 -1.0142
22.92 -1.0183
22.93 -1.0214
22.94 -1.0237
22.95 -1.0254
22.96 -1.0269
22.97 -1.0285
22.98 -1.0303
22.99 -1.0321
23 -1.0338
23.01 -1.0349
23.02 -1.0351
23.03 -1.0344
23.04 -1.0328
23.05 -1.0302
23.06 -1.0265
23.07 -1.0214
23.08 -1.015
23.09 -1.0073
23.1 -0.99883
23.11 -0.98985
23.12 -0.98098
23.13 -0.97283
23.14 -0.96594
23.15 -0.96071
23.16 -0.95741
23.17 -0.95628
23.18 -0.95765
23.19 -0.96188
23.2 -0.96936
23.21 -0.9804
23.22 -0.99515
23.23 -1.0135
23.24 -1.0349
23.25 -1.0584
23.26 -1.0826
23.27 -1.1058
23.28 -1.1265
23.29 -1.1438
23.3 -1.1575
23.31 -1.1677
23.32 -1.1747
23.33 -1.1791
23.34 -1.1813
23.35 -1.1817
23.36 -1.1808
23.37 -1.1787
23.38 -1.1756
23.39 -1.1718
23.4 -1.1674
23.41 -1.1627
23.42 -1.1581
23.43 -1.1537
23.44 -1.1498
23.45 -1.1465
23.46 -1.1438
23.47 -1.1418
23.48 -1.1403
23.49 -1.1392
23.5 -1.1382
23.51 -1.1373
23.52 -1.1362
23.53 -1.1347
23.54 -1.1328
23.55 -1.1303
23.56 -1.1271
23.57 -1.1234
23.58 -1.1192
23.59 -1.1147
23.6 -1.1102
23.61 -1.1057
23.62 -1.1015
23.63 -1.0977
23.64 -1.0945
23.65 -1.092
23.66 -1.0902
23.67 -1.0893
23.68 -1.0892
23.69 -1.09
23.7 -1.0917
23.71 -1.0941
23.72 -1.0971
23.73 -1.1005
23.74 -1.1041
23.75 -1.1077
23.76 -1.1114
23.77 -1.1151
23.78 -1.1186
23.79 -1.1219
23.8 -1.1248
23.81 -1.1269
23.82 -1.1279
23.83 -1.1275
23.84 -1.1255
23.85 -1.1217
23.86 -1.1158
23.87 -1.1077
23.88 -1.0971
23.89 -1.084
23.9 -1.0682
23.91 -1.05
23.92 -1.0297
23.93 -1.0083
23.94 -0.98717
23.95 -0.96812
23.96 -0.95255
23.97 -0.94116
23.98 -0.93384
23.99 -0.92992
24 -0.92876
24.01 -0.93028
24.02 -0.93483
24.03 -0.94248
24.04 -0.95267
24.05 -0.96447
24.06 -0.97693
24.07 -0.98911
24.08 -1
24.09 -1.0088
24.1 -1.0144
24.11 -1.0167
24.12 -1.0154
24.13 -1.0111
24.14 -1.0042
24.15 -0.99564
24.16 -0.9867
24.17 -0.97907
24.18 -0.97441
24.19 -0.97423
24.2 -0.97962
24.21 -0.99073
24.22 -1.0065
24.23 -1.025
24.24 -1.0443
24.25 -1.0629
24.26 -1.0801
24.27 -1.0953
24.28 -1.1079
24.29 -1.1179
24.3 -1.1253
24.31 -1.1303
24.32 -1.1334
24.33 -1.135
24.34 -1.1356
24.35 -1.1352
24.36 -1.1341
24.37 -1.1324
24.38 -1.1302
24.39 -1.1276
24.4 -1.1244
24.41 -1.1208
24.42 -1.1166
24.43 -1.112
24.44 -1.1069
24.45 -1.1015
24.46 -1.0958
24.47 -1.09
24.48 -1.0841
24.49 -1.0784
24.5 -1.0729
24.51 -1.0681
24.52 -1.0642
24.53 -1.0613
24.54 -1.0594
24.55 -1.0585
24.56 -1.0583
24.57 -1.0586
24.58 -1.0593
24.59 -1.0601
24.6 -1.0611
24.61 -1.0623
24.62 -1.0634
24.63 -1.0645
24.64 -1.0654
24.65 -1.0664
24.66 -1.0674
24.67 -1.0688
24.68 -1.0709
24.69 -1.074
24.7 -1.0783
24.71 -1.0841
24.72 -1.0915
24.73 -1.1004
24.74 -1.1106
24.75 -1.1216
24.76 -1.1328
24.77 -1.1436
24.78 -1.1537
24.79 -1.1627
24.8 -1.1705
24.81 -1.1771
24.82 -1.1826
24.83 -1.1871
24.84 -1.1909
24.85 -1.1939
24.86 -1.1963
24.87 -1.1981
24.88 -1.1992
24.89 -1.1996
24.9 -1.1996
24.91 -1.1993
24.92 -1.1988
24.93 -1.1983
24.94 -1.1979
24.95 -1.1978
24.96 -1.1979
24.97 -1.1983
24.98 -1.199
24.99 -1.1998
25 -1.2005
25.01 -1.2011
25.02 -1.2014
25.03 -1.201
25.04 -1.1995
25.05 -1.1967
25.06 -1.1919
25.07 -1.1845
25.08 -1.1745
25.09 -1.1624
25.1 -1.149
25.11 -1.1354
25.12 -1.1225
25.13 -1.1106
25.14 -1.1001
25.15 -1.0909
25.16 -1.0832
25.17 -1.0766
25.18 -1.071
25.19 -1.0663
25.2 -1.0623
25.21 -1.0587
25.22 -1.0546
25.23 -1.0495
25.24 -1.0428
25.25 -1.0342
25.26 -1.024
25.27 -1.013
25.28 -1.0024
25.29 -0.99328
25.3 -0.98705
25.31 -0.9848
25.32 -0.98728
25.33 -0.99467
25.34 -1.0063
25.35 -1.0207
25.36 -1.0358
25.37 -1.0496
25.38 -1.0606
25.39 -1.0676
25.4 -1.0698
25.41 -1.0672
25.42 -1.0601
25.43 -1.0496
25.44 -1.0367
25.45 -1.023
25.46 -1.0098
25.47 -0.99795
25.48 -0.98786
25.49 -0.97959
25.5 -0.97305
25.51 -0.96807
25.52 -0.96449
25.53 -0.96206
25.54 -0.96051
25.55 -0.95947
25.56 -0.95863
25.57 -0.95768
25.58 -0.95631
25.59 -0.9541
25.6 -0.95084
25.61 -0.94676
25.62 -0.9424
25.63 -0.93819
25.64 -0.93415
25.65 -0.93003
25.66 -0.92555
25.67 -0.92057
25.68 -0.91534
25.69 -0.91054
25.7 -0.90675
25.71 -0.9044
25.72 -0.90386
25.73 -0.9053
25.74 -0.90831
25.75 -0.91193
25.76 -0.91509
25.77 -0.91711
25.78 -0.91795
25.79 -0.91776
25.8 -0.91669
25.81 -0.91491
25.82 -0.91263
25.83 -0.91001
25.84 -0.90715
25.85 -0.90417
25.86 -0.90119
25.87 -0.89833
25.88 -0.89578
25.89 -0.89373
25.9 -0.89235
25.91 -0.89178
25.92 -0.89208
25.93 -0.8932
25.94 -0.89501
25.95 -0.89736
25.96 -0.9001
25.97 -0.90306
25.98 -0.90603
25.99 -0.90877
26 -0.91106
26.01 -0.91273
26.02 -0.91363
26.03 -0.91369
26.04 -0.91292
26.05 -0.91142
26.06 -0.90938
26.07 -0.90705
26.08 -0.90474
26.09 -0.90271
26.1 -0.90114
26.11 -0.90006
26.12 -0.8994
26.13 -0.89895
26.14 -0.89841
26.15 -0.89743
26.16 -0.89562
26.17 -0.8927
26.18 -0.8884
26.19 -0.88257
26.2 -0.87513
26.21 -0.86604
26.22 -0.85539
26.23 -0.8434
26.24 -0.83044
26.25 -0.81697
26.26 -0.80349
26.27 -0.79047
26.28 -0.77833
26.29 -0.76746
26.3 -0.75812
26.31 -0.7504
26.32 -0.74418
26.33 -0.73915
26.34 -0.73489
26.35 -0.73098
26.36 -0.72703
26.37 -0.72278
26.38 -0.7181
26.39 -0.713
26.4 -0.70757
26.41 -0.70195
26.42 -0.69628
26.43 -0.69069
26.44 -0.68524
26.45 -0.68
26.46 -0.67501
26.47 -0.67037
26.48 -0.66614
26.49 -0.66234
26.5 -0.65889
26.51 -0.65564
26.52 -0.65242
26.53 -0.64913
26.54 -0.64573
26.55 -0.64231
26.56 -0.63903
26.57 -0.63609
26.58 -0.63371
26.59 -0.63199
26.6 -0.63103
26.61 -0.63081
26.62 -0.63127
26.63 -0.63227
26.64 -0.63367
26.65 -0.63532
26.66 -0.63707
26.67 -0.63869
26.68 -0.63993
26.69 -0.64056
26.7 -0.64049
26.71 -0.63971
26.72 -0.6383
26.73 -0.63638
26.74 -0.63404
26.75 -0.63141
26.76 -0.62862
26.77 -0.62586
26.78 -0.62331
26.79 -0.62116
26.8 -0.61955
26.81 -0.61857
26.82 -0.61821
26.83 -0.61841
26.84 -0.61907
26.85 -0.62003
26.86 -0.62115
26.87 -0.62233
26.88 -0.62351
26.89 -0.6247
26.9 -0.62595
26.91 -0.62736
26.92 -0.62915
26.93 -0.63164
26.94 -0.63519
26.95 -0.64017
26.96 -0.64689
26.97 -0.65556
26.98 -0.66616
26.99 -0.67846
27 -0.69205
27.01 -0.70637
27.02 -0.72088
27.03 -0.7351
27.04 -0.74876
27.05 -0.76184
27.06 -0.77453
27.07 -0.78718
27.08 -0.8001
27.09 -0.81352
27.1 -0.82753
27.11 -0.84208
27.12 -0.85701
27.13 -0.87207
27.14 -0.88698
27.15 -0.90148
27.16 -0.91536
27.17 -0.92845
27.18 -0.94061
27.19 -0.95173
27.2 -0.96174
27.21 -0.97069
27.22 -0.97875
27.23 -0.98624
27.24 -0.99356
27.25 -1.0012
27.26 -1.0096
27.27 -1.0191
27.28 -1.0296
27.29 -1.0407
27.3 -1.0519
27.31 -1.0627
27.32 -1.0727
27.33 -1.0818
27.34 -1.0899
27.35 -1.0967
27.36 -1.1024
27.37 -1.1069
27.38 -1.1105
27.39 -1.1133
27.4 -1.1155
27.41 -1.1171
27.42 -1.118
27.43 -1.1184
27.44 -1.118
27.45 -1.1168
27.46 -1.1149
27.47 -1.1122
27.48 -1.1088
27.49 -1.1046
27.5 -1.0998
27.51 -1.0944
27.52 -1.0885
27.53 -1.0823
27.54 -1.0758
27.55 -1.0694
27.56 -1.0631
27.57 -1.0573
27.58 -1.052
27.59 -1.0475
27.6 -1.0439
27.61 -1.0411
27.62 -1.0391
27.63 -1.0377
27.64 -1.037
27.65 -1.0368
27.66 -1.0368
27.67 -1.0371
27.68 -1.0374
27.69 -1.0378
27.7 -1.0382
27.71 -1.0386
27.72 -1.039
27.73 -1.0394
27.74 -1.0397
27.75 -1.04
27.76 -1.0402
27.77 -1.0404
27.78 -1.0404
27.79 -1.0403
27.8 -1.0402
27.81 -1.04
27.82 -1.0398
27.83 -1.0396
27.84 -1.0396
27.85 -1.0398
27.86 -1.0403
27.87 -1.0412
27.88 -1.0425
27.89 -1.0442
27.9 -1.0463
27.91 -1.0486
27.92 -1.0513
27.93 -1.0542
27.94 -1.0574
27.95 -1.0608
27.96 -1.0643
27.97 -1.068
27.98 -1.0719
27.99 -1.0757
28 -1.0796
28.01 -1.0835
28.02 -1.0873
28.03 -1.091
28.04 -1.0945
28.05 -1.0977
28.06 -1.1007
28.07 -1.1033
28.08 -1.1055
28.09 -1.1075
28.1 -1.1093
28.11 -1.111
28.12 -1.1126
28.13 -1.1143
28.14 -1.116
28.15 -1.1176
28.16 -1.119
28.17 -1.1202
28.18 -1.1212
28.19 -1.1221
28.2 -1.123
28.21 -1.1239
28.22 -1.1251
28.23 -1.1266
28.24 -1.1282
28.25 -1.1298
28.26 -1.1314
28.27 -1.1326
28.28 -1.1333
28.29 -1.1334
28.3 -1.1329
28.31 -1.1317
28.32 -1.1301
28.33 -1.1279
28.34 -1.1254
28.35 -1.1226
28.36 -1.1196
28.37 -1.1164
28.38 -1.1132
28.39 -1.1101
28.4 -1.107
28.41 -1.1039
28.42 -1.1008
28.43 -1.0977
28.44 -1.0945
28.45 -1.0913
28.46 -1.088
28.47 -1.0846
28.48 -1.0812
28.49 -1.0778
28.5 -1.0745
28.51 -1.071
28.52 -1.0676
28.53 -1.0641
28.54 -1.0605
28.55 -1.0569
28.56 -1.0534
28.57 -1.0499
28.58 -1.0467
28.59 -1.0438
28.6 -1.0414
28.61 -1.0394
28.62 -1.038
28.63 -1.037
28.64 -1.0367
28.65 -1.0371
28.66 -1.0384
28.67 -1.0405
28.68 -1.0435
28.69 -1.0475
28.7 -1.0524
28.71 -1.0579
28.72 -1.0638
28.73 -1.0695
28.74 -1.0748
28.75 -1.0795
28.76 -1.0834
28.77 -1.0866
28.78 -1.0892
28.79 -1.0916
28.8 -1.0939
28.81 -1.0963
28.82 -1.0989
28.83 -1.1014
28.84 -1.1036
28.85 -1.1054
28.86 -1.1068
28.87 -1.1078
28.88 -1.1087
28.89 -1.1096
28.9 -1.1106
28.91 -1.1118
28.92 -1.1131
28.93 -1.1146
28.94 -1.1162
28.95 -1.1178
28.96 -1.1194
28.97 -1.121
28.98 -1.1226
28.99 -1.1239
29 -1.1249
29.01 -1.1256
29.02 -1.1259
29.03 -1.1258
29.04 -1.1253
29.05 -1.1245
29.06 -1.1236
29.07 -1.1226
29.08 -1.1216
29.09 -1.1208
29.1 -1.1202
29.11 -1.1199
29.12 -1.1199
29.13 -1.1201
29.14 -1.1206
29.15 -1.1214
29.16 -1.1222
29.17 -1.1231
29.18 -1.1239
29.19 -1.1247
29.2 -1.1252
29.21 -1.1255
29.22 -1.1253
29.23 -1.1244
29.24 -1.1229
29.25 -1.1206
29.26 -1.1177
29.27 -1.1142
29.28 -1.1104
29.29 -1.1064
29.3 -1.1025
29.31 -1.0987
29.32 -1.0952
29.33 -1.092
29.34 -1.0893
29.35 -1.0871
29.36 -1.0857
29.37 -1.085
29.38 -1.085
29.39 -1.0856
29.4 -1.0868
29.41 -1.0883
29.42 -1.09
29.43 -1.0917
29.44 -1.0935
29.45 -1.0951
29.46 -1.0967
29.47 -1.0981
29.48 -1.0993
29.49 -1.1002
29.5 -1.101
29.51 -1.1014
29.52 -1.1016
29.53 -1.1015
29.54 -1.1009
29.55 -1.0999
29.56 -1.0985
29.57 -1.0965
29.58 -1.0942
29.59 -1.0914
29.6 -1.0882
29.61 -1.0848
29.62 -1.0812
29.63 -1.0775
29.64 -1.0738
29.65 -1.07
29.66 -1.0663
29.67 -1.0627
29.68 -1.0593
29.69 -1.0561
29.7 -1.0531
29.71 -1.0504
29.72 -1.048
29.73 -1.0459
29.74 -1.0442
29.75 -1.0429
29.76 -1.0419
29.77 -1.0413
29.78 -1.0411
29.79 -1.041
29.8 -1.041
29.81 -1.0411
29.82 -1.041
29.83 -1.0409
29.84 -1.0407
29.85 -1.0404
29.86 -1.0399
29.87 -1.0394
29.88 -1.0388
29.89 -1.0382
29.9 -1.0375
29.91 -1.0368
29.92 -1.0361
29.93 -1.0354
29.94 -1.0348
29.95 -1.0343
29.96 -1.0338
29.97 -1.0334
29.98 -1.0331
29.99 -1.0329
30 -1.0329
30.01 -1.033
30.02 -1.0331
30.03 -1.0334
30.04 -1.0338
30.05 -1.0343
30.06 -1.0351
30.07 -1.036
30.08 -1.0371
30.09 -1.0382
30.1 -1.0394
30.11 -1.0406
30.12 -1.0418
30.13 -1.0428
30.14 -1.0436
30.15 -1.0442
30.16 -1.0445
30.17 -1.0447
30.18 -1.0447
30.19 -1.0445
30.2 -1.0442
30.21 -1.0438
30.22 -1.0433
30.23 -1.0428
30.24 -1.0423
30.25 -1.0418
30.26 -1.0413
30.27 -1.0409
30.28 -1.0404
30.29 -1.04
30.3 -1.0397
30.31 -1.0394
30.32 -1.0392
30.33 -1.0392
30.34 -1.0393
30.35 -1.0395
30.36 -1.0398
30.37 -1.0402
30.38 -1.0407
30.39 -1.0411
30.4 -1.0416
30.41 -1.0421
30.42 -1.0425
30.43 -1.0427
30.44 -1.0428
30.45 -1.0428
30.46 -1.0427
30.47 -1.0425
30.48 -1.0422
30.49 -1.0418
30.5 -1.0414
30.51 -1.0408
30.52 -1.0401
30.53 -1.0393
30.54 -1.0385
30.55 -1.0377
30.56 -1.037
30.57 -1.0364
30.58 -1.0358
30.59 -1.0354
30.6 -1.0351
30.61 -1.035
30.62 -1.035
30.63 -1.0351
30.64 -1.0353
30.65 -1.0356
30.66 -1.036
30.67 -1.0365
30.68 -1.0369
30.69 -1.0374
30.7 -1.0377
30.71 -1.038
30.72 -1.0383
30.73 -1.0385
30.74 -1.0387
30.75 -1.0388
30.76 -1.0388
30.77 -1.0388
30.78 -1.0386
30.79 -1.0383
30.8 -1.0379
30.81 -1.0375
30.82 -1.037
30.83 -1.0364
30.84 -1.0358
30.85 -1.0351
30.86 -1.0345
30.87 -1.0338
30.88 -1.0332
30.89 -1.0327
30.9 -1.0323
30.91 -1.0319
30.92 -1.0317
30.93 -1.0314
30.94 -1.0312
30.95 -1.0309
30.96 -1.0306
30.97 -1.0304
30.98 -1.0303
30.99 -1.0304
31 -1.0306
31.01 -1.031
31.02 -1.0316
31.03 -1.0324
31.04 -1.0332
31.05 -1.0342
31.06 -1.0351
31.07 -1.0359
31.08 -1.0365
31.09 -1.037
31.1 -1.0372
31.11 -1.0373
31.12 -1.0371
31.13 -1.0368
31.14 -1.0363
31.15 -1.0357
31.16 -1.0348
31.17 -1.0339
31.18 -1.0328
31.19 -1.0319
31.2 -1.031
31.21 -1.0302
31.22 -1.0297
31.23 -1.0293
31.24 -1.0291
31.25 -1.0291
31.26 -1.0292
31.27 -1.0293
31.28 -1.0295
31.29 -1.0296
31.3 -1.0297
31.31 -1.0297
31.32 -1.0298
31.33 -1.0299
31.34 -1.03
31.35 -1.0303
31.36 -1.0306
31.37 -1.0311
31.38 -1.0317
31.39 -1.0325
31.4 -1.0333
31.41 -1.0343
31.42 -1.0353
31.43 -1.0364
31.44 -1.0374
31.45 -1.0385
31.46 -1.0395
31.47 -1.0406
31.48 -1.0415
31.49 -1.0424
31.5 -1.0432
31.51 -1.044
31.52 -1.0447
31.53 -1.0453
31.54 -1.0459
31.55 -1.0465
31.56 -1.047
31.57 -1.0474
31.58 -1.0479
31.59 -1.0485
31.6 -1.0491
31.61 -1.0498
31.62 -1.0506
31.63 -1.0514
31.64 -1.0523
31.65 -1.0531
31.66 -1.0538
31.67 -1.0543
31.68 -1.0548
31.69 -1.055
31.7 -1.0552
31.71 -1.0552
31.72 -1.0552
31.73 -1.0551
31.74 -1.0549
31.75 -1.0546
31.76 -1.0543
31.77 -1.054
31.78 -1.0537
31.79 -1.0534
31.8 -1.0532
31.81 -1.0531
31.82 -1.053
31.83 -1.0529
31.84 -1.0529
31.85 -1.0529
31.86 -1.0528
31.87 -1.0528
31.88 -1.0528
31.89 -1.0528
31.9 -1.0527
31.91 -1.0526
31.92 -1.0524
31.93 -1.0522
31.94 -1.0519
31.95 -1.0516
31.96 -1.0513
31.97 -1.051
31.98 -1.0507
31.99 -1.0504
32 -1.0501
32.01 -1.0498
32.02 -1.0495
32.03 -1.0492
32.04 -1.0489
32.05 -1.0487
32.06 -1.0486
32.07 -1.0485
32.08 -1.0485
32.09 -1.0486
32.1 -1.0488
32.11 -1.049
32.12 -1.0493
32.13 -1.0495
32.14 -1.0497
32.15 -1.0499
32.16 -1.0499
32.17 -1.0499
32.18 -1.0499
32.19 -1.0497
32.2 -1.0495
32.21 -1.0494
32.22 -1.0492
32.23 -1.0492
32.24 -1.0491
32.25 -1.0491
32.26 -1.0491
32.27 -1.049
32.28 -1.0489
32.29 -1.0489
32.3 -1.0489
32.31 -1.049
32.32 -1.0491
32.33 -1.0492
32.34 -1.0492
32.35 -1.0493
32.36 -1.0493
32.37 -1.0493
32.38 -1.0492
32.39 -1.0491
32.4 -1.049
32.41 -1.0489
32.42 -1.0488
32.43 -1.0486
32.44 -1.0485
32.45 -1.0484
32.46 -1.0483
32.47 -1.0481
32.48 -1.048
32.49 -1.0479
32.5 -1.0478
32.51 -1.0477
32.52 -1.0476
32.53 -1.0475
32.54 -1.0474
32.55 -1.0474
32.56 -1.0474
32.57 -1.0474
32.58 -1.0474
32.59 -1.0474
32.6 -1.0474
32.61 -1.0475
32.62 -1.0477
32.63 -1.0479
32.64 -1.0482
32.65 -1.0485
32.66 -1.0488
32.67 -1.049
32.68 -1.0491
32.69 -1.0492
32.7 -1.0491
32.71 -1.0489
32.72 -1.0487
32.73 -1.0484
32.74 -1.0481
32.75 -1.0479
32.76 -1.0478
32.77 -1.0478
32.78 -1.0478
32.79 -1.0478
32.8 -1.0478
32.81 -1.0478
32.82 -1.0477
32.83 -1.0475
32.84 -1.0471
32.85 -1.0467
32.86 -1.0462
32.87 -1.0456
32.88 -1.0451
32.89 -1.0447
32.9 -1.0444
32.91 -1.0442
32.92 -1.0441
32.93 -1.0441
32.94 -1.0442
32.95 -1.0443
32.96 -1.0445
32.97 -1.0446
32.98 -1.0448
32.99 -1.045
33 -1.0452
33.01 -1.0454
33.02 -1.0455
33.03 -1.0456
33.04 -1.0457
33.05 -1.0458
33.06 -1.0459
33.07 -1.046
33.08 -1.046
33.09 -1.0461
33.1 -1.0463
33.11 -1.0465
33.12 -1.0467
33.13 -1.0471
33.14 -1.0475
33.15 -1.0481
33.16 -1.0487
33.17 -1.0492
33.18 -1.0497
33.19 -1.0501
33.2 -1.0501
33.21 -1.05
33.22 -1.0496
33.23 -1.049
33.24 -1.0482
33.25 -1.0472
33.26 -1.0461
33.27 -1.045
33.28 -1.0439
33.29 -1.0428
33.3 -1.0419
33.31 -1.0411
33.32 -1.0404
33.33 -1.0399
33.34 -1.0395
33.35 -1.0392
33.36 -1.0391
33.37 -1.0391
33.38 -1.0393
33.39 -1.0396
33.4 -1.04
33.41 -1.0404
33.42 -1.0409
33.43 -1.0413
33.44 -1.0416
33.45 -1.0417
33.46 -1.0418
33.47 -1.0419
33.48 -1.0418
33.49 -1.0417
33.5 -1.0416
33.51 -1.0414
33.52 -1.0413
33.53 -1.0411
33.54 -1.041
33.55 -1.0409
33.56 -1.0409
33.57 -1.0409
33.58 -1.041
33.59 -1.0411
33.6 -1.0412
33.61 -1.0413
33.62 -1.0414
33.63 -1.0415
33.64 -1.0417
33.65 -1.0418
33.66 -1.0419
33.67 -1.0419
33.68 -1.0419
33.69 -1.042
33.7 -1.042
33.71 -1.042
33.72 -1.042
33.73 -1.0421
33.74 -1.0422
33.75 -1.0424
33.76 -1.0425
33.77 -1.0426
33.78 -1.0427
33.79 -1.0427
33.8 -1.0427
33.81 -1.0427
33.82 -1.0426
33.83 -1.0425
33.84 -1.0425
33.85 -1.0424
33.86 -1.0423
33.87 -1.0422
33.88 -1.0421
33.89 -1.042
33.9 -1.0418
33.91 -1.0417
33.92 -1.0415
33.93 -1.0413
33.94 -1.0411
33.95 -1.0411
33.96 -1.0411
33.97 -1.0411
33.98 -1.0412
33.99 -1.0413
34 -1.0415
34.01 -1.0416
34.02 -1.0417
34.03 -1.0419
34.04 -1.042
34.05 -1.042
34.06 -1.042
34.07 -1.042
34.08 -1.0421
34.09 -1.0421
34.1 -1.0422
34.11 -1.0422
34.12 -1.0422
34.13 -1.0422
34.14 -1.0422
34.15 -1.0422
34.16 -1.0422
34.17 -1.0421
34.18 -1.042
34.19 -1.0419
34.2 -1.0418
34.21 -1.0417
34.22 -1.0417
34.23 -1.0417
34.24 -1.0417
34.25 -1.0417
34.26 -1.0417
34.27 -1.0417
34.28 -1.0417
34.29 -1.0416
34.3 -1.0416
34.31 -1.0415
34.32 -1.0413
34.33 -1.0413
34.34 -1.0412
34.35 -1.0413
34.36 -1.0414
34.37 -1.0415
34.38 -1.0418
34.39 -1.042
34.4 -1.0422
34.41 -1.0424
34.42 -1.0425
34.43 -1.0427
34.44 -1.0428
34.45 -1.043
34.46 -1.0431
34.47 -1.0434
34.48 -1.0436
34.49 -1.044
34.5 -1.0443
34.51 -1.0446
34.52 -1.0449
34.53 -1.0451
34.54 -1.0452
34.55 -1.0452
34.56 -1.0451
34.57 -1.0449
34.58 -1.0447
34.59 -1.0444
34.6 -1.0442
34.61 -1.044
34.62 -1.0439
34.63 -1.0438
34.64 -1.0437
34.65 -1.0437
34.66 -1.0436
34.67 -1.0436
34.68 -1.0437
34.69 -1.0438
34.7 -1.044
34.71 -1.0442
34.72 -1.0445
34.73 -1.0447
34.74 -1.0448
34.75 -1.0449
34.76 -1.0449
34.77 -1.0447
34.78 -1.0445
34.79 -1.0443
34.8 -1.044
34.81 -1.0439
34.82 -1.0437
34.83 -1.0437
34.84 -1.0437
34.85 -1.0438
34.86 -1.0439
34.87 -1.0441
34.88 -1.0443
34.89 -1.0445
34.9 -1.0446
34.91 -1.0448
34.92 -1.0449
34.93 -1.045
34.94 -1.0452
34.95 -1.0454
34.96 -1.0456
34.97 -1.0459
34.98 -1.0462
34.99 -1.0464
35 -1.0467
35.01 -1.0469
35.02 -1.0471
35.03 -1.0474
35.04 -1.0476
35.05 -1.0478
35.06 -1.048
35.07 -1.0481
35.08 -1.0482
35.09 -1.0481
35.1 -1.0481
35.11 -1.048
35.12 -1.0479
35.13 -1.0479
35.14 -1.0479
35.15 -1.048
35.16 -1.0481
35.17 -1.0483
35.18 -1.0485
35.19 -1.0486
35.2 -1.0487
35.21 -1.0487
35.22 -1.0487
35.23 -1.0486
35.24 -1.0486
35.25 -1.0485
35.26 -1.0484
35.27 -1.0482
35.28 -1.0482
35.29 -1.0481
35.3 -1.0481
35.31 -1.0482
35.32 -1.0483
35.33 -1.0485
35.34 -1.0487
35.35 -1.0489
35.36 -1.0491
35.37 -1.0492
35.38 -1.0494
35.39 -1.0495
35.4 -1.0497
35.41 -1.0498
35.42 -1.0499
35.43 -1.0499
35.44 -1.0498
35.45 -1.0498
35.46 -1.0498
35.47 -1.0498
35.48 -1.0498
35.49 -1.0499
35.5 -1.0501
35.51 -1.0504
35.52 -1.0508
35.53 -1.0513
35.54 -1.0521
35.55 -1.0528
35.56 -1.0536
35.57 -1.0541
35.58 -1.0545
35.59 -1.0545
35.6 -1.0541
35.61 -1.0534
35.62 -1.0524
35.63 -1.0511
35.64 -1.0496
35.65 -1.0481
35.66 -1.0466
35.67 -1.0452
35.68 -1.0438
35.69 -1.0427
35.7 -1.0418
35.71 -1.0413
35.72 -1.0412
35.73 -1.0415
35.74 -1.0422
35.75 -1.0432
35.76 -1.0445
35.77 -1.046
35.78 -1.0476
35.79 -1.0493
35.8 -1.0508
35.81 -1.052
35.82 -1.0527
35.83 -1.0531
35.84 -1.0531
35.85 -1.0528
35.86 -1.0523
35.87 -1.0517
35.88 -1.0511
35.89 -1.0506
35.9 -1.0502
35.91 -1.0501
35.92 -1.0502
35.93 -1.0505
35.94 -1.051
35.95 -1.0516
35.96 -1.0521
35.97 -1.0526
35.98 -1.0526
35.99 -1.0523
36 -1.0515
36.01 -1.0505
36.02 -1.0495
36.03 -1.0485
36.04 -1.0476
36.05 -1.047
36.06 -1.0465
36.07 -1.0462
36.08 -1.0461
36.09 -1.046
36.1 -1.046
36.11 -1.0459
36.12 -1.0458
36.13 -1.0454
36.14 -1.0448
36.15 -1.0439
36.16 -1.0428
36.17 -1.0415
36.18 -1.04
