0 -0.2632
0.01 -0.26262
0.02 -0.26194
0.03 -0.26107
0.04 -0.25999
0.05 -0.25867
0.06 -0.25714
0.07 -0.25543
0.08 -0.25358
0.09 -0.25164
0.1 -0.24965
0.11 -0.24765
0.12 -0.24568
0.13 -0.24381
0.14 -0.24211
0.15 -0.24063
0.16 -0.23944
0.17 -0.23856
0.18 -0.23798
0.19 -0.23769
0.2 -0.23764
0.21 -0.23776
0.22 -0.23801
0.23 -0.23832
0.24 -0.23864
0.25 -0.23894
0.26 -0.23916
0.27 -0.23927
0.28 -0.23925
0.29 -0.23907
0.3 -0.23872
0.31 -0.23819
0.32 -0.23751
0.33 -0.2367
0.34 -0.2358
0.35 -0.23488
0.36 -0.234
0.37 -0.2332
0.38 -0.23252
0.39 -0.23198
0.4 -0.23156
0.41 -0.23126
0.42 -0.23107
0.43 -0.23101
0.44 -0.23108
0.45 -0.23132
0.46 -0.2317
0.47 -0.2322
0.48 -0.23278
0.49 -0.2334
0.5 -0.23404
0.51 -0.23471
0.52 -0.2354
0.53 -0.23612
0.54 -0.23685
0.55 -0.23759
0.56 -0.23827
0.57 -0.23886
0.58 -0.23928
0.59 -0.23944
0.6 -0.23928
0.61 -0.23875
0.62 -0.23782
0.63 -0.23652
0.64 -0.23489
0.65 -0.23301
0.66 -0.231
0.67 -0.22899
0.68 -0.22708
0.69 -0.22535
0.7 -0.22386
0.71 -0.22263
0.72 -0.2217
0.73 -0.22109
0.74 -0.22082
0.75 -0.22092
0.76 -0.22137
0.77 -0.22218
0.78 -0.2233
0.79 -0.22469
0.8 -0.22629
0.81 -0.228
0.82 -0.22977
0.83 -0.23151
0.84 -0.23321
0.85 -0.23482
0.86 -0.23637
0.87 -0.23787
0.88 -0.23936
0.89 -0.24089
0.9 -0.24251
0.91 -0.2443
0.92 -0.24636
0.93 -0.24877
0.94 -0.25164
0.95 -0.25505
0.96 -0.25905
0.97 -0.26366
0.98 -0.26885
0.99 -0.27455
1 -0.28063
1.01 -0.28696
1.02 -0.29339
1.03 -0.29976
1.04 -0.30595
1.05 -0.31187
1.06 -0.31745
1.07 -0.32269
1.08 -0.32764
1.09 -0.33237
1.1 -0.33699
1.11 -0.34158
1.12 -0.34622
1.13 -0.35094
1.14 -0.35576
1.15 -0.36065
1.16 -0.36558
1.17 -0.37045
1.18 -0.37513
1.19 -0.37947
1.2 -0.38339
1.21 -0.38682
1.22 -0.38979
1.23 -0.39237
1.24 -0.39465
1.25 -0.39673
1.26 -0.39868
1.27 -0.40054
1.28 -0.40237
1.29 -0.40415
1.3 -0.40586
1.31 -0.40744
1.32 -0.40881
1.33 -0.4099
1.34 -0.41066
1.35 -0.41102
1.36 -0.41097
1.37 -0.4105
1.38 -0.40961
1.39 -0.40833
1.4 -0.40668
1.41 -0.40469
1.42 -0.40239
1.43 -0.39978
1.44 -0.39686
1.45 -0.39362
1.46 -0.39002
1.47 -0.38606
1.48 -0.38172
1.49 -0.37697
1.5 -0.3718
1.51 -0.36621
1.52 -0.36019
1.53 -0.35374
1.54 -0.3469
1.55 -0.33968
1.56 -0.33211
1.57 -0.32419
1.58 -0.31592
1.59 -0.30731
1.6 -0.29837
1.61 -0.28912
1.62 -0.27962
1.63 -0.26994
1.64 -0.26021
1.65 -0.25057
1.66 -0.24117
1.67 -0.23217
1.68 -0.22372
1.69 -0.21597
1.7 -0.20905
1.71 -0.20311
1.72 -0.19824
1.73 -0.19458
1.74 -0.19221
1.75 -0.19126
1.76 -0.19187
1.77 -0.19422
1.78 -0.19849
1.79 -0.20484
1.8 -0.21337
1.81 -0.22416
1.82 -0.23719
1.83 -0.25242
1.84 -0.26972
1.85 -0.28899
1.86 -0.31008
1.87 -0.33288
1.88 -0.35724
1.89 -0.38304
1.9 -0.41014
1.91 -0.4384
1.92 -0.46766
1.93 -0.49775
1.94 -0.5285
1.95 -0.55973
1.96 -0.59124
1.97 -0.62288
1.98 -0.65451
1.99 -0.68601
2 -0.71727
2.01 -0.74822
2.02 -0.7788
2.03 -0.80899
2.04 -0.83877
2.05 -0.86817
2.06 -0.89719
2.07 -0.92585
2.08 -0.95415
2.09 -0.98212
2.1 -1.0098
2.11 -1.0372
2.12 -1.0645
2.13 -1.0916
2.14 -1.1186
2.15 -1.1456
2.16 -1.1725
2.17 -1.1993
2.18 -1.2261
2.19 -1.253
2.2 -1.28
2.21 -1.3072
2.22 -1.3348
2.23 -1.363
2.24 -1.3919
2.25 -1.4218
2.26 -1.453
2.27 -1.4858
2.28 -1.5204
2.29 -1.5572
2.3 -1.5963
2.31 -1.6381
2.32 -1.6825
2.33 -1.7297
2.34 -1.7795
2.35 -1.832
2.36 -1.8868
2.37 -1.944
2.38 -2.0031
2.39 -2.064
2.4 -2.1262
2.41 -2.1891
2.42 -2.2522
2.43 -2.3148
2.44 -2.376
2.45 -2.4351
2.46 -2.4913
2.47 -2.5439
2.48 -2.5924
2.49 -2.6365
2.5 -2.6758
2.51 -2.7103
2.52 -2.74
2.53 -2.7649
2.54 -2.7852
2.55 -2.8011
2.56 -2.8129
2.57 -2.821
2.58 -2.8255
2.59 -2.827
2.6 -2.8258
2.61 -2.8222
2.62 -2.8166
2.63 -2.8093
2.64 -2.8006
2.65 -2.7908
2.66 -2.7802
2.67 -2.7688
2.68 -2.7571
2.69 -2.7452
2.7 -2.7333
2.71 -2.7216
2.72 -2.7103
2.73 -2.6996
2.74 -2.6896
2.75 -2.6804
2.76 -2.6722
2.77 -2.6649
2.78 -2.6586
2.79 -2.6533
2.8 -2.6489
2.81 -2.6455
2.82 -2.6429
2.83 -2.6411
2.84 -2.64
2.85 -2.6394
2.86 -2.6392
2.87 -2.6393
2.88 -2.6394
2.89 -2.6394
2.9 -2.6391
2.91 -2.6382
2.92 -2.6363
2.93 -2.633
2.94 -2.6276
2.95 -2.6197
2.96 -2.6085
2.97 -2.5933
2.98 -2.5734
2.99 -2.5479
3 -2.5162
3.01 -2.4775
3.02 -2.4309
3.03 -2.3758
3.04 -2.3116
3.05 -2.2379
3.06 -2.155
3.07 -2.0636
3.08 -1.9653
3.09 -1.8627
3.1 -1.7587
3.11 -1.6564
3.12 -1.5584
3.13 -1.4668
3.14 -1.3826
3.15 -1.3061
3.16 -1.2372
3.17 -1.1754
3.18 -1.1202
3.19 -1.0709
3.2 -1.027
3.21 -0.98769
3.22 -0.95251
3.23 -0.92091
3.24 -0.89244
3.25 -0.86674
3.26 -0.84348
3.27 -0.82242
3.28 -0.80331
3.29 -0.78596
3.3 -0.77016
3.31 -0.7557
3.32 -0.74241
3.33 -0.73009
3.34 -0.71859
3.35 -0.70773
3.36 -0.69738
3.37 -0.68738
3.38 -0.67761
3.39 -0.66795
3.4 -0.65833
3.41 -0.64869
3.42 -0.639
3.43 -0.62923
3.44 -0.61936
3.45 -0.60937
3.46 -0.59921
3.47 -0.58882
3.48 -0.57814
3.49 -0.5671
3.5 -0.55567
3.51 -0.54384
3.52 -0.53163
3.53 -0.51908
3.54 -0.50625
3.55 -0.49319
3.56 -0.47995
3.57 -0.46661
3.58 -0.45323
3.59 -0.43988
3.6 -0.42664
3.61 -0.41358
3.62 -0.40076
3.63 -0.38825
3.64 -0.37613
3.65 -0.36448
3.66 -0.35339
3.67 -0.34298
3.68 -0.33333
3.69 -0.32446
3.7 -0.31639
3.71 -0.30904
3.72 -0.3023
3.73 -0.29603
3.74 -0.29006
3.75 -0.28425
3.76 -0.27848
3.77 -0.27271
3.78 -0.26696
3.79 -0.2613
3.8 -0.25586
3.81 -0.25079
3.82 -0.24625
3.83 -0.24237
3.84 -0.23927
3.85 -0.237
3.86 -0.23555
3.87 -0.23487
3.88 -0.23487
3.89 -0.23541
3.9 -0.23638
3.91 -0.23763
3.92 -0.23903
3.93 -0.24045
3.94 -0.24178
3.95 -0.24292
3.96 -0.2438
3.97 -0.24433
3.98 -0.24445
3.99 -0.24412
4 -0.24329
4.01 -0.24196
4.02 -0.24012
4.03 -0.23779
4.04 -0.235
4.05 -0.23184
4.06 -0.22837
4.07 -0.2247
4.08 -0.22092
4.09 -0.21711
4.1 -0.21336
4.11 -0.20969
4.12 -0.20612
4.13 -0.20261
4.14 -0.19911
4.15 -0.19558
4.16 -0.19197
4.17 -0.1883
4.18 -0.18458
4.19 -0.18087
4.2 -0.17722
4.21 -0.17368
4.22 -0.17027
4.23 -0.16704
4.24 -0.16401
4.25 -0.16123
4.26 -0.15875
4.27 -0.15663
4.28 -0.15493
4.29 -0.15367
4.3 -0.15289
4.31 -0.15259
4.32 -0.15272
4.33 -0.15325
4.34 -0.15414
4.35 -0.15536
4.36 -0.15688
4.37 -0.15866
4.38 -0.16069
4.39 -0.16296
4.4 -0.16545
4.41 -0.16814
4.42 -0.17096
4.43 -0.17384
4.44 -0.17671
4.45 -0.17947
4.46 -0.18204
4.47 -0.18438
4.48 -0.18642
4.49 -0.18812
4.5 -0.18945
4.51 -0.19042
4.52 -0.19102
4.53 -0.19127
4.54 -0.19116
4.55 -0.19067
4.56 -0.18982
4.57 -0.18861
4.58 -0.18706
4.59 -0.1852
4.6 -0.18311
4.61 -0.18084
4.62 -0.17847
4.63 -0.17607
4.64 -0.17374
4.65 -0.17153
4.66 -0.16951
4.67 -0.16769
4.68 -0.16605
4.69 -0.16456
4.7 -0.16316
4.71 -0.16183
4.72 -0.16053
4.73 -0.15927
4.74 -0.15807
4.75 -0.15694
4.76 -0.15593
4.77 -0.15506
4.78 -0.15437
4.79 -0.15389
4.8 -0.15365
4.81 -0.1537
4.82 -0.15406
4.83 -0.15476
4.84 -0.15583
4.85 -0.1573
4.86 -0.15918
4.87 -0.16151
4.88 -0.16429
4.89 -0.16756
4.9 -0.17133
4.91 -0.1756
4.92 -0.18036
4.93 -0.18558
4.94 -0.19119
4.95 -0.19714
4.96 -0.20338
4.97 -0.20985
4.98 -0.21653
4.99 -0.22339
5 -0.23042
5.01 -0.23761
5.02 -0.24498
5.03 -0.25251
5.04 -0.26021
5.05 -0.2681
5.06 -0.27616
5.07 -0.28437
5.08 -0.29272
5.09 -0.30121
5.1 -0.30983
5.11 -0.31857
5.12 -0.32742
5.13 -0.33633
5.14 -0.34523
5.15 -0.35402
5.16 -0.36261
5.17 -0.37086
5.18 -0.37869
5.19 -0.38603
5.2 -0.39286
5.21 -0.39917
5.22 -0.40498
5.23 -0.41033
5.24 -0.41525
5.25 -0.41978
5.26 -0.42393
5.27 -0.42772
5.28 -0.43117
5.29 -0.43428
5.3 -0.43705
5.31 -0.43949
5.32 -0.44159
5.33 -0.44338
5.34 -0.4449
5.35 -0.44619
5.36 -0.44733
5.37 -0.44839
5.38 -0.44943
5.39 -0.45049
5.4 -0.4516
5.41 -0.45274
5.42 -0.45387
5.43 -0.45494
5.44 -0.45583
5.45 -0.45644
5.46 -0.45665
5.47 -0.45635
5.48 -0.45549
5.49 -0.45401
5.5 -0.45194
5.51 -0.4493
5.52 -0.44619
5.53 -0.44273
5.54 -0.43907
5.55 -0.43537
5.56 -0.43176
5.57 -0.42836
5.58 -0.4252
5.59 -0.42227
5.6 -0.41951
5.61 -0.41679
5.62 -0.41396
5.63 -0.41086
5.64 -0.40734
5.65 -0.4033
5.66 -0.39872
5.67 -0.39363
5.68 -0.38815
5.69 -0.38247
5.7 -0.3768
5.71 -0.37135
5.72 -0.36629
5.73 -0.36173
5.74 -0.35773
5.75 -0.35428
5.76 -0.3513
5.77 -0.34869
5.78 -0.34636
5.79 -0.34418
5.8 -0.34208
5.81 -0.33997
5.82 -0.33782
5.83 -0.33557
5.84 -0.33324
5.85 -0.33084
5.86 -0.3284
5.87 -0.32599
5.88 -0.32367
5.89 -0.32151
5.9 -0.31958
5.91 -0.31794
5.92 -0.31662
5.93 -0.31565
5.94 -0.31503
5.95 -0.31477
5.96 -0.3149
5.97 -0.31544
5.98 -0.31647
5.99 -0.31804
6 -0.32025
6.01 -0.32321
6.02 -0.32706
6.03 -0.33194
6.04 -0.33798
6.05 -0.3453
6.06 -0.35398
6.07 -0.36406
6.08 -0.37557
6.09 -0.38843
6.1 -0.40257
6.11 -0.41785
6.12 -0.43414
6.13 -0.45131
6.14 -0.46926
6.15 -0.48792
6.16 -0.50724
6.17 -0.52718
6.18 -0.54769
6.19 -0.56871
6.2 -0.59017
6.21 -0.61199
6.22 -0.63409
6.23 -0.6564
6.24 -0.67884
6.25 -0.70137
6.26 -0.72395
6.27 -0.74657
6.28 -0.76923
6.29 -0.79195
6.3 -0.81477
6.31 -0.83776
6.32 -0.86101
6.33 -0.88459
6.34 -0.9086
6.35 -0.93311
6.36 -0.95818
6.37 -0.98383
6.38 -1.0101
6.39 -1.037
6.4 -1.0646
6.41 -1.0929
6.42 -1.1221
6.43 -1.1522
6.44 -1.1832
6.45 -1.2153
6.46 -1.2485
6.47 -1.283
6.48 -1.3187
6.49 -1.356
6.5 -1.3949
6.51 -1.4355
6.52 -1.478
6.53 -1.5225
6.54 -1.5689
6.55 -1.6173
6.56 -1.6677
6.57 -1.7201
6.58 -1.7742
6.59 -1.83
6.6 -1.8872
6.61 -1.9455
6.62 -2.0045
6.63 -2.0639
6.64 -2.1232
6.65 -2.1818
6.66 -2.2394
6.67 -2.2955
6.68 -2.3496
6.69 -2.4014
6.7 -2.4506
6.71 -2.4969
6.72 -2.5401
6.73 -2.5803
6.74 -2.6172
6.75 -2.6511
6.76 -2.6818
6.77 -2.7095
6.78 -2.7342
6.79 -2.7561
6.8 -2.7753
6.81 -2.7919
6.82 -2.8061
6.83 -2.8181
6.84 -2.8279
6.85 -2.8356
6.86 -2.8414
6.87 -2.8454
6.88 -2.8475
6.89 -2.8479
6.9 -2.8465
6.91 -2.8433
6.92 -2.8385
6.93 -2.8319
6.94 -2.8236
6.95 -2.8137
6.96 -2.8022
6.97 -2.789
6.98 -2.7741
6.99 -2.7575
7 -2.7389
7.01 -2.7181
7.02 -2.6947
7.03 -2.6685
7.04 -2.6389
7.05 -2.6053
7.06 -2.5672
7.07 -2.5238
7.08 -2.4745
7.09 -2.4183
7.1 -2.3546
7.11 -2.2827
7.12 -2.2021
7.13 -2.1127
7.14 -2.0152
7.15 -1.9113
7.16 -1.8035
7.17 -1.6947
7.18 -1.5881
7.19 -1.4866
7.2 -1.3921
7.21 -1.3057
7.22 -1.2278
7.23 -1.1581
7.24 -1.0962
7.25 -1.0414
7.26 -0.99294
7.27 -0.95021
7.28 -0.91252
7.29 -0.87928
7.3 -0.85001
7.31 -0.82425
7.32 -0.80163
7.33 -0.78181
7.34 -0.76442
7.35 -0.74914
7.36 -0.73561
7.37 -0.72349
7.38 -0.71249
7.39 -0.70234
7.4 -0.69282
7.41 -0.68377
7.42 -0.67506
7.43 -0.66662
7.44 -0.65837
7.45 -0.65027
7.46 -0.6423
7.47 -0.63447
7.48 -0.62679
7.49 -0.61932
7.5 -0.61208
7.51 -0.60512
7.52 -0.59847
7.53 -0.59212
7.54 -0.58606
7.55 -0.58021
7.56 -0.5745
7.57 -0.56883
7.58 -0.56312
7.59 -0.55726
7.6 -0.55117
7.61 -0.54475
7.62 -0.53795
7.63 -0.53073
7.64 -0.52306
7.65 -0.51499
7.66 -0.50657
7.67 -0.49789
7.68 -0.48905
7.69 -0.48017
7.7 -0.47134
7.71 -0.46265
7.72 -0.45417
7.73 -0.44597
7.74 -0.43809
7.75 -0.4306
7.76 -0.42353
7.77 -0.41694
7.78 -0.41085
7.79 -0.40526
7.8 -0.40015
7.81 -0.39549
7.82 -0.39122
7.83 -0.38731
7.84 -0.38371
7.85 -0.38038
7.86 -0.37729
7.87 -0.37441
7.88 -0.37172
7.89 -0.36923
7.9 -0.36694
7.91 -0.36485
7.92 -0.36298
7.93 -0.36135
7.94 -0.35999
7.95 -0.35895
7.96 -0.35825
7.97 -0.35793
7.98 -0.35796
7.99 -0.35832
8 -0.35893
8.01 -0.35973
8.02 -0.36063
8.03 -0.36153
8.04 -0.36236
8.05 -0.36305
8.06 -0.36354
8.07 -0.36381
8.08 -0.36386
8.09 -0.36369
8.1 -0.36331
8.11 -0.36272
8.12 -0.36194
8.13 -0.36098
8.14 -0.35985
8.15 -0.35857
8.16 -0.35718
8.17 -0.35572
8.18 -0.35423
8.19 -0.35276
8.2 -0.35137
8.21 -0.35012
8.22 -0.34905
8.23 -0.3482
8.24 -0.34757
8.25 -0.34716
8.26 -0.34692
8.27 -0.34681
8.28 -0.34677
8.29 -0.34673
8.3 -0.34666
8.31 -0.34649
8.32 -0.34619
8.33 -0.34576
8.34 -0.34518
8.35 -0.34449
8.36 -0.34373
8.37 -0.34294
8.38 -0.34219
8.39 -0.34151
8.4 -0.34094
8.41 -0.3405
8.42 -0.34017
8.43 -0.33995
8.44 -0.33982
8.45 -0.33974
8.46 -0.33971
8.47 -0.33969
8.48 -0.33967
8.49 -0.33965
8.5 -0.33961
8.51 -0.33954
8.52 -0.33944
8.53 -0.33928
8.54 -0.33905
8.55 -0.33876
8.56 -0.3384
8.57 -0.33798
8.58 -0.33753
8.59 -0.33706
8.6 -0.3366
8.61 -0.33617
8.62 -0.3358
8.63 -0.3355
8.64 -0.33528
8.65 -0.33514
8.66 -0.33505
8.67 -0.33501
8.68 -0.33498
8.69 -0.33493
8.7 -0.33485
8.71 -0.33473
8.72 -0.33457
8.73 -0.33438
8.74 -0.33415
8.75 -0.33389
8.76 -0.33359
8.77 -0.33326
8.78 -0.33291
8.79 -0.33253
8.8 -0.33215
8.81 -0.33177
8.82 -0.33141
8.83 -0.33109
8.84 -0.33079
8.85 -0.33053
8.86 -0.33028
8.87 -0.33005
8.88 -0.32985
8.89 -0.32966
8.9 -0.32952
8.91 -0.32944
8.92 -0.32945
8.93 -0.32958
8.94 -0.32984
8.95 -0.33027
8.96 -0.33087
8.97 -0.33167
8.98 -0.33266
8.99 -0.33381
9 -0.33508
9.01 -0.33641
9.02 -0.33775
9.03 -0.33903
9.04 -0.34019
9.05 -0.34119
9.06 -0.342
9.07 -0.34261
9.08 -0.34301
9.09 -0.34321
9.1 -0.34323
9.11 -0.3431
9.12 -0.34285
9.13 -0.34254
9.14 -0.34222
9.15 -0.3419
9.16 -0.34161
9.17 -0.34133
9.18 -0.34105
9.19 -0.34078
9.2 -0.34049
9.21 -0.34019
9.22 -0.33988
9.23 -0.33957
9.24 -0.3393
9.25 -0.33909
9.26 -0.33897
9.27 -0.33897
9.28 -0.33907
9.29 -0.33926
9.3 -0.33952
9.31 -0.33983
9.32 -0.34017
9.33 -0.34052
9.34 -0.34084
9.35 -0.34111
9.36 -0.34133
9.37 -0.34148
9.38 -0.3416
9.39 -0.34169
9.4 -0.34178
9.41 -0.34189
9.42 -0.34204
9.43 -0.34222
9.44 -0.34245
9.45 -0.3427
9.46 -0.34296
9.47 -0.34324
9.48 -0.3435
9.49 -0.34376
9.5 -0.34399
9.51 -0.3442
9.52 -0.34439
9.53 -0.34456
9.54 -0.34473
9.55 -0.34491
9.56 -0.34509
9.57 -0.34529
9.58 -0.34549
9.59 -0.3457
9.6 -0.3459
9.61 -0.34608
9.62 -0.34624
9.63 -0.34641
9.64 -0.34664
9.65 -0.34701
9.66 -0.34763
9.67 -0.34864
9.68 -0.35019
9.69 -0.35245
9.7 -0.3556
9.71 -0.35983
9.72 -0.36533
9.73 -0.37227
9.74 -0.38083
9.75 -0.39116
9.76 -0.40338
9.77 -0.41759
9.78 -0.43384
9.79 -0.45215
9.8 -0.47251
9.81 -0.49491
9.82 -0.51931
9.83 -0.54561
9.84 -0.57376
9.85 -0.60363
9.86 -0.63512
9.87 -0.66809
9.88 -0.70239
9.89 -0.73785
9.9 -0.77435
9.91 -0.81177
9.92 -0.85002
9.93 -0.88905
9.94 -0.92882
9.95 -0.96927
9.96 -1.0104
9.97 -1.0521
9.98 -1.0943
9.99 -1.137
10 -1.18
10.01 -1.2233
10.02 -1.2666
10.03 -1.3101
10.04 -1.3534
10.05 -1.3966
10.06 -1.4397
10.07 -1.4824
10.08 -1.5247
10.09 -1.5665
10.1 -1.6076
10.11 -1.6479
10.12 -1.6874
10.13 -1.7258
10.14 -1.7633
10.15 -1.7999
10.16 -1.8357
10.17 -1.8708
10.18 -1.905
10.19 -1.9386
10.2 -1.9715
10.21 -2.0036
10.22 -2.0351
10.23 -2.0656
10.24 -2.0951
10.25 -2.1234
10.26 -2.1503
10.27 -2.1755
10.28 -2.199
10.29 -2.2205
10.3 -2.2401
10.31 -2.2576
10.32 -2.273
10.33 -2.2864
10.34 -2.2977
10.35 -2.307
10.36 -2.3145
10.37 -2.3203
10.38 -2.3244
10.39 -2.3272
10.4 -2.3286
10.41 -2.329
10.42 -2.3283
10.43 -2.3269
10.44 -2.3248
10.45 -2.3221
10.46 -2.3191
10.47 -2.3158
10.48 -2.3122
10.49 -2.3086
10.5 -2.305
10.51 -2.3013
10.52 -2.2978
10.53 -2.2944
10.54 -2.2912
10.55 -2.2882
10.56 -2.2855
10.57 -2.2831
10.58 -2.281
10.59 -2.2792
10.6 -2.2778
10.61 -2.2767
10.62 -2.2758
10.63 -2.2752
10.64 -2.2748
10.65 -2.2746
10.66 -2.2744
10.67 -2.2743
10.68 -2.2741
10.69 -2.2738
10.7 -2.2734
10.71 -2.2727
10.72 -2.2717
10.73 -2.2705
10.74 -2.2689
10.75 -2.2671
10.76 -2.2651
10.77 -2.263
10.78 -2.2607
10.79 -2.2583
10.8 -2.2559
10.81 -2.2533
10.82 -2.2506
10.83 -2.2476
10.84 -2.2445
10.85 -2.241
10.86 -2.2373
10.87 -2.2331
10.88 -2.2285
10.89 -2.2234
10.9 -2.2177
10.91 -2.2113
10.92 -2.2043
10.93 -2.1964
10.94 -2.1878
10.95 -2.1782
10.96 -2.1677
10.97 -2.1562
10.98 -2.1435
10.99 -2.1296
11 -2.1143
11.01 -2.0977
11.02 -2.0795
11.03 -2.0598
11.04 -2.0385
11.05 -2.0155
11.06 -1.991
11.07 -1.9651
11.08 -1.9377
11.09 -1.9089
11.1 -1.8787
11.11 -1.8471
11.12 -1.8142
11.13 -1.78
11.14 -1.7446
11.15 -1.7081
11.16 -1.6707
11.17 -1.6325
11.18 -1.5936
11.19 -1.5542
11.2 -1.5144
11.21 -1.4744
11.22 -1.4344
11.23 -1.3944
11.24 -1.3546
11.25 -1.3153
11.26 -1.2767
11.27 -1.2391
11.28 -1.2027
11.29 -1.168
11.3 -1.1349
11.31 -1.1036
11.32 -1.0738
11.33 -1.0457
11.34 -1.019
11.35 -0.99353
11.36 -0.96934
11.37 -0.9463
11.38 -0.92436
11.39 -0.90348
11.4 -0.88357
11.41 -0.86455
11.42 -0.84634
11.43 -0.82885
11.44 -0.81202
11.45 -0.79578
11.46 -0.78007
11.47 -0.76485
11.48 -0.7501
11.49 -0.73584
11.5 -0.72208
11.51 -0.70888
11.52 -0.69627
11.53 -0.68434
11.54 -0.67316
11.55 -0.66282
11.56 -0.65342
11.57 -0.64507
11.58 -0.6379
11.59 -0.63199
11.6 -0.62739
11.61 -0.62408
11.62 -0.62199
11.63 -0.62098
11.64 -0.62091
11.65 -0.6216
11.66 -0.62287
11.67 -0.62455
11.68 -0.62648
11.69 -0.62851
11.7 -0.63048
11.71 -0.63229
11.72 -0.63384
11.73 -0.63508
11.74 -0.63599
11.75 -0.6366
11.76 -0.63693
11.77 -0.63704
11.78 -0.63696
11.79 -0.63673
11.8 -0.63639
11.81 -0.63598
11.82 -0.63552
11.83 -0.63506
11.84 -0.63463
11.85 -0.63427
11.86 -0.63402
11.87 -0.63389
11.88 -0.63391
11.89 -0.63405
11.9 -0.63432
11.91 -0.63469
11.92 -0.63512
11.93 -0.63559
11.94 -0.63605
11.95 -0.63649
11.96 -0.63688
11.97 -0.63721
11.98 -0.63748
11.99 -0.6377
12 -0.63785
12.01 -0.63794
12.02 -0.63797
12.03 -0.63792
12.04 -0.6378
12.05 -0.63762
12.06 -0.63736
12.07 -0.63702
12.08 -0.63659
12.09 -0.63607
12.1 -0.63545
12.11 -0.63472
12.12 -0.63387
12.13 -0.6329
12.14 -0.63179
12.15 -0.63055
12.16 -0.62919
12.17 -0.62771
12.18 -0.62614
12.19 -0.62445
12.2 -0.62265
12.21 -0.62073
12.22 -0.6187
12.23 -0.61654
12.24 -0.61425
12.25 -0.61184
12.26 -0.6093
12.27 -0.60663
12.28 -0.60383
12.29 -0.6009
12.3 -0.59785
12.31 -0.59468
12.32 -0.59143
12.33 -0.58811
12.34 -0.58473
12.35 -0.58133
12.36 -0.57791
12.37 -0.57452
12.38 -0.57116
12.39 -0.56786
12.4 -0.56465
12.41 -0.56155
12.42 -0.55858
12.43 -0.55575
12.44 -0.55307
12.45 -0.55052
12.46 -0.5481
12.47 -0.54578
12.48 -0.54356
12.49 -0.54145
12.5 -0.53942
12.51 -0.53749
12.52 -0.53562
12.53 -0.53381
12.54 -0.53203
12.55 -0.53027
12.56 -0.52854
12.57 -0.52684
12.58 -0.52518
12.59 -0.52358
12.6 -0.52204
12.61 -0.52059
12.62 -0.51922
12.63 -0.51796
12.64 -0.51679
12.65 -0.51573
12.66 -0.51477
12.67 -0.51389
12.68 -0.51307
12.69 -0.51229
12.7 -0.51155
12.71 -0.51081
12.72 -0.51006
12.73 -0.5093
12.74 -0.50851
12.75 -0.50771
12.76 -0.50689
12.77 -0.50607
12.78 -0.50525
12.79 -0.50443
12.8 -0.50361
12.81 -0.50278
12.82 -0.50194
12.83 -0.50109
12.84 -0.50024
12.85 -0.49939
12.86 -0.49857
12.87 -0.49778
12.88 -0.49704
12.89 -0.49635
12.9 -0.4957
12.91 -0.49509
12.92 -0.4945
12.93 -0.49391
12.94 -0.49331
12.95 -0.4927
12.96 -0.49207
12.97 -0.49142
12.98 -0.49076
12.99 -0.4901
13 -0.48944
13.01 -0.48881
13.02 -0.4882
13.03 -0.48763
13.04 -0.48708
13.05 -0.48657
13.06 -0.48607
13.07 -0.48559
13.08 -0.48511
13.09 -0.48465
13.1 -0.48418
13.11 -0.48371
13.12 -0.48324
13.13 -0.48277
13.14 -0.48228
13.15 -0.48179
13.16 -0.48129
13.17 -0.48079
13.18 -0.4803
13.19 -0.47984
13.2 -0.4794
13.21 -0.47898
13.22 -0.47857
13.23 -0.47817
13.24 -0.47777
13.25 -0.47738
13.26 -0.477
13.27 -0.47662
13.28 -0.47626
13.29 -0.4759
13.3 -0.47556
13.31 -0.47522
13.32 -0.47489
13.33 -0.47456
13.34 -0.47422
13.35 -0.47385
13.36 -0.47346
13.37 -0.47306
13.38 -0.47264
13.39 -0.47222
13.4 -0.4718
13.41 -0.47139
13.42 -0.47101
13.43 -0.47065
13.44 -0.47034
13.45 -0.47005
13.46 -0.46978
13.47 -0.4695
13.48 -0.46921
13.49 -0.46888
13.5 -0.4685
13.51 -0.46807
13.52 -0.46758
13.53 -0.46703
13.54 -0.46641
13.55 -0.46573
13.56 -0.465
13.57 -0.46423
13.58 -0.46344
13.59 -0.46265
13.6 -0.46185
13.61 -0.46107
13.62 -0.46031
13.63 -0.45956
13.64 -0.45884
13.65 -0.45813
13.66 -0.45746
13.67 -0.45681
13.68 -0.45618
13.69 -0.45558
13.7 -0.455
13.71 -0.45444
13.72 -0.45391
13.73 -0.45338
13.74 -0.45287
13.75 -0.45237
13.76 -0.45186
13.77 -0.45135
13.78 -0.45081
13.79 -0.45026
13.8 -0.44968
13.81 -0.44907
13.82 -0.44845
13.83 -0.44782
13.84 -0.44718
13.85 -0.44654
13.86 -0.4459
13.87 -0.44526
13.88 -0.44461
13.89 -0.44396
13.9 -0.44331
13.91 -0.44266
13.92 -0.44203
13.93 -0.44142
13.94 -0.44084
13.95 -0.44027
13.96 -0.43972
13.97 -0.43917
13.98 -0.43863
13.99 -0.43808
14 -0.43753
14.01 -0.43696
14.02 -0.43637
14.03 -0.43575
14.04 -0.4351
14.05 -0.43442
14.06 -0.43373
14.07 -0.43304
14.08 -0.43235
14.09 -0.43167
14.1 -0.43102
14.11 -0.4304
14.12 -0.42981
14.13 -0.42926
14.14 -0.42876
14.15 -0.4283
14.16 -0.42792
14.17 -0.42759
14.18 -0.42732
14.19 -0.42709
14.2 -0.42687
14.21 -0.42664
14.22 -0.42637
14.23 -0.42606
14.24 -0.42568
14.25 -0.42526
14.26 -0.42477
14.27 -0.42423
14.28 -0.42363
14.29 -0.42298
14.3 -0.4223
14.31 -0.42158
14.32 -0.42085
14.33 -0.42011
14.34 -0.4194
14.35 -0.41873
14.36 -0.41811
14.37 -0.41756
14.38 -0.41708
14.39 -0.41666
14.4 -0.41631
14.41 -0.41604
14.42 -0.41585
14.43 -0.41574
14.44 -0.4157
14.45 -0.41571
14.46 -0.41575
14.47 -0.41577
14.48 -0.41578
14.49 -0.41574
14.5 -0.41566
14.51 -0.41553
14.52 -0.41536
14.53 -0.41514
14.54 -0.4149
14.55 -0.41462
14.56 -0.41433
14.57 -0.414
14.58 -0.41366
14.59 -0.41328
14.6 -0.41288
14.61 -0.41244
14.62 -0.41197
14.63 -0.41145
14.64 -0.4109
14.65 -0.41032
14.66 -0.4097
14.67 -0.40908
14.68 -0.40846
14.69 -0.40786
14.7 -0.4073
14.71 -0.40678
14.72 -0.40631
14.73 -0.40588
14.74 -0.40548
14.75 -0.40511
14.76 -0.40475
14.77 -0.40437
14.78 -0.40397
14.79 -0.40353
14.8 -0.40305
14.81 -0.40252
14.82 -0.40195
14.83 -0.40133
14.84 -0.4007
14.85 -0.40006
14.86 -0.39941
14.87 -0.39879
14.88 -0.39818
14.89 -0.39762
14.9 -0.3971
14.91 -0.39662
14.92 -0.39616
14.93 -0.39572
14.94 -0.39527
14.95 -0.39481
14.96 -0.39432
14.97 -0.39381
14.98 -0.39329
14.99 -0.39278
15 -0.39228
15.01 -0.3918
15.02 -0.39136
15.03 -0.39095
15.04 -0.39057
15.05 -0.39022
15.06 -0.38988
15.07 -0.38956
15.08 -0.38923
15.09 -0.38888
15.1 -0.38851
15.11 -0.3881
15.12 -0.38764
15.13 -0.38713
15.14 -0.38657
15.15 -0.38597
15.16 -0.38532
15.17 -0.38465
15.18 -0.38395
15.19 -0.38325
15.2 -0.38257
15.21 -0.38191
15.22 -0.38128
15.23 -0.38071
15.24 -0.38018
15.25 -0.37972
15.26 -0.37932
15.27 -0.37896
15.28 -0.37865
15.29 -0.37835
15.3 -0.37806
15.31 -0.37776
15.32 -0.37744
15.33 -0.37713
15.34 -0.37683
15.35 -0.37654
15.36 -0.37629
15.37 -0.37609
15.38 -0.37593
15.39 -0.37581
15.4 -0.37574
15.41 -0.3757
15.42 -0.37567
15.43 -0.37564
15.44 -0.37559
15.45 -0.3755
15.46 -0.37537
15.47 -0.37518
15.48 -0.37492
15.49 -0.37461
15.5 -0.37426
15.51 -0.37387
15.52 -0.37348
15.53 -0.37309
15.54 -0.37272
15.55 -0.37237
15.56 -0.37206
15.57 -0.37178
15.58 -0.37156
15.59 -0.37139
15.6 -0.37131
15.61 -0.37133
15.62 -0.37147
15.63 -0.37175
15.64 -0.37219
15.65 -0.37282
15.66 -0.37366
15.67 -0.37473
15.68 -0.37601
15.69 -0.37751
15.7 -0.37922
15.71 -0.38109
15.72 -0.38309
15.73 -0.38515
15.74 -0.3872
15.75 -0.38917
15.76 -0.39101
15.77 -0.39269
15.78 -0.39414
15.79 -0.39536
15.8 -0.39633
15.81 -0.39704
15.82 -0.39752
15.83 -0.39781
15.84 -0.39792
15.85 -0.39787
15.86 -0.39768
15.87 -0.39735
15.88 -0.39689
15.89 -0.39627
15.9 -0.39552
15.91 -0.39463
15.92 -0.3936
15.93 -0.39243
15.94 -0.39112
15.95 -0.38968
15.96 -0.38812
15.97 -0.38646
15.98 -0.38471
15.99 -0.3829
16 -0.38103
16.01 -0.37912
16.02 -0.37715
16.03 -0.37511
16.04 -0.37298
16.05 -0.37076
16.06 -0.36845
16.07 -0.36607
16.08 -0.36366
16.09 -0.36125
16.1 -0.35885
16.11 -0.35646
16.12 -0.35406
16.13 -0.35164
16.14 -0.34918
16.15 -0.3467
16.16 -0.34424
16.17 -0.34184
16.18 -0.33953
16.19 -0.33735
16.2 -0.33531
16.21 -0.33343
16.22 -0.33172
16.23 -0.3302
16.24 -0.32886
16.25 -0.3277
16.26 -0.32673
16.27 -0.32594
16.28 -0.32532
16.29 -0.32489
16.3 -0.32463
16.31 -0.32452
16.32 -0.32455
16.33 -0.32468
16.34 -0.3249
16.35 -0.32516
16.36 -0.32543
16.37 -0.32566
16.38 -0.32583
16.39 -0.32587
16.4 -0.32576
16.41 -0.32544
16.42 -0.32489
16.43 -0.32407
16.44 -0.32298
16.45 -0.32159
16.46 -0.31995
16.47 -0.31807
16.48 -0.31602
16.49 -0.31388
16.5 -0.3117
16.51 -0.30957
16.52 -0.30751
16.53 -0.30558
16.54 -0.30381
16.55 -0.3022
16.56 -0.30077
16.57 -0.29951
16.58 -0.29843
16.59 -0.29753
16.6 -0.29683
16.61 -0.29635
16.62 -0.29607
16.63 -0.296
16.64 -0.29614
16.65 -0.29651
16.66 -0.29712
16.67 -0.29802
16.68 -0.29924
16.69 -0.3008
16.7 -0.30271
16.71 -0.30493
16.72 -0.30743
16.73 -0.31013
16.74 -0.31295
16.75 -0.31579
16.76 -0.31853
16.77 -0.32105
16.78 -0.32326
16.79 -0.3251
16.8 -0.32652
16.81 -0.32747
16.82 -0.32792
16.83 -0.32784
16.84 -0.32722
16.85 -0.32608
16.86 -0.32444
16.87 -0.32234
16.88 -0.31984
16.89 -0.31699
16.9 -0.31385
16.91 -0.3105
16.92 -0.30701
16.93 -0.30347
16.94 -0.29996
16.95 -0.29656
16.96 -0.29332
16.97 -0.29031
16.98 -0.28759
16.99 -0.28524
17 -0.28334
17.01 -0.282
17.02 -0.28135
17.03 -0.28153
17.04 -0.28271
17.05 -0.28508
17.06 -0.2888
17.07 -0.29404
17.08 -0.30092
17.09 -0.30954
17.1 -0.31993
17.11 -0.33212
17.12 -0.3461
17.13 -0.36185
17.14 -0.37935
17.15 -0.39855
17.16 -0.4194
17.17 -0.44181
17.18 -0.46569
17.19 -0.49093
17.2 -0.5174
17.21 -0.54494
17.22 -0.5734
17.23 -0.60262
17.24 -0.63243
17.25 -0.66265
17.26 -0.69312
17.27 -0.72372
17.28 -0.75434
17.29 -0.78493
17.3 -0.81545
17.31 -0.84589
17.32 -0.87627
17.33 -0.90662
17.34 -0.93699
17.35 -0.96743
17.36 -0.99799
17.37 -1.0287
17.38 -1.0597
17.39 -1.0911
17.4 -1.1229
17.41 -1.1552
17.42 -1.1882
17.43 -1.222
17.44 -1.2568
17.45 -1.2928
17.46 -1.3301
17.47 -1.3689
17.48 -1.4093
17.49 -1.4516
17.5 -1.4957
17.51 -1.5418
17.52 -1.5899
17.53 -1.6399
17.54 -1.6916
17.55 -1.7449
17.56 -1.7994
17.57 -1.8549
17.58 -1.9108
17.59 -1.9668
17.6 -2.0224
17.61 -2.0772
17.62 -2.1309
17.63 -2.1833
17.64 -2.234
17.65 -2.2828
17.66 -2.3295
17.67 -2.3738
17.68 -2.4155
17.69 -2.4545
17.7 -2.4908
17.71 -2.5242
17.72 -2.5548
17.73 -2.5826
17.74 -2.6077
17.75 -2.63
17.76 -2.6496
17.77 -2.6668
17.78 -2.6816
17.79 -2.694
17.8 -2.7042
17.81 -2.7124
17.82 -2.7187
17.83 -2.7232
17.84 -2.726
17.85 -2.7275
17.86 -2.7276
17.87 -2.7267
17.88 -2.7246
17.89 -2.7216
17.9 -2.7177
17.91 -2.7129
17.92 -2.7072
17.93 -2.7007
17.94 -2.6935
17.95 -2.6855
17.96 -2.6767
17.97 -2.6672
17.98 -2.6567
17.99 -2.6452
18 -2.6325
18.01 -2.6184
18.02 -2.6028
18.03 -2.5853
18.04 -2.5659
18.05 -2.5443
18.06 -2.5203
18.07 -2.4937
18.08 -2.4644
18.09 -2.432
18.1 -2.3963
18.11 -2.3569
18.12 -2.3135
18.13 -2.2659
18.14 -2.2138
18.15 -2.1571
18.16 -2.0958
18.17 -2.0303
18.18 -1.9609
18.19 -1.8885
18.2 -1.8138
18.21 -1.738
18.22 -1.6621
18.23 -1.5871
18.24 -1.5139
18.25 -1.4433
18.26 -1.376
18.27 -1.3125
18.28 -1.253
18.29 -1.1977
18.3 -1.1465
18.31 -1.0994
18.32 -1.0562
18.33 -1.0167
18.34 -0.98042
18.35 -0.9472
18.36 -0.91668
18.37 -0.88853
18.38 -0.86244
18.39 -0.83811
18.4 -0.81528
18.41 -0.79371
18.42 -0.77321
18.43 -0.75363
18.44 -0.73482
18.45 -0.71668
18.46 -0.69909
18.47 -0.68199
18.48 -0.6653
18.49 -0.64898
18.5 -0.63302
18.51 -0.61742
18.52 -0.60222
18.53 -0.58748
18.54 -0.57326
18.55 -0.55964
18.56 -0.54669
18.57 -0.53449
18.58 -0.52307
18.59 -0.51246
18.6 -0.50266
18.61 -0.49367
18.62 -0.48543
18.63 -0.47791
18.64 -0.47102
18.65 -0.46469
18.66 -0.4588
18.67 -0.45328
18.68 -0.44803
18.69 -0.443
18.7 -0.43817
18.71 -0.43353
18.72 -0.42909
18.73 -0.42486
18.74 -0.42082
18.75 -0.41694
18.76 -0.41316
18.77 -0.40941
18.78 -0.40564
18.79 -0.40181
18.8 -0.39788
18.81 -0.39383
18.82 -0.38964
18.83 -0.38531
18.84 -0.38082
18.85 -0.37621
18.86 -0.3715
18.87 -0.3667
18.88 -0.36184
18.89 -0.35693
18.9 -0.35198
18.91 -0.34701
18.92 -0.34203
18.93 -0.33704
18.94 -0.33206
18.95 -0.32708
18.96 -0.32212
18.97 -0.31718
18.98 -0.31226
18.99 -0.30737
19 -0.30253
19.01 -0.29771
19.02 -0.29293
19.03 -0.28821
19.04 -0.28359
19.05 -0.27913
19.06 -0.27494
19.07 -0.27108
19.08 -0.26764
19.09 -0.26467
19.1 -0.26219
19.11 -0.26021
19.12 -0.25868
19.13 -0.25757
19.14 -0.25681
19.15 -0.25631
19.16 -0.25602
19.17 -0.25583
19.18 -0.25568
19.19 -0.2555
19.2 -0.25523
19.21 -0.25483
19.22 -0.2543
19.23 -0.25365
19.24 -0.25292
19.25 -0.25215
19.26 -0.25142
19.27 -0.25077
19.28 -0.25029
19.29 -0.25005
19.3 -0.25013
19.31 -0.25058
19.32 -0.25143
19.33 -0.25269
19.34 -0.25436
19.35 -0.25644
19.36 -0.25891
19.37 -0.26174
19.38 -0.26487
19.39 -0.26821
19.4 -0.27168
19.41 -0.27517
19.42 -0.27858
19.43 -0.28181
19.44 -0.28478
19.45 -0.28743
19.46 -0.28973
19.47 -0.29172
19.48 -0.29342
19.49 -0.29491
19.5 -0.29628
19.51 -0.29761
19.52 -0.29902
19.53 -0.30059
19.54 -0.30243
19.55 -0.30459
19.56 -0.30712
19.57 -0.31002
19.58 -0.31327
19.59 -0.31676
19.6 -0.32036
19.61 -0.32393
19.62 -0.32733
19.63 -0.33045
19.64 -0.33323
19.65 -0.33565
19.66 -0.33771
19.67 -0.33944
19.68 -0.3409
19.69 -0.34215
19.7 -0.34325
19.71 -0.34426
19.72 -0.34522
19.73 -0.34619
19.74 -0.34717
19.75 -0.34819
19.76 -0.34922
19.77 -0.35025
19.78 -0.35129
19.79 -0.35234
19.8 -0.35343
19.81 -0.35456
19.82 -0.35577
19.83 -0.35705
19.84 -0.35841
19.85 -0.35983
19.86 -0.36129
19.87 -0.36277
19.88 -0.36426
19.89 -0.36574
19.9 -0.36721
19.91 -0.36867
19.92 -0.37014
19.93 -0.37167
19.94 -0.37333
19.95 -0.37517
19.96 -0.37727
19.97 -0.37966
19.98 -0.38237
19.99 -0.38538
20 -0.38868
20.01 -0.39219
20.02 -0.39582
20.03 -0.39947
20.04 -0.40303
20.05 -0.40643
20.06 -0.40961
20.07 -0.41256
20.08 -0.41528
20.09 -0.41779
20.1 -0.42013
20.11 -0.42231
20.12 -0.42435
20.13 -0.42626
20.14 -0.42802
20.15 -0.42958
20.16 -0.43092
20.17 -0.43198
20.18 -0.43271
20.19 -0.43305
20.2 -0.43298
20.21 -0.43253
20.22 -0.43173
20.23 -0.43061
20.24 -0.42923
20.25 -0.42764
20.26 -0.4259
20.27 -0.4241
20.28 -0.42229
20.29 -0.42052
20.3 -0.41884
20.31 -0.41725
20.32 -0.41578
20.33 -0.41446
20.34 -0.4133
20.35 -0.41232
20.36 -0.41152
20.37 -0.41089
20.38 -0.41041
20.39 -0.41005
20.4 -0.40976
20.41 -0.40951
20.42 -0.40926
20.43 -0.40904
20.44 -0.40886
20.45 -0.40877
20.46 -0.40879
20.47 -0.40895
20.48 -0.40924
20.49 -0.40966
20.5 -0.41019
20.51 -0.41083
20.52 -0.41156
20.53 -0.41239
20.54 -0.41333
20.55 -0.41436
20.56 -0.41549
20.57 -0.41669
20.58 -0.418
20.59 -0.41944
20.6 -0.42105
20.61 -0.42287
20.62 -0.4249
20.63 -0.42717
20.64 -0.42967
20.65 -0.43242
20.66 -0.43542
20.67 -0.43867
20.68 -0.44213
20.69 -0.44569
20.7 -0.44926
20.71 -0.45273
20.72 -0.45601
20.73 -0.45905
20.74 -0.46185
20.75 -0.46444
20.76 -0.46682
20.77 -0.46903
20.78 -0.47108
20.79 -0.47299
20.8 -0.47476
20.81 -0.47636
20.82 -0.47777
20.83 -0.47894
20.84 -0.47984
20.85 -0.48046
20.86 -0.4808
20.87 -0.48088
20.88 -0.48073
20.89 -0.4804
20.9 -0.47991
20.91 -0.47931
20.92 -0.47862
20.93 -0.47788
20.94 -0.47709
20.95 -0.47626
20.96 -0.47539
20.97 -0.47444
20.98 -0.47341
20.99 -0.47227
21 -0.471
21.01 -0.46957
21.02 -0.46795
21.03 -0.46612
21.04 -0.46406
21.05 -0.46177
21.06 -0.45923
21.07 -0.45647
21.08 -0.45349
21.09 -0.45031
21.1 -0.44696
21.11 -0.44345
21.12 -0.43977
21.13 -0.43592
21.14 -0.43188
21.15 -0.42761
21.16 -0.42312
21.17 -0.41838
21.18 -0.41342
21.19 -0.40826
21.2 -0.40293
21.21 -0.39746
21.22 -0.3919
21.23 -0.38626
21.24 -0.38059
21.25 -0.37492
21.26 -0.36928
21.27 -0.36368
21.28 -0.35813
21.29 -0.35264
21.3 -0.3472
21.31 -0.34184
21.32 -0.33656
21.33 -0.33137
21.34 -0.3263
21.35 -0.32138
21.36 -0.31667
21.37 -0.31222
21.38 -0.30808
21.39 -0.3043
21.4 -0.30092
21.41 -0.298
21.42 -0.29562
21.43 -0.29388
21.44 -0.29287
21.45 -0.29272
21.46 -0.29357
21.47 -0.29554
21.48 -0.2988
21.49 -0.30348
21.5 -0.30972
21.51 -0.31765
21.52 -0.3274
21.53 -0.33908
21.54 -0.35273
21.55 -0.36838
21.56 -0.38602
21.57 -0.40555
21.58 -0.42687
21.59 -0.44987
21.6 -0.4744
21.61 -0.50031
21.62 -0.52748
21.63 -0.55578
21.64 -0.58509
21.65 -0.61532
21.66 -0.64635
21.67 -0.67811
21.68 -0.71049
21.69 -0.74341
21.7 -0.77676
21.71 -0.81046
21.72 -0.84446
21.73 -0.87871
21.74 -0.91319
21.75 -0.94789
21.76 -0.98283
21.77 -1.018
21.78 -1.0535
21.79 -1.0895
21.8 -1.1258
21.81 -1.1628
21.82 -1.2003
21.83 -1.2386
21.84 -1.2776
21.85 -1.3174
21.86 -1.358
21.87 -1.3996
21.88 -1.442
21.89 -1.4855
21.9 -1.5299
21.91 -1.5755
21.92 -1.6222
21.93 -1.6699
21.94 -1.7185
21.95 -1.768
21.96 -1.8181
21.97 -1.8685
21.98 -1.9189
21.99 -1.9691
22 -2.0188
22.01 -2.0677
22.02 -2.1157
22.03 -2.1626
22.04 -2.2084
22.05 -2.2528
22.06 -2.2959
22.07 -2.3375
22.08 -2.3777
22.09 -2.4164
22.1 -2.4536
22.11 -2.4893
22.12 -2.5234
22.13 -2.556
22.14 -2.587
22.15 -2.6163
22.16 -2.6438
22.17 -2.6694
22.18 -2.6931
22.19 -2.7148
22.2 -2.7344
22.21 -2.7519
22.22 -2.7672
22.23 -2.7803
22.24 -2.7913
22.25 -2.8002
22.26 -2.807
22.27 -2.8117
22.28 -2.8145
22.29 -2.8153
22.3 -2.8143
22.31 -2.8116
22.32 -2.8071
22.33 -2.801
22.34 -2.7934
22.35 -2.7843
22.36 -2.7739
22.37 -2.7621
22.38 -2.7489
22.39 -2.7343
22.4 -2.7181
22.41 -2.7003
22.42 -2.6805
22.43 -2.6586
22.44 -2.6345
22.45 -2.6078
22.46 -2.5785
22.47 -2.5464
22.48 -2.5112
22.49 -2.4728
22.5 -2.431
22.51 -2.3857
22.52 -2.3367
22.53 -2.2839
22.54 -2.2275
22.55 -2.1676
22.56 -2.1044
22.57 -2.0384
22.58 -1.9701
22.59 -1.9001
22.6 -1.8293
22.61 -1.7583
22.62 -1.6879
22.63 -1.6189
22.64 -1.552
22.65 -1.4877
22.66 -1.4265
22.67 -1.3687
22.68 -1.3144
22.69 -1.2636
22.7 -1.2163
22.71 -1.1723
22.72 -1.1315
22.73 -1.0937
22.74 -1.0587
22.75 -1.0263
22.76 -0.99624
22.77 -0.96822
22.78 -0.94201
22.79 -0.91737
22.8 -0.8941
22.81 -0.87202
22.82 -0.85095
22.83 -0.83075
22.84 -0.81128
22.85 -0.79242
22.86 -0.77406
22.87 -0.75613
22.88 -0.73855
22.89 -0.72126
22.9 -0.70422
22.91 -0.6874
22.92 -0.67083
22.93 -0.65458
22.94 -0.63871
22.95 -0.62333
22.96 -0.60851
22.97 -0.59436
22.98 -0.58093
22.99 -0.56824
23 -0.55626
23.01 -0.54493
23.02 -0.53418
23.03 -0.52396
23.04 -0.5142
23.05 -0.50488
23.06 -0.49596
23.07 -0.48742
23.08 -0.47923
23.09 -0.47138
23.1 -0.46385
23.11 -0.45661
23.12 -0.44963
23.13 -0.44289
23.14 -0.43636
23.15 -0.43004
23.16 -0.4239
23.17 -0.41794
23.18 -0.41216
23.19 -0.40656
23.2 -0.40112
23.21 -0.39585
23.22 -0.39069
23.23 -0.38562
23.24 -0.38058
23.25 -0.37552
23.26 -0.37036
23.27 -0.36504
23.28 -0.35952
23.29 -0.35376
23.3 -0.34777
23.31 -0.34163
23.32 -0.33542
23.33 -0.32927
23.34 -0.32332
23.35 -0.31767
23.36 -0.31243
23.37 -0.30767
23.38 -0.30343
23.39 -0.29973
23.4 -0.29654
23.41 -0.29383
23.42 -0.29153
23.43 -0.28959
23.44 -0.28791
23.45 -0.28641
23.46 -0.28498
23.47 -0.28349
23.48 -0.28187
23.49 -0.28003
23.5 -0.27792
23.51 -0.27551
23.52 -0.27279
23.53 -0.26979
23.54 -0.26652
23.55 -0.26307
23.56 -0.2595
23.57 -0.2559
23.58 -0.25236
23.59 -0.24892
23.6 -0.24564
23.61 -0.24256
23.62 -0.2397
23.63 -0.23711
23.64 -0.23478
23.65 -0.23272
23.66 -0.23091
23.67 -0.22936
23.68 -0.22805
23.69 -0.22697
23.7 -0.22614
23.71 -0.22557
23.72 -0.22528
23.73 -0.22528
23.74 -0.22558
23.75 -0.22617
23.76 -0.22703
23.77 -0.2281
23.78 -0.22931
23.79 -0.23055
23.8 -0.23172
23.81 -0.23272
23.82 -0.23345
23.83 -0.23387
23.84 -0.23397
23.85 -0.23376
23.86 -0.23331
23.87 -0.23268
23.88 -0.23193
23.89 -0.23111
23.9 -0.23025
23.91 -0.2294
23.92 -0.22858
23.93 -0.22782
23.94 -0.22713
23.95 -0.22654
23.96 -0.22603
23.97 -0.22558
23.98 -0.22517
23.99 -0.22475
24 -0.22433
24.01 -0.22389
24.02 -0.22346
24.03 -0.22309
24.04 -0.2228
24.05 -0.22264
24.06 -0.22262
24.07 -0.22275
24.08 -0.22302
24.09 -0.22339
24.1 -0.22383
24.11 -0.2243
24.12 -0.22479
24.13 -0.22529
24.14 -0.22579
24.15 -0.2263
24.16 -0.22681
24.17 -0.22734
24.18 -0.22787
24.19 -0.22843
24.2 -0.22899
24.21 -0.22955
24.22 -0.23008
24.23 -0.23055
24.24 -0.23089
24.25 -0.23106
24.26 -0.23102
24.27 -0.23073
24.28 -0.23019
24.29 -0.22945
24.3 -0.22854
24.31 -0.22754
24.32 -0.22654
24.33 -0.22564
24.34 -0.22493
24.35 -0.22452
24.36 -0.2245
24.37 -0.22494
24.38 -0.22585
24.39 -0.22724
24.4 -0.22907
24.41 -0.23126
24.42 -0.23372
24.43 -0.23639
24.44 -0.23916
24.45 -0.24196
24.46 -0.24474
24.47 -0.24745
24.48 -0.2501
24.49 -0.2527
24.5 -0.25531
24.51 -0.25798
24.52 -0.26072
24.53 -0.26357
24.54 -0.2665
24.55 -0.26949
24.56 -0.2725
24.57 -0.27545
24.58 -0.27831
24.59 -0.28101
24.6 -0.28351
24.61 -0.28577
24.62 -0.28777
24.63 -0.28953
24.64 -0.29106
24.65 -0.29237
24.66 -0.29347
24.67 -0.29437
24.68 -0.29508
24.69 -0.29559
24.7 -0.29592
24.71 -0.29609
24.72 -0.29612
24.73 -0.29603
24.74 -0.29586
24.75 -0.2956
24.76 -0.29528
24.77 -0.29489
24.78 -0.29442
24.79 -0.29387
24.8 -0.29322
24.81 -0.29251
24.82 -0.29179
24.83 -0.29109
24.84 -0.29049
24.85 -0.29004
24.86 -0.28981
24.87 -0.28986
24.88 -0.29025
24.89 -0.29102
24.9 -0.2922
24.91 -0.29375
24.92 -0.29563
24.93 -0.29775
24.94 -0.30001
24.95 -0.30233
24.96 -0.30463
24.97 -0.30685
24.98 -0.30897
24.99 -0.311
25 -0.31295
25.01 -0.31488
25.02 -0.31683
25.03 -0.31886
25.04 -0.32103
25.05 -0.3234
25.06 -0.32602
25.07 -0.32893
25.08 -0.33214
25.09 -0.33563
25.1 -0.33934
25.11 -0.34319
25.12 -0.34708
25.13 -0.35094
25.14 -0.35471
25.15 -0.3584
25.16 -0.36204
25.17 -0.36571
25.18 -0.36951
25.19 -0.37352
25.2 -0.37781
25.21 -0.38241
25.22 -0.3873
25.23 -0.39241
25.24 -0.39766
25.25 -0.40293
25.26 -0.40809
25.27 -0.413
25.28 -0.41756
25.29 -0.42167
25.3 -0.42531
25.31 -0.42847
25.32 -0.4312
25.33 -0.43354
25.34 -0.43551
25.35 -0.43714
25.36 -0.43845
25.37 -0.43944
25.38 -0.44013
25.39 -0.44054
25.4 -0.4407
25.41 -0.44061
25.42 -0.44028
25.43 -0.43972
25.44 -0.43892
25.45 -0.43788
25.46 -0.43657
25.47 -0.43502
25.48 -0.43322
25.49 -0.43121
25.5 -0.42907
25.51 -0.42685
25.52 -0.42465
25.53 -0.42255
25.54 -0.4206
25.55 -0.41883
25.56 -0.41724
25.57 -0.41583
25.58 -0.41453
25.59 -0.4133
25.6 -0.41204
25.61 -0.41071
25.62 -0.40926
25.63 -0.40768
25.64 -0.40599
25.65 -0.40423
25.66 -0.40244
25.67 -0.40066
25.68 -0.39893
25.69 -0.39728
25.7 -0.39573
25.71 -0.39427
25.72 -0.39291
25.73 -0.39162
25.74 -0.39041
25.75 -0.38926
25.76 -0.3882
25.77 -0.38727
25.78 -0.38651
25.79 -0.38596
25.8 -0.38569
25.81 -0.38573
25.82 -0.3861
25.83 -0.38681
25.84 -0.38785
25.85 -0.38922
25.86 -0.39093
25.87 -0.39299
25.88 -0.39542
25.89 -0.3983
25.9 -0.40168
25.91 -0.40567
25.92 -0.4104
25.93 -0.41604
25.94 -0.42275
25.95 -0.4307
25.96 -0.44002
25.97 -0.45082
25.98 -0.46313
25.99 -0.47698
26 -0.49234
26.01 -0.50915
26.02 -0.52728
26.03 -0.54659
26.04 -0.56692
26.05 -0.58806
26.06 -0.60984
26.07 -0.63208
26.08 -0.65462
26.09 -0.67734
26.1 -0.70013
26.11 -0.72294
26.12 -0.74574
26.13 -0.76854
26.14 -0.79137
26.15 -0.81427
26.16 -0.83732
26.17 -0.8606
26.18 -0.88418
26.19 -0.90814
26.2 -0.93257
26.21 -0.95756
26.22 -0.98322
26.23 -1.0096
26.24 -1.0369
26.25 -1.0651
26.26 -1.0942
26.27 -1.1242
26.28 -1.1552
26.29 -1.1871
26.3 -1.2199
26.31 -1.2535
26.32 -1.2879
26.33 -1.3229
26.34 -1.3586
26.35 -1.3947
26.36 -1.4311
26.37 -1.4678
26.38 -1.5044
26.39 -1.5407
26.4 -1.5767
26.41 -1.612
26.42 -1.6466
26.43 -1.6804
26.44 -1.7134
26.45 -1.7454
26.46 -1.7765
26.47 -1.8068
26.48 -1.8362
26.49 -1.8648
26.5 -1.8925
26.51 -1.9195
26.52 -1.9456
26.53 -1.9708
26.54 -1.9951
26.55 -2.0183
26.56 -2.0405
26.57 -2.0614
26.58 -2.0812
26.59 -2.0998
26.6 -2.1171
26.61 -2.1332
26.62 -2.148
26.63 -2.1614
26.64 -2.1735
26.65 -2.1843
26.66 -2.1937
26.67 -2.2016
26.68 -2.2082
26.69 -2.2132
26.7 -2.2166
26.71 -2.2185
26.72 -2.2187
26.73 -2.2171
26.74 -2.2139
26.75 -2.2089
26.76 -2.2021
26.77 -2.1936
26.78 -2.1833
26.79 -2.171
26.8 -2.1569
26.81 -2.1407
26.82 -2.1225
26.83 -2.1022
26.84 -2.0799
26.85 -2.0556
26.86 -2.0294
26.87 -2.0013
26.88 -1.9716
26.89 -1.9403
26.9 -1.9076
26.91 -1.8736
26.92 -1.8385
26.93 -1.8024
26.94 -1.7652
26.95 -1.7273
26.96 -1.6886
26.97 -1.6492
26.98 -1.6092
26.99 -1.5689
27 -1.5283
27.01 -1.4876
27.02 -1.4468
27.03 -1.4062
27.04 -1.3657
27.05 -1.3254
27.06 -1.2855
27.07 -1.2461
27.08 -1.2072
27.09 -1.1692
27.1 -1.1324
27.11 -1.0969
27.12 -1.063
27.13 -1.031
27.14 -1.0009
27.15 -0.97277
27.16 -0.94647
27.17 -0.92183
27.18 -0.89864
27.19 -0.87666
27.2 -0.85567
27.21 -0.83547
27.22 -0.81592
27.23 -0.79692
27.24 -0.77844
27.25 -0.76042
27.26 -0.74287
27.27 -0.72575
27.28 -0.70907
27.29 -0.69279
27.3 -0.67691
27.31 -0.66143
27.32 -0.64637
27.33 -0.6318
27.34 -0.61779
27.35 -0.60447
27.36 -0.59194
27.37 -0.58033
27.38 -0.56971
27.39 -0.5601
27.4 -0.55148
27.41 -0.54377
27.42 -0.53685
27.43 -0.53057
27.44 -0.52474
27.45 -0.51921
27.46 -0.51384
27.47 -0.50853
27.48 -0.50323
27.49 -0.49788
27.5 -0.49247
27.51 -0.48703
27.52 -0.48159
27.53 -0.4762
27.54 -0.47091
27.55 -0.46579
27.56 -0.46091
27.57 -0.45634
27.58 -0.45214
27.59 -0.44836
27.6 -0.44503
27.61 -0.44216
27.62 -0.4397
27.63 -0.4376
27.64 -0.43576
27.65 -0.43407
27.66 -0.43244
27.67 -0.43075
27.68 -0.4289
27.69 -0.42681
27.7 -0.42442
27.71 -0.42168
27.72 -0.41859
27.73 -0.41515
27.74 -0.41134
27.75 -0.40715
27.76 -0.40256
27.77 -0.39761
27.78 -0.39236
27.79 -0.38689
27.8 -0.38134
27.81 -0.37583
27.82 -0.37048
27.83 -0.3654
27.84 -0.36064
27.85 -0.35621
27.86 -0.35208
27.87 -0.34818
27.88 -0.34444
27.89 -0.34078
27.9 -0.33719
27.91 -0.33365
27.92 -0.33018
27.93 -0.32683
27.94 -0.32363
27.95 -0.32063
27.96 -0.31781
27.97 -0.31517
27.98 -0.31269
27.99 -0.31034
28 -0.30815
28.01 -0.30615
28.02 -0.3044
28.03 -0.30299
28.04 -0.30201
28.05 -0.30156
28.06 -0.3017
28.07 -0.30244
28.08 -0.30376
28.09 -0.30558
28.1 -0.30784
28.11 -0.31045
28.12 -0.31334
28.13 -0.31646
28.14 -0.31974
28.15 -0.32312
28.16 -0.32652
28.17 -0.32991
28.18 -0.33322
28.19 -0.33641
28.2 -0.33945
28.21 -0.34234
28.22 -0.3451
28.23 -0.34772
28.24 -0.35023
28.25 -0.35262
28.26 -0.35488
28.27 -0.35699
28.28 -0.35895
28.29 -0.36075
28.3 -0.36243
28.31 -0.36404
28.32 -0.36561
28.33 -0.36722
28.34 -0.36892
28.35 -0.37075
28.36 -0.37275
28.37 -0.37496
28.38 -0.37738
28.39 -0.38
28.4 -0.38279
28.41 -0.38569
28.42 -0.38864
28.43 -0.39158
28.44 -0.39446
28.45 -0.39724
28.46 -0.39991
28.47 -0.40247
28.48 -0.4049
28.49 -0.40722
28.5 -0.40941
28.51 -0.4115
28.52 -0.41349
28.53 -0.4154
28.54 -0.41726
28.55 -0.41908
28.56 -0.42091
28.57 -0.42277
28.58 -0.42469
28.59 -0.42666
28.6 -0.42866
28.61 -0.43067
28.62 -0.43264
28.63 -0.43452
28.64 -0.43625
28.65 -0.43778
28.66 -0.43906
28.67 -0.44005
28.68 -0.44073
28.69 -0.44109
28.7 -0.44116
28.71 -0.44098
28.72 -0.44062
28.73 -0.44014
28.74 -0.43959
28.75 -0.43903
28.76 -0.43851
28.77 -0.43807
28.78 -0.43776
28.79 -0.4376
28.8 -0.4376
28.81 -0.43776
28.82 -0.43807
28.83 -0.43851
28.84 -0.43904
28.85 -0.43966
28.86 -0.44034
28.87 -0.4411
28.88 -0.44193
28.89 -0.44286
28.9 -0.44388
28.91 -0.44498
28.92 -0.44612
28.93 -0.44725
28.94 -0.44831
28.95 -0.44927
28.96 -0.45009
28.97 -0.45076
28.98 -0.45125
28.99 -0.45159
29 -0.45177
29.01 -0.45183
29.02 -0.45177
29.03 -0.45161
29.04 -0.45137
29.05 -0.45106
29.06 -0.45069
29.07 -0.45027
29.08 -0.44982
29.09 -0.44939
29.1 -0.44902
29.11 -0.44875
29.12 -0.4486
29.13 -0.44859
29.14 -0.4487
29.15 -0.44888
29.16 -0.4491
29.17 -0.44927
29.18 -0.44933
29.19 -0.4492
29.2 -0.44884
29.21 -0.44822
29.22 -0.44736
29.23 -0.44629
29.24 -0.44505
29.25 -0.4437
29.26 -0.44226
29.27 -0.44077
29.28 -0.43924
29.29 -0.43767
29.3 -0.43609
29.31 -0.43451
29.32 -0.43294
29.33 -0.43141
29.34 -0.42995
29.35 -0.42856
29.36 -0.42728
29.37 -0.42608
29.38 -0.42495
29.39 -0.42386
29.4 -0.42279
29.41 -0.4217
29.42 -0.42058
29.43 -0.41938
29.44 -0.41806
29.45 -0.41658
29.46 -0.41487
29.47 -0.41292
29.48 -0.4107
29.49 -0.40826
29.5 -0.40564
29.51 -0.40291
29.52 -0.40015
29.53 -0.39745
29.54 -0.39486
29.55 -0.39244
29.56 -0.39019
29.57 -0.38808
29.58 -0.38606
29.59 -0.38408
29.6 -0.38205
29.61 -0.37993
29.62 -0.37767
29.63 -0.37525
29.64 -0.37266
29.65 -0.3699
29.66 -0.36698
29.67 -0.36393
29.68 -0.36078
29.69 -0.35758
29.7 -0.35437
29.71 -0.35124
29.72 -0.34826
29.73 -0.34546
29.74 -0.34291
29.75 -0.34061
29.76 -0.33858
29.77 -0.3368
29.78 -0.33526
29.79 -0.33393
29.8 -0.33277
29.81 -0.33177
29.82 -0.33089
29.83 -0.33013
29.84 -0.3295
29.85 -0.32899
29.86 -0.32862
29.87 -0.32838
29.88 -0.32828
29.89 -0.32834
29.9 -0.32855
29.91 -0.32892
29.92 -0.32944
29.93 -0.33011
29.94 -0.33091
29.95 -0.33183
29.96 -0.33283
29.97 -0.33389
29.98 -0.335
29.99 -0.33611
30 -0.33719
30.01 -0.33819
30.02 -0.33908
30.03 -0.3398
30.04 -0.34032
30.05 -0.34061
30.06 -0.34066
30.07 -0.34047
30.08 -0.34006
30.09 -0.33948
30.1 -0.33877
30.11 -0.33798
30.12 -0.33717
30.13 -0.33638
30.14 -0.33566
30.15 -0.33504
30.16 -0.33452
30.17 -0.33411
30.18 -0.33379
30.19 -0.33354
30.2 -0.33333
30.21 -0.33315
30.22 -0.33298
30.23 -0.3328
30.24 -0.33262
30.25 -0.33245
30.26 -0.33229
30.27 -0.33217
30.28 -0.3321
30.29 -0.33207
30.3 -0.33211
30.31 -0.3322
30.32 -0.33233
30.33 -0.33252
30.34 -0.33272
30.35 -0.33294
30.36 -0.33314
30.37 -0.33333
30.38 -0.33348
30.39 -0.33359
30.4 -0.33364
30.41 -0.33364
30.42 -0.33359
30.43 -0.33348
30.44 -0.33332
30.45 -0.33311
30.46 -0.33285
30.47 -0.33257
30.48 -0.33225
30.49 -0.33192
30.5 -0.33159
30.51 -0.33126
30.52 -0.33094
30.53 -0.33062
30.54 -0.33033
30.55 -0.33008
30.56 -0.32987
30.57 -0.32972
30.58 -0.32963
30.59 -0.32959
30.6 -0.32961
30.61 -0.32966
30.62 -0.32976
30.63 -0.32988
30.64 -0.33
30.65 -0.33012
30.66 -0.33023
30.67 -0.33032
30.68 -0.33037
30.69 -0.33038
30.7 -0.33034
30.71 -0.33026
30.72 -0.33013
30.73 -0.32996
30.74 -0.32973
30.75 -0.32946
30.76 -0.32913
30.77 -0.32875
30.78 -0.32832
30.79 -0.32785
30.8 -0.32736
30.81 -0.32685
30.82 -0.32632
30.83 -0.32577
30.84 -0.3252
30.85 -0.32459
30.86 -0.32395
30.87 -0.32326
30.88 -0.32253
30.89 -0.32177
30.9 -0.32098
30.91 -0.32017
30.92 -0.31934
30.93 -0.3185
30.94 -0.31765
30.95 -0.31681
30.96 -0.31597
30.97 -0.31514
30.98 -0.31431
30.99 -0.31349
31 -0.31266
31.01 -0.3118
31.02 -0.31092
31.03 -0.30998
31.04 -0.30897
31.05 -0.30787
31.06 -0.30665
31.07 -0.30531
31.08 -0.30381
31.09 -0.30215
31.1 -0.30032
31.11 -0.29833
31.12 -0.29619
31.13 -0.29391
31.14 -0.29152
31.15 -0.28904
31.16 -0.28651
31.17 -0.28395
31.18 -0.28139
31.19 -0.27887
31.2 -0.27641
31.21 -0.27404
31.22 -0.2718
31.23 -0.26972
31.24 -0.26781
31.25 -0.26608
31.26 -0.26454
31.27 -0.26319
31.28 -0.26203
31.29 -0.26103
31.3 -0.26019
31.31 -0.25947
31.32 -0.25887
31.33 -0.25834
31.34 -0.25784
31.35 -0.25734
31.36 -0.25681
31.37 -0.25623
31.38 -0.25557
31.39 -0.25483
31.4 -0.25404
31.41 -0.2532
31.42 -0.25234
31.43 -0.25151
31.44 -0.25073
31.45 -0.25001
31.46 -0.24937
31.47 -0.24878
31.48 -0.24825
31.49 -0.24776
31.5 -0.2473
31.51 -0.24688
31.52 -0.24649
31.53 -0.24614
31.54 -0.24582
31.55 -0.24553
31.56 -0.24527
31.57 -0.24504
31.58 -0.24483
31.59 -0.24464
31.6 -0.24446
31.61 -0.24428
31.62 -0.24409
31.63 -0.24389
31.64 -0.24368
31.65 -0.24345
31.66 -0.24321
31.67 -0.24295
31.68 -0.24269
31.69 -0.24243
31.7 -0.24218
31.71 -0.24196
31.72 -0.24177
31.73 -0.24161
31.74 -0.24149
31.75 -0.2414
31.76 -0.24136
31.77 -0.24134
31.78 -0.24136
31.79 -0.24142
31.8 -0.24151
31.81 -0.24165
31.82 -0.24182
31.83 -0.24204
31.84 -0.24229
31.85 -0.24257
31.86 -0.24288
31.87 -0.24322
31.88 -0.24356
31.89 -0.24392
31.9 -0.24426
31.91 -0.24458
31.92 -0.24488
31.93 -0.24514
31.94 -0.24537
31.95 -0.24556
31.96 -0.24572
31.97 -0.24585
31.98 -0.24596
31.99 -0.24607
32 -0.24617
32.01 -0.24629
32.02 -0.24642
32.03 -0.24655
32.04 -0.2467
32.05 -0.24688
32.06 -0.24708
32.07 -0.24731
32.08 -0.24756
32.09 -0.24783
32.1 -0.24812
32.11 -0.24842
32.12 -0.24875
32.13 -0.24909
32.14 -0.24944
32.15 -0.24979
32.16 -0.25015
32.17 -0.25051
32.18 -0.25086
32.19 -0.25121
32.2 -0.25154
32.21 -0.25185
32.22 -0.25213
32.23 -0.25239
32.24 -0.25262
32.25 -0.25284
32.26 -0.25305
32.27 -0.25325
32.28 -0.25345
32.29 -0.25367
32.3 -0.2539
32.31 -0.25417
32.32 -0.25446
32.33 -0.25477
32.34 -0.25511
32.35 -0.25546
32.36 -0.25582
32.37 -0.25617
32.38 -0.2565
32.39 -0.2568
32.4 -0.25707
32.41 -0.25729
32.42 -0.25747
32.43 -0.25762
32.44 -0.25773
32.45 -0.25783
32.46 -0.25791
32.47 -0.25798
32.48 -0.25805
32.49 -0.2581
32.5 -0.25814
32.51 -0.25816
32.52 -0.25817
32.53 -0.25815
32.54 -0.25813
32.55 -0.25809
32.56 -0.25804
32.57 -0.25799
32.58 -0.25793
32.59 -0.25787
32.6 -0.25782
32.61 -0.25779
32.62 -0.25779
32.63 -0.25783
32.64 -0.25791
32.65 -0.25802
32.66 -0.25816
32.67 -0.25832
32.68 -0.2585
32.69 -0.25868
32.7 -0.25887
32.71 -0.25905
32.72 -0.25924
32.73 -0.25942
32.74 -0.25959
32.75 -0.25976
32.76 -0.25991
32.77 -0.26004
32.78 -0.26015
32.79 -0.26023
32.8 -0.2603
32.81 -0.26033
32.82 -0.26032
32.83 -0.26027
32.84 -0.26018
32.85 -0.26004
32.86 -0.25985
32.87 -0.25963
32.88 -0.25938
32.89 -0.2591
32.9 -0.25881
32.91 -0.2585
32.92 -0.25819
32.93 -0.2579
32.94 -0.25763
32.95 -0.25738
32.96 -0.25717
32.97 -0.25699
32.98 -0.25684
32.99 -0.25673
33 -0.25666
33.01 -0.25661
33.02 -0.25659
33.03 -0.25657
33.04 -0.25656
33.05 -0.25653
33.06 -0.25647
33.07 -0.25639
33.08 -0.25628
33.09 -0.25613
33.1 -0.25596
33.11 -0.25575
33.12 -0.25551
33.13 -0.25524
33.14 -0.25494
33.15 -0.25459
33.16 -0.2542
33.17 -0.25378
33.18 -0.25334
33.19 -0.2529
33.2 -0.25246
33.21 -0.25203
33.22 -0.25161
33.23 -0.25119
33.24 -0.25077
33.25 -0.25036
33.26 -0.24994
33.27 -0.24953
33.28 -0.2491
33.29 -0.24867
33.3 -0.24823
33.31 -0.24778
33.32 -0.24731
33.33 -0.24684
33.34 -0.24637
33.35 -0.24589
33.36 -0.24542
33.37 -0.24497
33.38 -0.24454
33.39 -0.24414
33.4 -0.24378
33.41 -0.24346
33.42 -0.24318
33.43 -0.24294
33.44 -0.24274
33.45 -0.24258
33.46 -0.24246
33.47 -0.24237
33.48 -0.2423
33.49 -0.24225
33.5 -0.24219
33.51 -0.24213
33.52 -0.24205
33.53 -0.24194
33.54 -0.24181
33.55 -0.24164
33.56 -0.24145
33.57 -0.24124
33.58 -0.241
33.59 -0.24074
33.6 -0.24048
33.61 -0.2402
33.62 -0.23993
33.63 -0.23968
33.64 -0.23943
33.65 -0.23921
33.66 -0.23901
33.67 -0.23883
33.68 -0.23867
33.69 -0.23854
33.7 -0.23842
33.71 -0.23833
33.72 -0.23825
33.73 -0.23819
33.74 -0.23813
33.75 -0.2381
33.76 -0.23807
33.77 -0.23806
33.78 -0.23807
33.79 -0.2381
33.8 -0.23813
33.81 -0.23818
33.82 -0.23822
33.83 -0.23826
33.84 -0.23829
33.85 -0.23829
33.86 -0.23827
33.87 -0.23823
33.88 -0.23817
33.89 -0.23809
33.9 -0.23801
33.91 -0.23792
33.92 -0.23783
33.93 -0.23775
33.94 -0.23768
33.95 -0.23762
33.96 -0.23759
33.97 -0.23759
33.98 -0.23761
33.99 -0.23765
34 -0.23771
34.01 -0.2378
34.02 -0.23791
34.03 -0.23804
34.04 -0.23819
34.05 -0.23835
34.06 -0.23852
34.07 -0.23871
34.08 -0.23891
34.09 -0.23913
34.1 -0.23937
34.11 -0.23963
34.12 -0.23992
34.13 -0.24022
34.14 -0.24054
34.15 -0.24087
34.16 -0.24119
34.17 -0.24151
34.18 -0.24182
34.19 -0.2421
34.2 -0.24235
34.21 -0.24258
34.22 -0.24279
34.23 -0.243
34.24 -0.2432
34.25 -0.2434
34.26 -0.24359
34.27 -0.24375
34.28 -0.24387
34.29 -0.24395
34.3 -0.24398
34.31 -0.24396
34.32 -0.24389
34.33 -0.24377
34.34 -0.24361
34.35 -0.24342
34.36 -0.2432
34.37 -0.24295
34.38 -0.24268
34.39 -0.2424
34.4 -0.24212
34.41 -0.24182
34.42 -0.24152
34.43 -0.24122
34.44 -0.24092
34.45 -0.24062
34.46 -0.24033
34.47 -0.24005
34.48 -0.23977
34.49 -0.23949
34.5 -0.23921
34.51 -0.23894
34.52 -0.23867
34.53 -0.2384
34.54 -0.23813
34.55 -0.23786
34.56 -0.23759
34.57 -0.23732
34.58 -0.23704
34.59 -0.23675
34.6 -0.23647
34.61 -0.23619
34.62 -0.23593
34.63 -0.23569
34.64 -0.23547
34.65 -0.23527
34.66 -0.2351
34.67 -0.23496
34.68 -0.23483
34.69 -0.23473
34.7 -0.23464
34.71 -0.23457
34.72 -0.23454
34.73 -0.23454
34.74 -0.23458
34.75 -0.23468
34.76 -0.23484
34.77 -0.23506
34.78 -0.23535
34.79 -0.23568
34.8 -0.23605
34.81 -0.23644
34.82 -0.23685
34.83 -0.23726
34.84 -0.23766
34.85 -0.23804
34.86 -0.23839
34.87 -0.2387
34.88 -0.23898
34.89 -0.23922
34.9 -0.23943
34.91 -0.2396
34.92 -0.23974
34.93 -0.23985
34.94 -0.23992
34.95 -0.23996
34.96 -0.23996
34.97 -0.23992
34.98 -0.23984
34.99 -0.23971
35 -0.23952
35.01 -0.23928
35.02 -0.23899
35.03 -0.23863
35.04 -0.23823
35.05 -0.23778
35.06 -0.2373
35.07 -0.23679
35.08 -0.23626
35.09 -0.2357
35.1 -0.23514
35.11 -0.23456
35.12 -0.23398
35.13 -0.23339
35.14 -0.2328
35.15 -0.2322
35.16 -0.2316
35.17 -0.23099
35.18 -0.23036
35.19 -0.22974
35.2 -0.22912
35.21 -0.22852
35.22 -0.22796
35.23 -0.22742
35.24 -0.22693
35.25 -0.22648
35.26 -0.22607
35.27 -0.22571
35.28 -0.2254
35.29 -0.22515
35.3 -0.22495
35.31 -0.22479
35.32 -0.22466
35.33 -0.22456
35.34 -0.22447
35.35 -0.22439
35.36 -0.22431
35.37 -0.22424
35.38 -0.22417
35.39 -0.22409
35.4 -0.22401
35.41 -0.22394
35.42 -0.22386
35.43 -0.22378
35.44 -0.2237
35.45 -0.22362
35.46 -0.22353
35.47 -0.22345
35.48 -0.22336
35.49 -0.22328
35.5 -0.22321
35.51 -0.22316
35.52 -0.22312
35.53 -0.22311
35.54 -0.22313
35.55 -0.22317
35.56 -0.22323
35.57 -0.22329
35.58 -0.22335
35.59 -0.22341
35.6 -0.22346
35.61 -0.22352
35.62 -0.22361
35.63 -0.22372
35.64 -0.22388
35.65 -0.22409
35.66 -0.22436
35.67 -0.22469
35.68 -0.22509
35.69 -0.22554
35.7 -0.22603
35.71 -0.22656
35.72 -0.22711
35.73 -0.22766
35.74 -0.22821
35.75 -0.22876
35.76 -0.22929
35.77 -0.22981
35.78 -0.23031
35.79 -0.23078
35.8 -0.23123
35.81 -0.23165
35.82 -0.23204
35.83 -0.2324
35.84 -0.23273
35.85 -0.23303
35.86 -0.23333
35.87 -0.23361
35.88 -0.23389
35.89 -0.23418
35.9 -0.23447
35.91 -0.23477
35.92 -0.23507
35.93 -0.23536
35.94 -0.23566
35.95 -0.23594
35.96 -0.23622
35.97 -0.23648
35.98 -0.23672
35.99 -0.23694
36 -0.23716
36.01 -0.23736
36.02 -0.23758
36.03 -0.23779
36.04 -0.23802
36.05 -0.23824
36.06 -0.23847
36.07 -0.23869
36.08 -0.23891
36.09 -0.23912
36.1 -0.23932
36.11 -0.2395
36.12 -0.23966
36.13 -0.2398
36.14 -0.23992
36.15 -0.24004
36.16 -0.24015
36.17 -0.24027
36.18 -0.24038
