0 -0.086556
0.01 -0.084893
0.02 -0.083169
0.03 -0.081399
0.04 -0.079606
0.05 -0.077817
0.06 -0.076057
0.07 -0.074351
0.08 -0.072715
0.09 -0.071156
0.1 -0.069662
0.11 -0.068208
0.12 -0.066759
0.13 -0.065276
0.14 -0.063723
0.15 -0.062079
0.16 -0.060337
0.17 -0.05851
0.18 -0.056629
0.19 -0.054741
0.2 -0.052897
0.21 -0.051138
0.22 -0.049483
0.23 -0.047935
0.24 -0.046489
0.25 -0.045133
0.26 -0.043855
0.27 -0.042638
0.28 -0.04146
0.29 -0.040291
0.3 -0.039102
0.31 -0.03788
0.32 -0.036634
0.33 -0.03539
0.34 -0.034188
0.35 -0.033073
0.36 -0.032075
0.37 -0.031191
0.38 -0.030388
0.39 -0.029615
0.4 -0.028818
0.41 -0.027965
0.42 -0.027044
0.43 -0.026062
0.44 -0.025031
0.45 -0.023966
0.46 -0.022869
0.47 -0.021742
0.48 -0.020591
0.49 -0.019428
0.5 -0.018259
0.51 -0.017073
0.52 -0.015847
0.53 -0.014548
0.54 -0.013144
0.55 -0.011608
0.56 -0.0099247
0.57 -0.0080788
0.58 -0.0060589
0.59 -0.0038617
0.6 -0.0014959
0.61 0.0010231
0.62 0.0036806
0.63 0.0064639
0.64 0.0093579
0.65 0.012343
0.66 0.015393
0.67 0.018476
0.68 0.021549
0.69 0.024558
0.7 0.027445
0.71 0.030158
0.72 0.032654
0.73 0.034902
0.74 0.036869
0.75 0.038521
0.76 0.039823
0.77 0.040746
0.78 0.041281
0.79 0.041433
0.8 0.041229
0.81 0.040707
0.82 0.039913
0.83 0.038901
0.84 0.03774
0.85 0.036514
0.86 0.035306
0.87 0.034182
0.88 0.03316
0.89 0.032207
0.9 0.031249
0.91 0.030204
0.92 0.029003
0.93 0.027603
0.94 0.025983
0.95 0.024148
0.96 0.02212
0.97 0.019942
0.98 0.017668
0.99 0.015352
1 0.013037
1.01 0.010756
1.02 0.0085324
1.03 0.0063741
1.04 0.0042771
1.05 0.0022205
1.06 0.00017141
1.07 -0.0019084
1.08 -0.004056
1.09 -0.0063008
1.1 -0.0086563
1.11 -0.011116
1.12 -0.013661
1.13 -0.016272
1.14 -0.018946
1.15 -0.021688
1.16 -0.024511
1.17 -0.027415
1.18 -0.030386
1.19 -0.033394
1.2 -0.036393
1.21 -0.039323
1.22 -0.042122
1.23 -0.044731
1.24 -0.047098
1.25 -0.049189
1.26 -0.050993
1.27 -0.052519
1.28 -0.053785
1.29 -0.05481
1.3 -0.055614
1.31 -0.056221
1.32 -0.056657
1.33 -0.056949
1.34 -0.057121
1.35 -0.057191
1.36 -0.057165
1.37 -0.057037
1.38 -0.056792
1.39 -0.056406
1.4 -0.05585
1.41 -0.055097
1.42 -0.05412
1.43 -0.0529
1.44 -0.051429
1.45 -0.049716
1.46 -0.047799
1.47 -0.045741
1.48 -0.04363
1.49 -0.041572
1.5 -0.039675
1.51 -0.038039
1.52 -0.036738
1.53 -0.035813
1.54 -0.035255
1.55 -0.035021
1.56 -0.035054
1.57 -0.035302
1.58 -0.035718
1.59 -0.036264
1.6 -0.036904
1.61 -0.037597
1.62 -0.038302
1.63 -0.038978
1.64 -0.039583
1.65 -0.040084
1.66 -0.040472
1.67 -0.040766
1.68 -0.041011
1.69 -0.04127
1.7 -0.041614
1.71 -0.042116
1.72 -0.042839
1.73 -0.043821
1.74 -0.04507
1.75 -0.046565
1.76 -0.048256
1.77 -0.050077
1.78 -0.051955
1.79 -0.053822
1.8 -0.055611
1.81 -0.057257
1.82 -0.058698
1.83 -0.059887
1.84 -0.060794
1.85 -0.06143
1.86 -0.061844
1.87 -0.062126
1.88 -0.062383
1.89 -0.062721
1.9 -0.063231
1.91 -0.063979
1.92 -0.065018
1.93 -0.066393
1.94 -0.068135
1.95 -0.070242
1.96 -0.072657
1.97 -0.075284
1.98 -0.078008
1.99 -0.080734
2 -0.083392
2.01 -0.08593
2.02 -0.088314
2.03 -0.090523
2.04 -0.092557
2.05 -0.094438
2.06 -0.096208
2.07 -0.097916
2.08 -0.099599
2.09 -0.10127
2.1 -0.10292
2.11 -0.10452
2.12 -0.10605
2.13 -0.10748
2.14 -0.1088
2.15 -0.11003
2.16 -0.11117
2.17 -0.11227
2.18 -0.11337
2.19 -0.11455
2.2 -0.11588
2.21 -0.11741
2.22 -0.11918
2.23 -0.12121
2.24 -0.12349
2.25 -0.126
2.26 -0.12868
2.27 -0.13145
2.28 -0.13426
2.29 -0.13705
2.3 -0.13977
2.31 -0.14241
2.32 -0.14497
2.33 -0.14743
2.34 -0.14983
2.35 -0.15217
2.36 -0.15445
2.37 -0.15665
2.38 -0.15877
2.39 -0.16082
2.4 -0.16281
2.41 -0.16476
2.42 -0.1667
2.43 -0.16864
2.44 -0.17056
2.45 -0.17247
2.46 -0.17435
2.47 -0.1762
2.48 -0.17805
2.49 -0.17991
2.5 -0.18182
2.51 -0.18378
2.52 -0.18581
2.53 -0.18792
2.54 -0.19009
2.55 -0.19231
2.56 -0.19461
2.57 -0.19697
2.58 -0.19939
2.59 -0.20185
2.6 -0.20432
2.61 -0.20674
2.62 -0.20904
2.63 -0.21118
2.64 -0.2131
2.65 -0.21475
2.66 -0.21611
2.67 -0.21715
2.68 -0.21789
2.69 -0.21835
2.7 -0.21859
2.71 -0.2187
2.72 -0.21875
2.73 -0.21884
2.74 -0.21903
2.75 -0.21939
2.76 -0.21993
2.77 -0.22067
2.78 -0.22159
2.79 -0.22267
2.8 -0.22389
2.81 -0.22525
2.82 -0.22674
2.83 -0.22836
2.84 -0.23009
2.85 -0.23189
2.86 -0.23374
2.87 -0.2356
2.88 -0.23741
2.89 -0.23915
2.9 -0.24076
2.91 -0.24221
2.92 -0.24348
2.93 -0.24458
2.94 -0.24554
2.95 -0.2464
2.96 -0.24719
2.97 -0.24791
2.98 -0.24853
2.99 -0.24901
3 -0.24927
3.01 -0.24925
3.02 -0.24891
3.03 -0.24825
3.04 -0.2473
3.05 -0.24609
3.06 -0.24468
3.07 -0.2431
3.08 -0.24138
3.09 -0.23955
3.1 -0.23759
3.11 -0.2355
3.12 -0.23325
3.13 -0.23082
3.14 -0.2282
3.15 -0.22539
3.16 -0.22239
3.17 -0.21922
3.18 -0.21592
3.19 -0.21251
3.2 -0.20904
3.21 -0.20555
3.22 -0.20206
3.23 -0.19858
3.24 -0.19511
3.25 -0.19163
3.26 -0.18816
3.27 -0.18471
3.28 -0.18131
3.29 -0.17798
3.3 -0.17471
3.31 -0.1715
3.32 -0.16833
3.33 -0.16519
3.34 -0.16202
3.35 -0.15878
3.36 -0.1554
3.37 -0.15183
3.38 -0.14806
3.39 -0.1441
3.4 -0.14
3.41 -0.13582
3.42 -0.13165
3.43 -0.12757
3.44 -0.12363
3.45 -0.11987
3.46 -0.11631
3.47 -0.11296
3.48 -0.1098
3.49 -0.1068
3.5 -0.10394
3.51 -0.10119
3.52 -0.098546
3.53 -0.095985
3.54 -0.093501
3.55 -0.0911
3.56 -0.088797
3.57 -0.086606
3.58 -0.084529
3.59 -0.082557
3.6 -0.08067
3.61 -0.078832
3.62 -0.076995
3.63 -0.075105
3.64 -0.073117
3.65 -0.071002
3.66 -0.068762
3.67 -0.066428
3.68 -0.064043
3.69 -0.061648
3.7 -0.059264
3.71 -0.056896
3.72 -0.054542
3.73 -0.052207
3.74 -0.049913
3.75 -0.047688
3.76 -0.045558
3.77 -0.043535
3.78 -0.041617
3.79 -0.039798
3.8 -0.038067
3.81 -0.036412
3.82 -0.034816
3.83 -0.033267
3.84 -0.031758
3.85 -0.030296
3.86 -0.028901
3.87 -0.027601
3.88 -0.026413
3.89 -0.025334
3.9 -0.024329
3.91 -0.023339
3.92 -0.022294
3.93 -0.021123
3.94 -0.019763
3.95 -0.018157
3.96 -0.016249
3.97 -0.013984
3.98 -0.011311
3.99 -0.0082104
4 -0.0047124
4.01 -0.00090474
4.02 0.0030858
4.03 0.0071252
4.04 0.0111
4.05 0.014932
4.06 0.018591
4.07 0.022082
4.08 0.025434
4.09 0.028686
4.1 0.031876
4.11 0.035042
4.12 0.038214
4.13 0.04142
4.14 0.044679
4.15 0.048006
4.16 0.0514
4.17 0.05484
4.18 0.058285
4.19 0.061682
4.2 0.064981
4.21 0.068135
4.22 0.071106
4.23 0.073864
4.24 0.076398
4.25 0.078711
4.26 0.080816
4.27 0.082719
4.28 0.084435
4.29 0.085998
4.3 0.087469
4.31 0.088929
4.32 0.090464
4.33 0.092141
4.34 0.093997
4.35 0.096031
4.36 0.098216
4.37 0.1005
4.38 0.10282
4.39 0.10511
4.4 0.10732
4.41 0.10941
4.42 0.1114
4.43 0.11334
4.44 0.11529
4.45 0.11727
4.46 0.11932
4.47 0.12144
4.48 0.12362
4.49 0.12587
4.5 0.1282
4.51 0.13059
4.52 0.13303
4.53 0.13553
4.54 0.1381
4.55 0.14074
4.56 0.14346
4.57 0.14624
4.58 0.14906
4.59 0.15184
4.6 0.1545
4.61 0.15695
4.62 0.15912
4.63 0.16096
4.64 0.16245
4.65 0.16357
4.66 0.16428
4.67 0.16458
4.68 0.16449
4.69 0.16403
4.7 0.16326
4.71 0.16225
4.72 0.16105
4.73 0.15972
4.74 0.1583
4.75 0.15684
4.76 0.15536
4.77 0.15385
4.78 0.15229
4.79 0.15065
4.8 0.14892
4.81 0.14708
4.82 0.14512
4.83 0.14302
4.84 0.14077
4.85 0.13835
4.86 0.13579
4.87 0.13309
4.88 0.13027
4.89 0.12737
4.9 0.12442
4.91 0.1215
4.92 0.11867
4.93 0.11598
4.94 0.11347
4.95 0.1111
4.96 0.10884
4.97 0.10665
4.98 0.10451
4.99 0.10241
5 0.10032
5.01 0.098183
5.02 0.095937
5.03 0.093504
5.04 0.090824
5.05 0.08786
5.06 0.084602
5.07 0.081051
5.08 0.077202
5.09 0.073048
5.1 0.068605
5.11 0.063922
5.12 0.059083
5.13 0.054192
5.14 0.049343
5.15 0.044602
5.16 0.040022
5.17 0.035659
5.18 0.031572
5.19 0.027817
5.2 0.024421
5.21 0.021384
5.22 0.018677
5.23 0.016256
5.24 0.014058
5.25 0.012016
5.26 0.010059
5.27 0.0081282
5.28 0.0061887
5.29 0.0042386
5.3 0.0023068
5.31 0.00044291
5.32 -0.0013084
5.33 -0.0029281
5.34 -0.0044248
5.35 -0.0058255
5.36 -0.0071662
5.37 -0.0084836
5.38 -0.0098125
5.39 -0.011184
5.4 -0.012618
5.41 -0.014107
5.42 -0.015619
5.43 -0.017092
5.44 -0.018456
5.45 -0.019648
5.46 -0.020632
5.47 -0.021402
5.48 -0.02198
5.49 -0.022398
5.5 -0.022697
5.51 -0.022913
5.52 -0.023078
5.53 -0.023212
5.54 -0.023328
5.55 -0.023428
5.56 -0.023506
5.57 -0.023553
5.58 -0.023564
5.59 -0.023543
5.6 -0.023505
5.61 -0.023469
5.62 -0.023462
5.63 -0.023509
5.64 -0.023631
5.65 -0.02384
5.66 -0.024137
5.67 -0.024516
5.68 -0.02497
5.69 -0.025498
5.7 -0.026106
5.71 -0.02681
5.72 -0.027639
5.73 -0.028629
5.74 -0.029816
5.75 -0.031229
5.76 -0.032873
5.77 -0.034721
5.78 -0.036711
5.79 -0.038755
5.8 -0.040758
5.81 -0.042631
5.82 -0.044311
5.83 -0.045773
5.84 -0.047034
5.85 -0.048144
5.86 -0.04916
5.87 -0.050128
5.88 -0.051072
5.89 -0.052
5.9 -0.052908
5.91 -0.053788
5.92 -0.054637
5.93 -0.055461
5.94 -0.056274
5.95 -0.057091
5.96 -0.057924
5.97 -0.05877
5.98 -0.059612
5.99 -0.060427
6 -0.061201
6.01 -0.061937
6.02 -0.062655
6.03 -0.063379
6.04 -0.064134
6.05 -0.064937
6.06 -0.0658
6.07 -0.066729
6.08 -0.067717
6.09 -0.068746
6.1 -0.069786
6.11 -0.070808
6.12 -0.07179
6.13 -0.072719
6.14 -0.073596
6.15 -0.074431
6.16 -0.075255
6.17 -0.076115
6.18 -0.077064
6.19 -0.078146
6.2 -0.079392
6.21 -0.080819
6.22 -0.082427
6.23 -0.084201
6.24 -0.086109
6.25 -0.088114
6.26 -0.090171
6.27 -0.092231
6.28 -0.094244
6.29 -0.096166
6.3 -0.097967
6.31 -0.099631
6.32 -0.10116
6.33 -0.10256
6.34 -0.10385
6.35 -0.10503
6.36 -0.10613
6.37 -0.10718
6.38 -0.10823
6.39 -0.10932
6.4 -0.11048
6.41 -0.11174
6.42 -0.11312
6.43 -0.11461
6.44 -0.11618
6.45 -0.1178
6.46 -0.11943
6.47 -0.12104
6.48 -0.1226
6.49 -0.12413
6.5 -0.12566
6.51 -0.12723
6.52 -0.12888
6.53 -0.13066
6.54 -0.1326
6.55 -0.13472
6.56 -0.13702
6.57 -0.13951
6.58 -0.14215
6.59 -0.14494
6.6 -0.14783
6.61 -0.15082
6.62 -0.15389
6.63 -0.15703
6.64 -0.16023
6.65 -0.16349
6.66 -0.16679
6.67 -0.17011
6.68 -0.17345
6.69 -0.17678
6.7 -0.18008
6.71 -0.18333
6.72 -0.1865
6.73 -0.18954
6.74 -0.19241
6.75 -0.19509
6.76 -0.19754
6.77 -0.19977
6.78 -0.20182
6.79 -0.20371
6.8 -0.20548
6.81 -0.20716
6.82 -0.20875
6.83 -0.21025
6.84 -0.21165
6.85 -0.21291
6.86 -0.21399
6.87 -0.21486
6.88 -0.2155
6.89 -0.21591
6.9 -0.21611
6.91 -0.21616
6.92 -0.21613
6.93 -0.21611
6.94 -0.21616
6.95 -0.21636
6.96 -0.21675
6.97 -0.21737
6.98 -0.21826
6.99 -0.21941
7 -0.22081
7.01 -0.22243
7.02 -0.22425
7.03 -0.22623
7.04 -0.22832
7.05 -0.2305
7.06 -0.23272
7.07 -0.23492
7.08 -0.23705
7.09 -0.23906
7.1 -0.24085
7.11 -0.24237
7.12 -0.24353
7.13 -0.24429
7.14 -0.24464
7.15 -0.24459
7.16 -0.24421
7.17 -0.24356
7.18 -0.24272
7.19 -0.24177
7.2 -0.24075
7.21 -0.23972
7.22 -0.23867
7.23 -0.23762
7.24 -0.23656
7.25 -0.23548
7.26 -0.23436
7.27 -0.23317
7.28 -0.23188
7.29 -0.23048
7.3 -0.22898
7.31 -0.22739
7.32 -0.22572
7.33 -0.22395
7.34 -0.22203
7.35 -0.21991
7.36 -0.21758
7.37 -0.21506
7.38 -0.21244
7.39 -0.20982
7.4 -0.20726
7.41 -0.2048
7.42 -0.20246
7.43 -0.20023
7.44 -0.1981
7.45 -0.19609
7.46 -0.19422
7.47 -0.1925
7.48 -0.19095
7.49 -0.18957
7.5 -0.18835
7.51 -0.18729
7.52 -0.18637
7.53 -0.18555
7.54 -0.18477
7.55 -0.18396
7.56 -0.18303
7.57 -0.18194
7.58 -0.18066
7.59 -0.17919
7.6 -0.17756
7.61 -0.17578
7.62 -0.1739
7.63 -0.17193
7.64 -0.1699
7.65 -0.16783
7.66 -0.16571
7.67 -0.16355
7.68 -0.16134
7.69 -0.15907
7.7 -0.15673
7.71 -0.15432
7.72 -0.15185
7.73 -0.14933
7.74 -0.14678
7.75 -0.1442
7.76 -0.14162
7.77 -0.13906
7.78 -0.13655
7.79 -0.1341
7.8 -0.13173
7.81 -0.12945
7.82 -0.12725
7.83 -0.12514
7.84 -0.1231
7.85 -0.12115
7.86 -0.11929
7.87 -0.11755
7.88 -0.11593
7.89 -0.11441
7.9 -0.113
7.91 -0.11168
7.92 -0.11042
7.93 -0.10917
7.94 -0.1079
7.95 -0.10655
7.96 -0.10511
7.97 -0.10358
7.98 -0.10195
7.99 -0.10028
8 -0.098591
8.01 -0.096927
8.02 -0.095306
8.03 -0.093737
8.04 -0.092217
8.05 -0.09075
8.06 -0.08935
8.07 -0.08804
8.08 -0.086839
8.09 -0.085762
8.1 -0.084827
8.11 -0.084056
8.12 -0.083469
8.13 -0.083077
8.14 -0.082875
8.15 -0.082841
8.16 -0.082933
8.17 -0.083101
8.18 -0.083295
8.19 -0.083483
8.2 -0.083649
8.21 -0.083783
8.22 -0.083878
8.23 -0.083929
8.24 -0.083938
8.25 -0.08392
8.26 -0.083894
8.27 -0.083871
8.28 -0.083856
8.29 -0.08385
8.3 -0.083852
8.31 -0.083859
8.32 -0.08387
8.33 -0.083879
8.34 -0.083881
8.35 -0.083872
8.36 -0.083851
8.37 -0.083824
8.38 -0.083805
8.39 -0.083808
8.4 -0.083843
8.41 -0.083907
8.42 -0.083988
8.43 -0.084062
8.44 -0.084099
8.45 -0.084079
8.46 -0.083994
8.47 -0.08385
8.48 -0.08366
8.49 -0.083438
8.5 -0.083196
8.51 -0.082943
8.52 -0.082692
8.53 -0.082454
8.54 -0.082239
8.55 -0.082058
8.56 -0.081922
8.57 -0.081837
8.58 -0.081809
8.59 -0.08183
8.6 -0.081886
8.61 -0.081963
8.62 -0.082052
8.63 -0.082147
8.64 -0.082238
8.65 -0.082311
8.66 -0.082366
8.67 -0.082409
8.68 -0.082458
8.69 -0.082527
8.7 -0.08263
8.71 -0.08277
8.72 -0.082944
8.73 -0.083144
8.74 -0.083354
8.75 -0.083556
8.76 -0.083739
8.77 -0.083906
8.78 -0.084065
8.79 -0.084226
8.8 -0.084389
8.81 -0.084546
8.82 -0.084687
8.83 -0.084809
8.84 -0.084919
8.85 -0.085032
8.86 -0.085161
8.87 -0.085314
8.88 -0.085491
8.89 -0.085685
8.9 -0.085886
8.91 -0.086092
8.92 -0.086299
8.93 -0.086507
8.94 -0.086708
8.95 -0.086882
8.96 -0.086985
8.97 -0.086933
8.98 -0.086611
8.99 -0.085873
9 -0.084562
9.01 -0.082519
9.02 -0.079602
9.03 -0.075695
9.04 -0.070734
9.05 -0.064718
9.06 -0.057716
9.07 -0.049867
9.08 -0.041351
9.09 -0.032369
9.1 -0.023121
9.11 -0.013785
9.12 -0.0045179
9.13 0.0045584
9.14 0.013356
9.15 0.021818
9.16 0.029916
9.17 0.037637
9.18 0.044979
9.19 0.051941
9.2 0.058519
9.21 0.064712
9.22 0.070515
9.23 0.075905
9.24 0.08084
9.25 0.085268
9.26 0.089153
9.27 0.092487
9.28 0.095289
9.29 0.097595
9.3 0.09944
9.31 0.10085
9.32 0.10183
9.33 0.1024
9.34 0.10258
9.35 0.10238
9.36 0.10184
9.37 0.10102
9.38 0.09995
9.39 0.098689
9.4 0.09728
9.41 0.095766
9.42 0.094191
9.43 0.092597
9.44 0.091014
9.45 0.08947
9.46 0.087997
9.47 0.086615
9.48 0.085335
9.49 0.084151
9.5 0.083051
9.51 0.082014
9.52 0.081012
9.53 0.080025
9.54 0.079038
9.55 0.078049
9.56 0.077061
9.57 0.076084
9.58 0.075127
9.59 0.074198
9.6 0.073308
9.61 0.072472
9.62 0.071699
9.63 0.070985
9.64 0.070312
9.65 0.069655
9.66 0.068982
9.67 0.068266
9.68 0.067474
9.69 0.06657
9.7 0.065527
9.71 0.06433
9.72 0.062984
9.73 0.061503
9.74 0.059902
9.75 0.0582
9.76 0.05641
9.77 0.054543
9.78 0.052608
9.79 0.050608
9.8 0.048547
9.81 0.046431
9.82 0.044272
9.83 0.042082
9.84 0.039868
9.85 0.037628
9.86 0.03536
9.87 0.03307
9.88 0.030769
9.89 0.028467
9.9 0.026162
9.91 0.023853
9.92 0.021539
9.93 0.019238
9.94 0.016985
9.95 0.014825
9.96 0.012803
9.97 0.010956
9.98 0.0093126
9.99 0.0078932
10 0.0067034
10.01 0.0057335
10.02 0.0049642
10.03 0.0043742
10.04 0.0039414
10.05 0.0036416
10.06 0.0034511
10.07 0.0033502
10.08 0.0033237
10.09 0.0033585
10.1 0.0034387
10.11 0.0035418
10.12 0.0036387
10.13 0.0036988
10.14 0.0036967
10.15 0.0036179
10.16 0.0034627
10.17 0.0032434
10.18 0.0029777
10.19 0.0026828
10.2 0.0023755
10.21 0.0020734
10.22 0.0017968
10.23 0.001571
10.24 0.0014273
10.25 0.0013958
10.26 0.0014844
10.27 0.001671
10.28 0.0019225
10.29 0.0022125
10.3 0.0025182
10.31 0.0028184
10.32 0.0031015
10.33 0.0033751
10.34 0.0036666
10.35 0.0040129
10.36 0.0044467
10.37 0.0049922
10.38 0.0056612
10.39 0.0064469
10.4 0.0073255
10.41 0.0082674
10.42 0.0092456
10.43 0.010234
10.44 0.011203
10.45 0.012118
10.46 0.012945
10.47 0.013657
10.48 0.014239
10.49 0.014683
10.5 0.014979
10.51 0.01512
10.52 0.015107
10.53 0.014953
10.54 0.014693
10.55 0.014373
10.56 0.014049
10.57 0.013772
10.58 0.013583
10.59 0.013512
10.6 0.013572
10.61 0.013752
10.62 0.014034
10.63 0.0144
10.64 0.014846
10.65 0.01538
10.66 0.016006
10.67 0.016724
10.68 0.017518
10.69 0.018359
10.7 0.019212
10.71 0.020046
10.72 0.020841
10.73 0.021593
10.74 0.02231
10.75 0.023008
10.76 0.023702
10.77 0.024404
10.78 0.025119
10.79 0.025859
10.8 0.026654
10.81 0.02754
10.82 0.02854
10.83 0.02965
10.84 0.030849
10.85 0.032105
10.86 0.033393
10.87 0.034696
10.88 0.035991
10.89 0.037264
10.9 0.03852
10.91 0.039789
10.92 0.041111
10.93 0.042521
10.94 0.044046
10.95 0.045702
10.96 0.04748
10.97 0.049346
10.98 0.051244
10.99 0.053126
11 0.05497
11.01 0.056784
11.02 0.058589
11.03 0.060398
11.04 0.062205
11.05 0.063986
11.06 0.06571
11.07 0.067352
11.08 0.068889
11.09 0.070311
11.1 0.071625
11.11 0.072875
11.12 0.074133
11.13 0.075488
11.14 0.077019
11.15 0.078771
11.16 0.080748
11.17 0.082927
11.18 0.085266
11.19 0.087717
11.2 0.090237
11.21 0.092794
11.22 0.095349
11.23 0.097857
11.24 0.10026
11.25 0.10251
11.26 0.10455
11.27 0.10637
11.28 0.10797
11.29 0.1094
11.3 0.11067
11.31 0.1118
11.32 0.11282
11.33 0.11375
11.34 0.11464
11.35 0.1155
11.36 0.11634
11.37 0.11717
11.38 0.11801
11.39 0.11884
11.4 0.11967
11.41 0.12048
11.42 0.12127
11.43 0.12199
11.44 0.12262
11.45 0.12315
11.46 0.1236
11.47 0.12398
11.48 0.12432
11.49 0.12462
11.5 0.12489
11.51 0.12515
11.52 0.12542
11.53 0.12574
11.54 0.12613
11.55 0.1266
11.56 0.12715
11.57 0.12779
11.58 0.12849
11.59 0.12923
11.6 0.13001
11.61 0.1308
11.62 0.13159
11.63 0.13237
11.64 0.13314
11.65 0.13388
11.66 0.13456
11.67 0.13518
11.68 0.13574
11.69 0.13625
11.7 0.13671
11.71 0.13712
11.72 0.13747
11.73 0.13776
11.74 0.13799
11.75 0.13818
11.76 0.13835
11.77 0.1385
11.78 0.13864
11.79 0.13877
11.8 0.1389
11.81 0.13903
11.82 0.13917
11.83 0.13932
11.84 0.1395
11.85 0.13969
11.86 0.1399
11.87 0.14013
11.88 0.14037
11.89 0.14059
11.9 0.1408
11.91 0.14099
11.92 0.14116
11.93 0.14131
11.94 0.14144
11.95 0.14154
11.96 0.14161
11.97 0.14166
11.98 0.14171
11.99 0.14176
12 0.14182
12.01 0.14189
12.02 0.14198
12.03 0.1421
12.04 0.14226
12.05 0.14243
12.06 0.1426
12.07 0.14275
12.08 0.14287
12.09 0.14297
12.1 0.14306
12.11 0.14315
12.12 0.14328
12.13 0.14348
12.14 0.14377
12.15 0.14416
12.16 0.14467
12.17 0.14529
12.18 0.146
12.19 0.14672
12.2 0.14739
12.21 0.14794
12.22 0.14832
12.23 0.1485
12.24 0.14844
12.25 0.14817
12.26 0.14772
12.27 0.14713
12.28 0.14647
12.29 0.14581
12.3 0.1452
12.31 0.14467
12.32 0.14427
12.33 0.14398
12.34 0.14383
12.35 0.14379
12.36 0.14385
12.37 0.144
12.38 0.14421
12.39 0.14443
12.4 0.14465
12.41 0.14486
12.42 0.14505
12.43 0.14522
12.44 0.14536
12.45 0.14547
12.46 0.14556
12.47 0.14565
12.48 0.14574
12.49 0.14583
12.5 0.14593
12.51 0.14604
12.52 0.14615
12.53 0.14624
12.54 0.1463
12.55 0.14629
12.56 0.1462
12.57 0.14601
12.58 0.14575
12.59 0.14544
12.6 0.14512
12.61 0.14483
12.62 0.14462
12.63 0.1445
12.64 0.14449
12.65 0.1446
12.66 0.14484
12.67 0.1452
12.68 0.14568
12.69 0.14628
12.7 0.14696
12.71 0.14771
12.72 0.14851
12.73 0.14934
12.74 0.15018
12.75 0.15101
12.76 0.15182
12.77 0.15258
12.78 0.1533
12.79 0.15399
12.8 0.15468
12.81 0.15538
12.82 0.1561
12.83 0.15686
12.84 0.15762
12.85 0.1584
12.86 0.15917
12.87 0.15991
12.88 0.16062
12.89 0.16128
12.9 0.16188
12.91 0.16245
12.92 0.16298
12.93 0.16349
12.94 0.16398
12.95 0.16444
12.96 0.16488
12.97 0.1653
12.98 0.16572
12.99 0.16613
13 0.16653
13.01 0.1669
13.02 0.16725
13.03 0.16756
13.04 0.16787
13.05 0.16817
13.06 0.16848
13.07 0.16883
13.08 0.16922
13.09 0.16966
13.1 0.17016
13.11 0.1707
13.12 0.17128
13.13 0.17189
13.14 0.1725
13.15 0.17313
13.16 0.17376
13.17 0.17441
13.18 0.17507
13.19 0.17574
13.2 0.17641
13.21 0.17707
13.22 0.17773
13.23 0.17837
13.24 0.17899
13.25 0.17958
13.26 0.18013
13.27 0.18063
13.28 0.18107
13.29 0.18145
13.3 0.18177
13.31 0.18202
13.32 0.18221
13.33 0.18235
13.34 0.18248
13.35 0.18261
13.36 0.18276
13.37 0.18295
13.38 0.18317
13.39 0.18341
13.4 0.18368
13.41 0.18397
13.42 0.18426
13.43 0.18456
13.44 0.18487
13.45 0.1852
13.46 0.18557
13.47 0.18599
13.48 0.18646
13.49 0.18697
13.5 0.18753
13.51 0.18812
13.52 0.18873
13.53 0.18934
13.54 0.18992
13.55 0.19047
13.56 0.19098
13.57 0.19142
13.58 0.19181
13.59 0.19213
13.6 0.19237
13.61 0.19255
13.62 0.19266
13.63 0.19272
13.64 0.19276
13.65 0.19279
13.66 0.19281
13.67 0.19283
13.68 0.19286
13.69 0.19291
13.7 0.19298
13.71 0.19307
13.72 0.19318
13.73 0.19329
13.74 0.19341
13.75 0.19351
13.76 0.1936
13.77 0.19369
13.78 0.19377
13.79 0.19385
13.8 0.19391
13.81 0.19397
13.82 0.194
13.83 0.194
13.84 0.19397
13.85 0.19391
13.86 0.19383
13.87 0.19374
13.88 0.19365
13.89 0.19355
13.9 0.19344
13.91 0.19332
13.92 0.19321
13.93 0.19312
13.94 0.19306
13.95 0.19302
13.96 0.19301
13.97 0.19302
13.98 0.19307
13.99 0.19316
14 0.1933
14.01 0.19346
14.02 0.19365
14.03 0.19383
14.04 0.19399
14.05 0.19412
14.06 0.19422
14.07 0.19429
14.08 0.19434
14.09 0.19437
14.1 0.19438
14.11 0.19439
14.12 0.19442
14.13 0.19446
14.14 0.19453
14.15 0.19461
14.16 0.19469
14.17 0.19477
14.18 0.19485
14.19 0.19495
14.2 0.19508
14.21 0.19526
14.22 0.19547
14.23 0.19572
14.24 0.19597
14.25 0.19621
14.26 0.19646
14.27 0.19671
14.28 0.19699
14.29 0.1973
14.3 0.19764
14.31 0.19802
14.32 0.1984
14.33 0.19879
14.34 0.19915
14.35 0.19947
14.36 0.19975
14.37 0.19996
14.38 0.20011
14.39 0.20021
14.4 0.20024
14.41 0.2002
14.42 0.20008
14.43 0.19988
14.44 0.19963
14.45 0.19935
14.46 0.19909
14.47 0.19885
14.48 0.19866
14.49 0.19851
14.5 0.19838
14.51 0.19827
14.52 0.1982
14.53 0.19816
14.54 0.19815
14.55 0.19817
14.56 0.1982
14.57 0.19822
14.58 0.19823
14.59 0.19823
14.6 0.19823
14.61 0.19825
14.62 0.19831
14.63 0.19841
14.64 0.19855
14.65 0.19871
14.66 0.19888
14.67 0.19904
14.68 0.19915
14.69 0.19923
14.7 0.19926
14.71 0.19924
14.72 0.1992
14.73 0.19914
14.74 0.19908
14.75 0.19904
14.76 0.19902
14.77 0.19904
14.78 0.19908
14.79 0.19913
14.8 0.19919
14.81 0.19922
14.82 0.19925
14.83 0.19924
14.84 0.19919
14.85 0.19908
14.86 0.19888
14.87 0.19862
14.88 0.1983
14.89 0.19794
14.9 0.19757
14.91 0.19719
14.92 0.1968
14.93 0.1964
14.94 0.19599
14.95 0.19558
14.96 0.19517
14.97 0.19474
14.98 0.19427
14.99 0.19374
15 0.19316
15.01 0.19252
15.02 0.19183
15.03 0.19111
15.04 0.19037
15.05 0.18964
15.06 0.18893
15.07 0.18826
15.08 0.18764
15.09 0.18708
15.1 0.18659
15.11 0.18613
15.12 0.18569
15.13 0.18524
15.14 0.18477
15.15 0.18428
15.16 0.18377
15.17 0.18328
15.18 0.18279
15.19 0.18232
15.2 0.18186
15.21 0.18141
15.22 0.18097
15.23 0.18053
15.24 0.1801
15.25 0.17969
15.26 0.17928
15.27 0.17887
15.28 0.17845
15.29 0.17803
15.3 0.17761
15.31 0.1772
15.32 0.17679
15.33 0.17636
15.34 0.17592
15.35 0.17545
15.36 0.17496
15.37 0.17445
15.38 0.17394
15.39 0.17342
15.4 0.17292
15.41 0.17244
15.42 0.17198
15.43 0.17156
15.44 0.17116
15.45 0.1708
15.46 0.17048
15.47 0.17018
15.48 0.1699
15.49 0.16964
15.5 0.16937
15.51 0.16908
15.52 0.16877
15.53 0.16841
15.54 0.16798
15.55 0.16749
15.56 0.16692
15.57 0.16626
15.58 0.16549
15.59 0.16457
15.6 0.16347
15.61 0.16215
15.62 0.16057
15.63 0.15869
15.64 0.1565
15.65 0.15397
15.66 0.15107
15.67 0.14777
15.68 0.14407
15.69 0.13995
15.7 0.13541
15.71 0.13047
15.72 0.12517
15.73 0.11953
15.74 0.11359
15.75 0.1074
15.76 0.10098
15.77 0.094362
15.78 0.087588
15.79 0.080704
15.8 0.073777
15.81 0.066886
15.82 0.060101
15.83 0.053476
15.84 0.047049
15.85 0.040843
15.86 0.034874
15.87 0.029161
15.88 0.023726
15.89 0.0186
15.9 0.013814
15.91 0.0093967
15.92 0.0053733
15.93 0.0017693
15.94 -0.0013886
15.95 -0.0040795
15.96 -0.0063007
15.97 -0.0080754
15.98 -0.0094488
15.99 -0.010481
16 -0.011241
16.01 -0.01181
16.02 -0.012279
16.03 -0.012753
16.04 -0.013343
16.05 -0.014153
16.06 -0.015267
16.07 -0.016748
16.08 -0.018632
16.09 -0.020926
16.1 -0.023614
16.11 -0.026662
16.12 -0.03002
16.13 -0.033618
16.14 -0.037378
16.15 -0.041216
16.16 -0.04505
16.17 -0.0488
16.18 -0.052381
16.19 -0.055713
16.2 -0.058722
16.21 -0.061361
16.22 -0.063614
16.23 -0.065499
16.24 -0.067066
16.25 -0.068391
16.26 -0.069568
16.27 -0.070687
16.28 -0.071814
16.29 -0.072986
16.3 -0.07422
16.31 -0.075524
16.32 -0.076911
16.33 -0.078401
16.34 -0.080003
16.35 -0.081707
16.36 -0.083474
16.37 -0.085245
16.38 -0.08696
16.39 -0.088567
16.4 -0.090026
16.41 -0.091312
16.42 -0.092414
16.43 -0.093328
16.44 -0.094051
16.45 -0.094587
16.46 -0.094954
16.47 -0.095193
16.48 -0.095364
16.49 -0.095547
16.5 -0.095833
16.51 -0.096314
16.52 -0.097071
16.53 -0.098164
16.54 -0.099632
16.55 -0.10149
16.56 -0.10376
16.57 -0.10642
16.58 -0.10947
16.59 -0.11291
16.6 -0.11671
16.61 -0.12091
16.62 -0.12555
16.63 -0.13072
16.64 -0.13654
16.65 -0.14317
16.66 -0.15076
16.67 -0.15942
16.68 -0.16921
16.69 -0.1801
16.7 -0.19196
16.71 -0.20451
16.72 -0.21738
16.73 -0.23006
16.74 -0.24199
16.75 -0.25259
16.76 -0.26139
16.77 -0.26805
16.78 -0.27243
16.79 -0.2745
16.8 -0.27439
16.81 -0.27231
16.82 -0.26855
16.83 -0.26343
16.84 -0.25733
16.85 -0.25061
16.86 -0.24362
16.87 -0.23665
16.88 -0.22991
16.89 -0.2236
16.9 -0.21784
16.91 -0.2127
16.92 -0.20819
16.93 -0.2043
16.94 -0.20098
16.95 -0.19817
16.96 -0.1958
16.97 -0.19378
16.98 -0.19203
16.99 -0.19044
17 -0.18893
17.01 -0.18744
17.02 -0.18593
17.03 -0.18438
17.04 -0.18278
17.05 -0.18108
17.06 -0.17922
17.07 -0.17716
17.08 -0.17486
17.09 -0.17232
17.1 -0.16956
17.11 -0.16664
17.12 -0.16366
17.13 -0.16075
17.14 -0.15803
17.15 -0.15563
17.16 -0.15366
17.17 -0.15215
17.18 -0.15112
17.19 -0.15054
17.2 -0.15035
17.21 -0.15051
17.22 -0.15094
17.23 -0.15157
17.24 -0.15236
17.25 -0.15324
17.26 -0.15417
17.27 -0.15511
17.28 -0.15602
17.29 -0.15683
17.3 -0.15751
17.31 -0.15799
17.32 -0.1582
17.33 -0.15808
17.34 -0.15762
17.35 -0.15686
17.36 -0.15587
17.37 -0.15478
17.38 -0.15368
17.39 -0.15267
17.4 -0.15185
17.41 -0.15129
17.42 -0.15102
17.43 -0.15108
17.44 -0.15145
17.45 -0.15211
17.46 -0.153
17.47 -0.15408
17.48 -0.1553
17.49 -0.15663
17.5 -0.15805
17.51 -0.15957
17.52 -0.16115
17.53 -0.16278
17.54 -0.16442
17.55 -0.16605
17.56 -0.16768
17.57 -0.16928
17.58 -0.17088
17.59 -0.17248
17.6 -0.17408
17.61 -0.17571
17.62 -0.17738
17.63 -0.17911
17.64 -0.1809
17.65 -0.18276
17.66 -0.18466
17.67 -0.18657
17.68 -0.18844
17.69 -0.19023
17.7 -0.19191
17.71 -0.19346
17.72 -0.19487
17.73 -0.19611
17.74 -0.19715
17.75 -0.19798
17.76 -0.19857
17.77 -0.19892
17.78 -0.19902
17.79 -0.19886
17.8 -0.19846
17.81 -0.19782
17.82 -0.19695
17.83 -0.19586
17.84 -0.19459
17.85 -0.19317
17.86 -0.19166
17.87 -0.19011
17.88 -0.18857
17.89 -0.18708
17.9 -0.18569
17.91 -0.18443
17.92 -0.18337
17.93 -0.18255
17.94 -0.18202
17.95 -0.1818
17.96 -0.18187
17.97 -0.18222
17.98 -0.18281
17.99 -0.18361
18 -0.18459
18.01 -0.18574
18.02 -0.18703
18.03 -0.18844
18.04 -0.18992
18.05 -0.19145
18.06 -0.19302
18.07 -0.19464
18.08 -0.19633
18.09 -0.1981
18.1 -0.19996
18.11 -0.20189
18.12 -0.2039
18.13 -0.20596
18.14 -0.20804
18.15 -0.21006
18.16 -0.21196
18.17 -0.21366
18.18 -0.2151
18.19 -0.21625
18.2 -0.21709
18.21 -0.21764
18.22 -0.21793
18.23 -0.218
18.24 -0.21791
18.25 -0.21769
18.26 -0.21736
18.27 -0.21691
18.28 -0.21631
18.29 -0.21557
18.3 -0.21467
18.31 -0.21364
18.32 -0.21248
18.33 -0.21125
18.34 -0.20996
18.35 -0.20865
18.36 -0.2073
18.37 -0.20589
18.38 -0.20439
18.39 -0.2028
18.4 -0.20111
18.41 -0.19938
18.42 -0.19766
18.43 -0.19598
18.44 -0.19441
18.45 -0.19295
18.46 -0.19163
18.47 -0.19045
18.48 -0.1894
18.49 -0.18845
18.5 -0.18759
18.51 -0.18678
18.52 -0.18602
18.53 -0.18533
18.54 -0.18471
18.55 -0.18419
18.56 -0.18379
18.57 -0.18352
18.58 -0.18338
18.59 -0.18336
18.6 -0.18344
18.61 -0.18358
18.62 -0.18373
18.63 -0.18386
18.64 -0.18396
18.65 -0.18403
18.66 -0.18408
18.67 -0.18412
18.68 -0.18416
18.69 -0.18417
18.7 -0.18413
18.71 -0.184
18.72 -0.18373
18.73 -0.18331
18.74 -0.18273
18.75 -0.18199
18.76 -0.18112
18.77 -0.18014
18.78 -0.1791
18.79 -0.17802
18.8 -0.17689
18.81 -0.17569
18.82 -0.1744
18.83 -0.17298
18.84 -0.17141
18.85 -0.16968
18.86 -0.1678
18.87 -0.16579
18.88 -0.16364
18.89 -0.16137
18.9 -0.159
18.91 -0.15654
18.92 -0.15404
18.93 -0.15151
18.94 -0.14899
18.95 -0.14649
18.96 -0.14404
18.97 -0.14165
18.98 -0.13932
18.99 -0.13705
19 -0.13482
19.01 -0.13265
19.02 -0.13054
19.03 -0.1285
19.04 -0.12655
19.05 -0.12471
19.06 -0.12299
19.07 -0.12141
19.08 -0.11999
19.09 -0.11871
19.1 -0.11755
19.11 -0.11651
19.12 -0.11556
19.13 -0.11469
19.14 -0.11389
19.15 -0.11315
19.16 -0.11246
19.17 -0.1118
19.18 -0.11116
19.19 -0.11052
19.2 -0.10988
19.21 -0.10925
19.22 -0.10863
19.23 -0.10806
19.24 -0.10756
19.25 -0.10714
19.26 -0.10682
19.27 -0.10661
19.28 -0.10653
19.29 -0.10657
19.3 -0.10673
19.31 -0.10698
19.32 -0.10731
19.33 -0.10768
19.34 -0.10803
19.35 -0.10835
19.36 -0.10859
19.37 -0.10874
19.38 -0.10882
19.39 -0.10883
19.4 -0.10878
19.41 -0.10867
19.42 -0.10852
19.43 -0.10829
19.44 -0.108
19.45 -0.10762
19.46 -0.10715
19.47 -0.10659
19.48 -0.10595
19.49 -0.10525
19.5 -0.10453
19.51 -0.10382
19.52 -0.10315
19.53 -0.10256
19.54 -0.10204
19.55 -0.10159
19.56 -0.10116
19.57 -0.10071
19.58 -0.10016
19.59 -0.099452
19.6 -0.098537
19.61 -0.097382
19.62 -0.095982
19.63 -0.094364
19.64 -0.092582
19.65 -0.090707
19.66 -0.088815
19.67 -0.086981
19.68 -0.085261
19.69 -0.083687
19.7 -0.082264
19.71 -0.080974
19.72 -0.079782
19.73 -0.078644
19.74 -0.07752
19.75 -0.076368
19.76 -0.075157
19.77 -0.073867
19.78 -0.072485
19.79 -0.071002
19.8 -0.069406
19.81 -0.067672
19.82 -0.065773
19.83 -0.06369
19.84 -0.06144
19.85 -0.059086
19.86 -0.056717
19.87 -0.054411
19.88 -0.05223
19.89 -0.050209
19.9 -0.048359
19.91 -0.04667
19.92 -0.045117
19.93 -0.043657
19.94 -0.042244
19.95 -0.040834
19.96 -0.039396
19.97 -0.037902
19.98 -0.036327
19.99 -0.03464
20 -0.032802
20.01 -0.030778
20.02 -0.028539
20.03 -0.026074
20.04 -0.023388
20.05 -0.020502
20.06 -0.01745
20.07 -0.014276
20.08 -0.011033
20.09 -0.007776
20.1 -0.0045618
20.11 -0.0014405
20.12 0.0015485
20.13 0.0043799
20.14 0.0070439
20.15 0.0095455
20.16 0.011902
20.17 0.01414
20.18 0.016293
20.19 0.018394
20.2 0.020475
20.21 0.022561
20.22 0.024661
20.23 0.026775
20.24 0.028901
20.25 0.031033
20.26 0.033154
20.27 0.035231
20.28 0.037214
20.29 0.039036
20.3 0.040618
20.31 0.041878
20.32 0.04275
20.33 0.043188
20.34 0.04317
20.35 0.042694
20.36 0.041769
20.37 0.04042
20.38 0.038692
20.39 0.036649
20.4 0.034372
20.41 0.031943
20.42 0.029432
20.43 0.026892
20.44 0.024356
20.45 0.02184
20.46 0.019344
20.47 0.016856
20.48 0.014353
20.49 0.011805
20.5 0.0091888
20.51 0.0064877
20.52 0.0036887
20.53 0.00078134
20.54 -0.0022383
20.55 -0.0053694
20.56 -0.0086076
20.57 -0.011943
20.58 -0.015355
20.59 -0.018814
20.6 -0.02227
20.61 -0.025662
20.62 -0.028929
20.63 -0.032026
20.64 -0.03492
20.65 -0.037589
20.66 -0.040027
20.67 -0.04225
20.68 -0.044289
20.69 -0.046188
20.7 -0.047992
20.71 -0.049736
20.72 -0.051436
20.73 -0.053101
20.74 -0.054728
20.75 -0.056314
20.76 -0.057858
20.77 -0.059358
20.78 -0.060805
20.79 -0.062181
20.8 -0.063472
20.81 -0.064669
20.82 -0.065777
20.83 -0.066806
20.84 -0.067767
20.85 -0.068662
20.86 -0.069484
20.87 -0.07021
20.88 -0.070803
20.89 -0.071221
20.9 -0.071431
20.91 -0.071407
20.92 -0.071135
20.93 -0.070605
20.94 -0.069825
20.95 -0.068824
20.96 -0.067654
20.97 -0.066388
20.98 -0.065101
20.99 -0.063868
21 -0.062752
21.01 -0.061794
21.02 -0.06101
21.03 -0.060399
21.04 -0.05995
21.05 -0.059653
21.06 -0.059494
21.07 -0.05946
21.08 -0.059539
21.09 -0.05971
21.1 -0.059945
21.11 -0.060208
21.12 -0.060451
21.13 -0.06063
21.14 -0.060708
21.15 -0.060662
21.16 -0.060489
21.17 -0.060198
21.18 -0.059817
21.19 -0.059393
21.2 -0.058982
21.21 -0.058645
21.22 -0.058432
21.23 -0.058376
21.24 -0.058493
21.25 -0.058781
21.26 -0.059229
21.27 -0.059822
21.28 -0.060542
21.29 -0.061368
21.3 -0.062282
21.31 -0.063277
21.32 -0.064355
21.33 -0.065514
21.34 -0.06674
21.35 -0.068014
21.36 -0.069311
21.37 -0.070608
21.38 -0.071882
21.39 -0.073113
21.4 -0.074286
21.41 -0.075392
21.42 -0.076429
21.43 -0.077397
21.44 -0.078302
21.45 -0.07916
21.46 -0.079989
21.47 -0.0808
21.48 -0.081597
21.49 -0.082373
21.5 -0.083121
21.51 -0.083826
21.52 -0.084467
21.53 -0.085018
21.54 -0.085459
21.55 -0.08578
21.56 -0.085989
21.57 -0.086109
21.58 -0.086171
21.59 -0.086214
21.6 -0.086285
21.61 -0.086438
21.62 -0.086739
21.63 -0.08726
21.64 -0.088072
21.65 -0.08924
21.66 -0.090818
21.67 -0.092846
21.68 -0.095343
21.69 -0.098294
21.7 -0.10164
21.71 -0.10528
21.72 -0.10909
21.73 -0.11293
21.74 -0.11668
21.75 -0.12025
21.76 -0.12354
21.77 -0.12652
21.78 -0.12917
21.79 -0.13151
21.8 -0.13361
21.81 -0.1355
21.82 -0.13723
21.83 -0.13882
21.84 -0.14029
21.85 -0.14163
21.86 -0.14287
21.87 -0.14399
21.88 -0.145
21.89 -0.14591
21.9 -0.14674
21.91 -0.14752
21.92 -0.14829
21.93 -0.14907
21.94 -0.1499
21.95 -0.15075
21.96 -0.15163
21.97 -0.1525
21.98 -0.15336
21.99 -0.15418
22 -0.15496
22.01 -0.15569
22.02 -0.15638
22.03 -0.15703
22.04 -0.15768
22.05 -0.15836
22.06 -0.15908
22.07 -0.15986
22.08 -0.16071
22.09 -0.16162
22.1 -0.16261
22.11 -0.16368
22.12 -0.1648
22.13 -0.16598
22.14 -0.1672
22.15 -0.16845
22.16 -0.16968
22.17 -0.17086
22.18 -0.17196
22.19 -0.17293
22.2 -0.17377
22.21 -0.17445
22.22 -0.175
22.23 -0.17544
22.24 -0.17582
22.25 -0.17618
22.26 -0.17655
22.27 -0.17698
22.28 -0.17749
22.29 -0.17808
22.3 -0.17877
22.31 -0.17954
22.32 -0.18037
22.33 -0.18123
22.34 -0.18208
22.35 -0.18291
22.36 -0.18371
22.37 -0.18447
22.38 -0.18522
22.39 -0.18595
22.4 -0.18669
22.41 -0.18745
22.42 -0.18827
22.43 -0.18917
22.44 -0.19018
22.45 -0.1913
22.46 -0.19251
22.47 -0.19376
22.48 -0.19498
22.49 -0.19613
22.5 -0.19718
22.51 -0.19813
22.52 -0.19899
22.53 -0.19979
22.54 -0.2005
22.55 -0.20114
22.56 -0.2017
22.57 -0.20215
22.58 -0.20248
22.59 -0.20264
22.6 -0.2026
22.61 -0.20234
22.62 -0.20183
22.63 -0.20109
22.64 -0.20013
22.65 -0.199
22.66 -0.19774
22.67 -0.19639
22.68 -0.19498
22.69 -0.19352
22.7 -0.19202
22.71 -0.19049
22.72 -0.18892
22.73 -0.18736
22.74 -0.18582
22.75 -0.18433
22.76 -0.1829
22.77 -0.18156
22.78 -0.18033
22.79 -0.17921
22.8 -0.17822
22.81 -0.17734
22.82 -0.17655
22.83 -0.17582
22.84 -0.17516
22.85 -0.17454
22.86 -0.17395
22.87 -0.17337
22.88 -0.17276
22.89 -0.17213
22.9 -0.17146
22.91 -0.17077
22.92 -0.17006
22.93 -0.16934
22.94 -0.16864
22.95 -0.16796
22.96 -0.16729
22.97 -0.16662
22.98 -0.16594
22.99 -0.16524
23 -0.16451
23.01 -0.16377
23.02 -0.16302
23.03 -0.16225
23.04 -0.16148
23.05 -0.16067
23.06 -0.15984
23.07 -0.15899
23.08 -0.15813
23.09 -0.15725
23.1 -0.15636
23.11 -0.15541
23.12 -0.1544
23.13 -0.15328
23.14 -0.15204
23.15 -0.15068
23.16 -0.14921
23.17 -0.14765
23.18 -0.14599
23.19 -0.14421
23.2 -0.1423
23.21 -0.14026
23.22 -0.13808
23.23 -0.13579
23.24 -0.13342
23.25 -0.13102
23.26 -0.12862
23.27 -0.12625
23.28 -0.12393
23.29 -0.12166
23.3 -0.11943
23.31 -0.11725
23.32 -0.11512
23.33 -0.11306
23.34 -0.11111
23.35 -0.1093
23.36 -0.10768
23.37 -0.10627
23.38 -0.10512
23.39 -0.10422
23.4 -0.10357
23.41 -0.10317
23.42 -0.10301
23.43 -0.10308
23.44 -0.10332
23.45 -0.1037
23.46 -0.10414
23.47 -0.10457
23.48 -0.10494
23.49 -0.10522
23.5 -0.10537
23.51 -0.10538
23.52 -0.10521
23.53 -0.10485
23.54 -0.10428
23.55 -0.10348
23.56 -0.10246
23.57 -0.10123
23.58 -0.099822
23.59 -0.098291
23.6 -0.096691
23.61 -0.095083
23.62 -0.093539
23.63 -0.09213
23.64 -0.090914
23.65 -0.089931
23.66 -0.089192
23.67 -0.088684
23.68 -0.088383
23.69 -0.088263
23.7 -0.088295
23.71 -0.088465
23.72 -0.088775
23.73 -0.089239
23.74 -0.089864
23.75 -0.090638
23.76 -0.091525
23.77 -0.092468
23.78 -0.093399
23.79 -0.094239
23.8 -0.094911
23.81 -0.095346
23.82 -0.095499
23.83 -0.095354
23.84 -0.094921
23.85 -0.094228
23.86 -0.093321
23.87 -0.092261
23.88 -0.091124
23.89 -0.089981
23.9 -0.088894
23.91 -0.087903
23.92 -0.087027
23.93 -0.086266
23.94 -0.08561
23.95 -0.085033
23.96 -0.084503
23.97 -0.083983
23.98 -0.083436
23.99 -0.082834
24 -0.082159
24.01 -0.081407
24.02 -0.080587
24.03 -0.079714
24.04 -0.078804
24.05 -0.077863
24.06 -0.076887
24.07 -0.075857
24.08 -0.074755
24.09 -0.073568
24.1 -0.072291
24.11 -0.07092
24.12 -0.069454
24.13 -0.067897
24.14 -0.066263
24.15 -0.064574
24.16 -0.062856
24.17 -0.06113
24.18 -0.059415
24.19 -0.057727
24.2 -0.056083
24.21 -0.054497
24.22 -0.052975
24.23 -0.051504
24.24 -0.050055
24.25 -0.04859
24.26 -0.047075
24.27 -0.045494
24.28 -0.043845
24.29 -0.042131
24.3 -0.040363
24.31 -0.038574
24.32 -0.036816
24.33 -0.03514
24.34 -0.033582
24.35 -0.032154
24.36 -0.030839
24.37 -0.029597
24.38 -0.028376
24.39 -0.02713
24.4 -0.025829
24.41 -0.02446
24.42 -0.023012
24.43 -0.021471
24.44 -0.019836
24.45 -0.018129
24.46 -0.016395
24.47 -0.014688
24.48 -0.013055
24.49 -0.011535
24.5 -0.010159
24.51 -0.008953
24.52 -0.0079267
24.53 -0.0070725
24.54 -0.0063681
24.55 -0.0057863
24.56 -0.0053015
24.57 -0.0048912
24.58 -0.0045347
24.59 -0.0042114
24.6 -0.0039022
24.61 -0.0035881
24.62 -0.0032499
24.63 -0.0028704
24.64 -0.0024402
24.65 -0.0019659
24.66 -0.0014742
24.67 -0.0010057
24.68 -0.00060516
24.69 -0.00031251
24.7 -0.00015467
24.71 -0.00014167
24.72 -0.00027348
24.73 -0.00054837
24.74 -0.00096232
24.75 -0.0015038
24.76 -0.0021503
24.77 -0.0028669
24.78 -0.0036086
24.79 -0.0043303
24.8 -0.0049993
24.81 -0.0056013
24.82 -0.0061398
24.83 -0.0066329
24.84 -0.0071088
24.85 -0.0075972
24.86 -0.0081196
24.87 -0.0086877
24.88 -0.0093143
24.89 -0.010027
24.9 -0.010867
24.91 -0.01187
24.92 -0.013047
24.93 -0.014389
24.94 -0.015875
24.95 -0.017487
24.96 -0.019205
24.97 -0.02101
24.98 -0.022878
24.99 -0.024789
25 -0.026723
25.01 -0.028657
25.02 -0.03057
25.03 -0.032455
25.04 -0.03432
25.05 -0.036183
25.06 -0.038051
25.07 -0.03993
25.08 -0.041826
25.09 -0.043746
25.1 -0.045689
25.11 -0.047642
25.12 -0.04957
25.13 -0.051417
25.14 -0.053111
25.15 -0.054595
25.16 -0.055847
25.17 -0.056892
25.18 -0.057799
25.19 -0.058675
25.2 -0.059642
25.21 -0.060812
25.22 -0.062257
25.23 -0.064007
25.24 -0.066045
25.25 -0.068322
25.26 -0.070766
25.27 -0.07329
25.28 -0.075803
25.29 -0.078227
25.3 -0.080494
25.31 -0.082548
25.32 -0.084342
25.33 -0.085851
25.34 -0.087066
25.35 -0.088001
25.36 -0.088676
25.37 -0.089121
25.38 -0.089373
25.39 -0.089476
25.4 -0.089477
25.41 -0.089424
25.42 -0.089362
25.43 -0.089326
25.44 -0.08935
25.45 -0.089463
25.46 -0.089695
25.47 -0.090077
25.48 -0.090634
25.49 -0.091378
25.5 -0.092305
25.51 -0.093391
25.52 -0.094598
25.53 -0.095882
25.54 -0.097203
25.55 -0.098524
25.56 -0.099815
25.57 -0.10104
25.58 -0.10219
25.59 -0.10323
25.6 -0.10417
25.61 -0.10502
25.62 -0.10577
25.63 -0.10644
25.64 -0.107
25.65 -0.10748
25.66 -0.10786
25.67 -0.10817
25.68 -0.10841
25.69 -0.10858
25.7 -0.10871
25.71 -0.1088
25.72 -0.10887
25.73 -0.10895
25.74 -0.1091
25.75 -0.10936
25.76 -0.10976
25.77 -0.11031
25.78 -0.11104
25.79 -0.11195
25.8 -0.11302
25.81 -0.11421
25.82 -0.11549
25.83 -0.11681
25.84 -0.11812
25.85 -0.11935
25.86 -0.12046
25.87 -0.12139
25.88 -0.12211
25.89 -0.12259
25.9 -0.12282
25.91 -0.12282
25.92 -0.1226
25.93 -0.12222
25.94 -0.12174
25.95 -0.12124
25.96 -0.12081
25.97 -0.12052
25.98 -0.12044
25.99 -0.12062
26 -0.12107
26.01 -0.12179
26.02 -0.12273
26.03 -0.12387
26.04 -0.12514
26.05 -0.12651
26.06 -0.1279
26.07 -0.12929
26.08 -0.13063
26.09 -0.13191
26.1 -0.13312
26.11 -0.13427
26.12 -0.13534
26.13 -0.13633
26.14 -0.13721
26.15 -0.13795
26.16 -0.13849
26.17 -0.13882
26.18 -0.13892
26.19 -0.1388
26.2 -0.1385
26.21 -0.13805
26.22 -0.1375
26.23 -0.13687
26.24 -0.13619
26.25 -0.13549
26.26 -0.13477
26.27 -0.13401
26.28 -0.13321
26.29 -0.13236
26.3 -0.13144
26.31 -0.13046
26.32 -0.12942
26.33 -0.12835
26.34 -0.12729
26.35 -0.12629
26.36 -0.12538
26.37 -0.12455
26.38 -0.12382
26.39 -0.12316
26.4 -0.12254
26.41 -0.12195
26.42 -0.12139
26.43 -0.12083
26.44 -0.12026
26.45 -0.11968
26.46 -0.11908
26.47 -0.11849
26.48 -0.11794
26.49 -0.11747
26.5 -0.11712
26.51 -0.1169
26.52 -0.1168
26.53 -0.11683
26.54 -0.11699
26.55 -0.11727
26.56 -0.11768
26.57 -0.11818
26.58 -0.11873
26.59 -0.1193
26.6 -0.11984
26.61 -0.12031
26.62 -0.12067
26.63 -0.1209
26.64 -0.12102
26.65 -0.12102
26.66 -0.12094
26.67 -0.1208
26.68 -0.12063
26.69 -0.12043
26.7 -0.12022
26.71 -0.11999
26.72 -0.11976
26.73 -0.1195
26.74 -0.11921
26.75 -0.11885
26.76 -0.1184
26.77 -0.11783
26.78 -0.11712
26.79 -0.11626
26.8 -0.11526
26.81 -0.11414
26.82 -0.11288
26.83 -0.11149
26.84 -0.10995
26.85 -0.10826
26.86 -0.10645
26.87 -0.10455
26.88 -0.10257
26.89 -0.10058
26.9 -0.098633
26.91 -0.096844
26.92 -0.095317
26.93 -0.094136
26.94 -0.093346
26.95 -0.092948
26.96 -0.092892
26.97 -0.093078
26.98 -0.093373
26.99 -0.093655
27 -0.093852
27.01 -0.09395
27.02 -0.093988
27.03 -0.094024
27.04 -0.094121
27.05 -0.094332
27.06 -0.094709
27.07 -0.095302
27.08 -0.096179
27.09 -0.097428
27.1 -0.09916
27.11 -0.10149
27.12 -0.10451
27.13 -0.10828
27.14 -0.11282
27.15 -0.11811
27.16 -0.12409
27.17 -0.13065
27.18 -0.1377
27.19 -0.1451
27.2 -0.15278
27.21 -0.16065
27.22 -0.1687
27.23 -0.17692
27.24 -0.18538
27.25 -0.19421
27.26 -0.20357
27.27 -0.21364
27.28 -0.22458
27.29 -0.23649
27.3 -0.2494
27.31 -0.2632
27.32 -0.27763
27.33 -0.29229
27.34 -0.30658
27.35 -0.31978
27.36 -0.33105
27.37 -0.33961
27.38 -0.34483
27.39 -0.34638
27.4 -0.34423
27.41 -0.33864
27.42 -0.33008
27.43 -0.3191
27.44 -0.3063
27.45 -0.29227
27.46 -0.2776
27.47 -0.26284
27.48 -0.2485
27.49 -0.23492
27.5 -0.2223
27.51 -0.21067
27.52 -0.19996
27.53 -0.19013
27.54 -0.1811
27.55 -0.17277
27.56 -0.16505
27.57 -0.15785
27.58 -0.15114
27.59 -0.14501
27.6 -0.13952
27.61 -0.13474
27.62 -0.13064
27.63 -0.12715
27.64 -0.12418
27.65 -0.12161
27.66 -0.11933
27.67 -0.11722
27.68 -0.1152
27.69 -0.11322
27.7 -0.11131
27.71 -0.10949
27.72 -0.10783
27.73 -0.10635
27.74 -0.10507
27.75 -0.10397
27.76 -0.10301
27.77 -0.10212
27.78 -0.10126
27.79 -0.10036
27.8 -0.099434
27.81 -0.098515
27.82 -0.097684
27.83 -0.097036
27.84 -0.096657
27.85 -0.096597
27.86 -0.096859
27.87 -0.0974
27.88 -0.098156
27.89 -0.099055
27.9 -0.10003
27.91 -0.10103
27.92 -0.102
27.93 -0.1029
27.94 -0.10371
27.95 -0.10444
27.96 -0.10508
27.97 -0.1056
27.98 -0.10598
27.99 -0.10617
28 -0.10609
28.01 -0.10571
28.02 -0.105
28.03 -0.104
28.04 -0.10275
28.05 -0.10133
28.06 -0.099824
28.07 -0.098275
28.08 -0.096727
28.09 -0.095208
28.1 -0.093745
28.11 -0.092363
28.12 -0.091089
28.13 -0.089941
28.14 -0.088915
28.15 -0.08799
28.16 -0.087126
28.17 -0.086274
28.18 -0.085395
28.19 -0.084459
28.2 -0.08344
28.21 -0.082321
28.22 -0.081093
28.23 -0.079756
28.24 -0.078316
28.25 -0.076781
28.26 -0.075163
28.27 -0.073475
28.28 -0.071744
28.29 -0.070014
28.3 -0.068345
28.31 -0.066808
28.32 -0.065456
28.33 -0.064312
28.34 -0.063358
28.35 -0.062547
28.36 -0.061823
28.37 -0.061144
28.38 -0.060481
28.39 -0.059811
28.4 -0.059119
28.41 -0.058392
28.42 -0.057637
28.43 -0.05688
28.44 -0.056154
28.45 -0.055478
28.46 -0.054856
28.47 -0.054278
28.48 -0.053732
28.49 -0.053207
28.5 -0.05269
28.51 -0.052162
28.52 -0.051601
28.53 -0.050984
28.54 -0.050304
28.55 -0.049565
28.56 -0.048777
28.57 -0.04795
28.58 -0.047089
28.59 -0.046189
28.6 -0.045233
28.61 -0.0442
28.62 -0.043071
28.63 -0.041831
28.64 -0.040471
28.65 -0.03899
28.66 -0.037385
28.67 -0.035654
28.68 -0.033802
28.69 -0.031854
28.7 -0.029853
28.71 -0.027852
28.72 -0.025898
28.73 -0.024031
28.74 -0.022287
28.75 -0.020703
28.76 -0.019314
28.77 -0.018155
28.78 -0.017263
28.79 -0.016664
28.8 -0.016372
28.81 -0.016383
28.82 -0.016683
28.83 -0.01725
28.84 -0.018047
28.85 -0.01903
28.86 -0.020139
28.87 -0.021309
28.88 -0.022486
28.89 -0.023635
28.9 -0.024756
28.91 -0.025881
28.92 -0.02706
28.93 -0.028347
28.94 -0.02979
28.95 -0.03142
28.96 -0.03325
28.97 -0.035268
28.98 -0.037427
28.99 -0.039658
29 -0.041889
29.01 -0.044071
29.02 -0.046177
29.03 -0.048198
29.04 -0.050134
29.05 -0.051986
29.06 -0.053762
29.07 -0.055476
29.08 -0.057142
29.09 -0.058785
29.1 -0.060444
29.11 -0.062148
29.12 -0.063905
29.13 -0.065698
29.14 -0.067495
29.15 -0.069259
29.16 -0.070958
29.17 -0.072566
29.18 -0.074067
29.19 -0.075447
29.2 -0.076696
29.21 -0.077801
29.22 -0.078742
29.23 -0.079489
29.24 -0.080007
29.25 -0.08028
29.26 -0.080321
29.27 -0.080176
29.28 -0.079908
29.29 -0.079565
29.3 -0.079165
29.31 -0.078693
29.32 -0.078114
29.33 -0.077395
29.34 -0.076512
29.35 -0.07546
29.36 -0.07426
29.37 -0.07296
29.38 -0.071625
29.39 -0.070325
29.4 -0.069118
29.41 -0.068029
29.42 -0.067056
29.43 -0.066172
29.44 -0.065344
29.45 -0.064544
29.46 -0.063749
29.47 -0.062951
29.48 -0.062149
29.49 -0.061358
29.5 -0.060605
29.51 -0.059935
29.52 -0.059394
29.53 -0.059021
29.54 -0.058839
29.55 -0.058858
29.56 -0.059069
29.57 -0.059447
29.58 -0.059947
29.59 -0.060507
29.6 -0.061052
29.61 -0.061516
29.62 -0.061845
29.63 -0.062018
29.64 -0.062044
29.65 -0.06196
29.66 -0.061831
29.67 -0.06174
29.68 -0.061773
29.69 -0.061995
29.7 -0.062442
29.71 -0.063123
29.72 -0.064018
29.73 -0.065092
29.74 -0.066305
29.75 -0.067616
29.76 -0.068987
29.77 -0.070379
29.78 -0.071755
29.79 -0.073075
29.8 -0.074317
29.81 -0.07547
29.82 -0.076535
29.83 -0.077517
29.84 -0.078427
29.85 -0.07928
29.86 -0.080091
29.87 -0.080869
29.88 -0.081617
29.89 -0.082324
29.9 -0.082978
29.91 -0.083564
29.92 -0.084076
29.93 -0.084517
29.94 -0.084894
29.95 -0.085219
29.96 -0.0855
29.97 -0.085742
29.98 -0.085945
29.99 -0.086104
30 -0.086218
30.01 -0.086289
30.02 -0.086315
30.03 -0.086288
30.04 -0.086195
30.05 -0.086026
30.06 -0.085775
30.07 -0.085442
30.08 -0.085036
30.09 -0.084576
30.1 -0.084086
30.11 -0.083595
30.12 -0.083131
30.13 -0.082708
30.14 -0.082337
30.15 -0.082032
30.16 -0.081811
30.17 -0.081686
30.18 -0.081655
30.19 -0.0817
30.2 -0.081798
30.21 -0.081928
30.22 -0.082071
30.23 -0.082205
30.24 -0.082315
30.25 -0.082387
30.26 -0.082416
30.27 -0.082403
30.28 -0.082363
30.29 -0.082316
30.3 -0.082287
30.31 -0.0823
30.32 -0.082371
30.33 -0.082506
30.34 -0.082699
30.35 -0.082935
30.36 -0.083188
30.37 -0.083436
30.38 -0.083664
30.39 -0.083864
30.4 -0.084031
30.41 -0.084161
30.42 -0.084255
30.43 -0.08432
30.44 -0.084373
30.45 -0.084431
30.46 -0.084508
30.47 -0.084606
30.48 -0.084719
30.49 -0.084839
30.5 -0.084954
30.51 -0.085059
30.52 -0.085151
30.53 -0.085234
30.54 -0.085318
30.55 -0.085421
30.56 -0.085563
30.57 -0.085762
30.58 -0.08602
30.59 -0.086324
30.6 -0.086655
30.61 -0.086996
30.62 -0.087329
30.63 -0.087639
30.64 -0.087911
30.65 -0.088133
30.66 -0.088302
30.67 -0.088417
30.68 -0.088476
30.69 -0.088479
30.7 -0.088428
30.71 -0.088329
30.72 -0.088193
30.73 -0.088036
30.74 -0.087872
30.75 -0.087718
30.76 -0.087589
30.77 -0.087502
30.78 -0.087468
30.79 -0.087493
30.8 -0.087572
30.81 -0.0877
30.82 -0.087869
30.83 -0.088071
30.84 -0.088296
30.85 -0.088526
30.86 -0.088743
30.87 -0.088928
30.88 -0.089078
30.89 -0.089199
30.9 -0.089296
30.91 -0.089373
30.92 -0.089425
30.93 -0.089453
30.94 -0.089469
30.95 -0.089485
30.96 -0.089516
30.97 -0.089569
30.98 -0.089649
30.99 -0.089755
31 -0.089886
31.01 -0.090035
31.02 -0.09019
31.03 -0.090333
31.04 -0.090441
31.05 -0.090498
31.06 -0.0905
31.07 -0.090455
31.08 -0.090374
31.09 -0.090269
31.1 -0.090144
31.11 -0.090001
31.12 -0.089837
31.13 -0.089647
31.14 -0.089428
31.15 -0.089179
31.16 -0.0889
31.17 -0.088596
31.18 -0.08828
31.19 -0.087961
31.2 -0.08765
31.21 -0.08735
31.22 -0.087065
31.23 -0.086793
31.24 -0.086534
31.25 -0.086282
31.26 -0.08603
31.27 -0.085778
31.28 -0.085535
31.29 -0.085317
31.3 -0.085136
31.31 -0.085005
31.32 -0.084931
31.33 -0.084915
31.34 -0.084949
31.35 -0.085022
31.36 -0.085119
31.37 -0.085227
31.38 -0.085337
31.39 -0.08544
31.4 -0.085526
31.41 -0.08559
31.42 -0.085626
31.43 -0.085631
31.44 -0.085605
31.45 -0.08555
31.46 -0.085467
31.47 -0.08536
31.48 -0.08524
31.49 -0.085114
31.5 -0.08499
31.51 -0.084866
31.52 -0.084739
31.53 -0.084606
31.54 -0.084465
31.55 -0.08432
31.56 -0.084173
31.57 -0.084028
31.58 -0.083889
31.59 -0.083766
31.6 -0.083665
31.61 -0.083588
31.62 -0.083538
31.63 -0.083511
31.64 -0.083507
31.65 -0.083523
31.66 -0.083558
31.67 -0.083607
31.68 -0.08367
31.69 -0.083749
31.7 -0.083853
31.71 -0.083987
31.72 -0.084153
31.73 -0.084354
31.74 -0.084588
31.75 -0.08485
31.76 -0.085126
31.77 -0.085401
31.78 -0.085653
31.79 -0.085865
31.8 -0.086028
31.81 -0.086142
31.82 -0.086215
31.83 -0.086259
31.84 -0.086284
31.85 -0.086304
31.86 -0.086335
31.87 -0.086394
31.88 -0.086495
31.89 -0.086645
31.9 -0.08684
31.91 -0.087064
31.92 -0.087298
31.93 -0.087527
31.94 -0.087741
31.95 -0.087931
31.96 -0.088084
31.97 -0.088194
31.98 -0.088259
31.99 -0.088282
32 -0.088267
32.01 -0.088212
32.02 -0.088115
32.03 -0.087978
32.04 -0.087816
32.05 -0.087651
32.06 -0.087503
32.07 -0.087377
32.08 -0.08727
32.09 -0.087172
32.1 -0.087075
32.11 -0.086977
32.12 -0.08689
32.13 -0.086831
32.14 -0.086816
32.15 -0.086851
32.16 -0.086932
32.17 -0.087044
32.18 -0.087162
32.19 -0.087264
32.2 -0.08734
32.21 -0.087386
32.22 -0.087404
32.23 -0.087394
32.24 -0.087358
32.25 -0.087294
32.26 -0.0872
32.27 -0.087075
32.28 -0.086919
32.29 -0.086734
32.3 -0.086526
32.31 -0.08631
32.32 -0.086114
32.33 -0.085964
32.34 -0.085879
32.35 -0.085872
32.36 -0.085944
32.37 -0.086086
32.38 -0.086286
32.39 -0.086524
32.4 -0.086782
32.41 -0.087047
32.42 -0.08731
32.43 -0.087564
32.44 -0.087798
32.45 -0.088009
32.46 -0.088195
32.47 -0.088358
32.48 -0.0885
32.49 -0.088616
32.5 -0.088701
32.51 -0.088748
32.52 -0.088753
32.53 -0.088715
32.54 -0.088631
32.55 -0.088499
32.56 -0.088319
32.57 -0.088103
32.58 -0.087861
32.59 -0.087598
32.6 -0.087314
32.61 -0.087003
32.62 -0.086657
32.63 -0.086275
32.64 -0.08586
32.65 -0.085424
32.66 -0.08498
32.67 -0.084544
32.68 -0.084136
32.69 -0.083773
32.7 -0.083475
32.71 -0.083258
32.72 -0.083133
32.73 -0.083099
32.74 -0.083143
32.75 -0.083247
32.76 -0.083392
32.77 -0.083555
32.78 -0.083715
32.79 -0.083848
32.8 -0.083936
32.81 -0.083969
32.82 -0.08395
32.83 -0.083889
32.84 -0.083798
32.85 -0.083687
32.86 -0.083568
32.87 -0.083451
32.88 -0.083335
32.89 -0.083216
32.9 -0.083093
32.91 -0.082976
32.92 -0.082882
32.93 -0.082835
32.94 -0.082854
32.95 -0.082952
32.96 -0.083127
32.97 -0.083376
32.98 -0.083685
32.99 -0.084033
33 -0.084391
33.01 -0.084725
33.02 -0.085001
33.03 -0.085196
33.04 -0.0853
33.05 -0.085316
33.06 -0.085262
33.07 -0.08517
33.08 -0.085075
33.09 -0.085014
33.1 -0.085006
33.11 -0.085058
33.12 -0.085173
33.13 -0.085356
33.14 -0.085608
33.15 -0.085924
33.16 -0.086281
33.17 -0.086649
33.18 -0.086995
33.19 -0.087295
33.2 -0.087538
33.21 -0.08773
33.22 -0.087887
33.23 -0.088028
33.24 -0.088162
33.25 -0.08829
33.26 -0.088409
33.27 -0.088516
33.28 -0.088613
33.29 -0.088703
33.3 -0.088787
33.31 -0.088863
33.32 -0.088927
33.33 -0.088977
33.34 -0.089011
33.35 -0.089036
33.36 -0.089066
33.37 -0.089118
33.38 -0.089204
33.39 -0.089332
33.4 -0.089495
33.41 -0.089676
33.42 -0.089854
33.43 -0.090011
33.44 -0.090144
33.45 -0.090255
33.46 -0.090356
33.47 -0.090461
33.48 -0.09058
33.49 -0.090715
33.5 -0.090867
33.51 -0.091026
33.52 -0.091188
33.53 -0.091346
33.54 -0.091498
33.55 -0.091637
33.56 -0.091756
33.57 -0.091853
33.58 -0.09193
33.59 -0.091989
33.6 -0.092035
33.61 -0.092073
33.62 -0.092109
33.63 -0.092149
33.64 -0.092196
33.65 -0.092248
33.66 -0.092304
33.67 -0.092368
33.68 -0.092443
33.69 -0.09253
33.7 -0.092626
33.71 -0.09273
33.72 -0.092843
33.73 -0.092964
33.74 -0.093079
33.75 -0.093175
33.76 -0.093237
33.77 -0.093261
33.78 -0.093241
33.79 -0.093174
33.8 -0.09306
33.81 -0.092903
33.82 -0.092714
33.83 -0.092507
33.84 -0.092286
33.85 -0.092057
33.86 -0.091824
33.87 -0.091598
33.88 -0.091396
33.89 -0.091233
33.9 -0.091115
33.91 -0.091037
33.92 -0.090988
33.93 -0.09095
33.94 -0.090909
33.95 -0.090852
33.96 -0.090774
33.97 -0.090674
33.98 -0.090558
33.99 -0.090435
34 -0.090306
34.01 -0.090169
34.02 -0.090012
34.03 -0.089828
34.04 -0.089618
34.05 -0.089392
34.06 -0.089161
34.07 -0.088933
34.08 -0.088713
34.09 -0.088514
34.1 -0.088348
34.11 -0.088228
34.12 -0.08816
34.13 -0.088148
34.14 -0.088187
34.15 -0.088268
34.16 -0.08838
34.17 -0.088514
34.18 -0.088664
34.19 -0.088828
34.2 -0.089003
34.21 -0.089184
34.22 -0.089367
34.23 -0.089547
34.24 -0.089718
34.25 -0.089875
34.26 -0.090016
34.27 -0.090136
34.28 -0.090231
34.29 -0.090295
34.3 -0.09032
34.31 -0.090303
34.32 -0.090249
34.33 -0.090169
34.34 -0.090076
34.35 -0.08998
34.36 -0.089885
34.37 -0.089796
34.38 -0.089719
34.39 -0.08966
34.4 -0.089626
34.41 -0.089622
34.42 -0.089653
34.43 -0.089719
34.44 -0.089818
34.45 -0.089937
34.46 -0.090059
34.47 -0.09017
34.48 -0.090263
34.49 -0.090334
34.5 -0.090382
34.51 -0.090405
34.52 -0.090405
34.53 -0.090387
34.54 -0.090357
34.55 -0.090323
34.56 -0.090294
34.57 -0.090281
34.58 -0.090291
34.59 -0.090328
34.6 -0.09039
34.61 -0.090471
34.62 -0.09056
34.63 -0.090645
34.64 -0.090707
34.65 -0.090728
34.66 -0.090695
34.67 -0.090599
34.68 -0.090443
34.69 -0.090236
34.7 -0.089999
34.71 -0.089757
34.72 -0.089527
34.73 -0.08932
34.74 -0.08914
34.75 -0.088985
34.76 -0.088852
34.77 -0.088733
34.78 -0.088622
34.79 -0.088511
34.8 -0.08839
34.81 -0.088249
34.82 -0.088085
34.83 -0.087902
34.84 -0.087708
34.85 -0.087515
34.86 -0.08734
34.87 -0.087204
34.88 -0.087124
34.89 -0.087108
34.9 -0.087148
34.91 -0.087226
34.92 -0.08732
34.93 -0.087412
34.94 -0.087484
34.95 -0.087533
34.96 -0.087559
34.97 -0.087559
34.98 -0.087531
34.99 -0.087473
35 -0.087385
35.01 -0.087273
35.02 -0.087145
35.03 -0.087008
35.04 -0.086871
35.05 -0.086739
35.06 -0.08662
35.07 -0.086516
35.08 -0.086429
35.09 -0.08636
35.1 -0.086313
35.11 -0.086292
35.12 -0.0863
35.13 -0.086328
35.14 -0.086362
35.15 -0.086382
35.16 -0.086366
35.17 -0.086297
35.18 -0.086169
35.19 -0.085988
35.2 -0.085766
35.21 -0.085522
35.22 -0.085279
35.23 -0.085053
35.24 -0.084855
35.25 -0.084698
35.26 -0.084597
35.27 -0.084563
35.28 -0.0846
35.29 -0.084703
35.3 -0.084863
35.31 -0.085067
35.32 -0.0853
35.33 -0.085546
35.34 -0.085794
35.35 -0.086043
35.36 -0.086294
35.37 -0.086544
35.38 -0.086785
35.39 -0.087012
35.4 -0.087225
35.41 -0.087428
35.42 -0.087632
35.43 -0.087848
35.44 -0.088084
35.45 -0.088339
35.46 -0.088612
35.47 -0.088901
35.48 -0.089201
35.49 -0.089508
35.5 -0.089813
35.51 -0.090106
35.52 -0.09038
35.53 -0.090628
35.54 -0.090845
35.55 -0.091033
35.56 -0.091189
35.57 -0.091309
35.58 -0.091389
35.59 -0.091429
35.6 -0.091425
35.61 -0.09138
35.62 -0.091295
35.63 -0.091175
35.64 -0.091023
35.65 -0.090843
35.66 -0.090637
35.67 -0.090415
35.68 -0.09019
35.69 -0.089983
35.7 -0.089818
35.71 -0.089715
35.72 -0.089676
35.73 -0.089689
35.74 -0.089735
35.75 -0.089795
35.76 -0.089852
35.77 -0.089899
35.78 -0.089934
35.79 -0.089953
35.8 -0.089949
35.81 -0.089916
35.82 -0.089851
35.83 -0.089761
35.84 -0.089656
35.85 -0.089549
35.86 -0.08945
35.87 -0.089366
35.88 -0.089299
35.89 -0.089249
35.9 -0.089218
35.91 -0.089199
35.92 -0.089182
35.93 -0.089152
35.94 -0.089093
35.95 -0.088993
35.96 -0.08885
35.97 -0.088668
35.98 -0.088456
35.99 -0.08822
36 -0.087974
36.01 -0.087738
36.02 -0.087533
36.03 -0.087376
36.04 -0.087281
36.05 -0.087251
36.06 -0.087283
36.07 -0.087365
36.08 -0.08748
36.09 -0.087618
36.1 -0.08777
36.11 -0.087921
36.12 -0.088049
36.13 -0.088138
36.14 -0.088181
36.15 -0.088179
36.16 -0.088142
36.17 -0.088081
36.18 -0.088005
