0 -0.26233
0.01 -0.27789
0.02 -0.29396
0.03 -0.31056
0.04 -0.32777
0.05 -0.34566
0.06 -0.36429
0.07 -0.38375
0.08 -0.40409
0.09 -0.42535
0.1 -0.44752
0.11 -0.4706
0.12 -0.49456
0.13 -0.51939
0.14 -0.54507
0.15 -0.5716
0.16 -0.59895
0.17 -0.62707
0.18 -0.65591
0.19 -0.68543
0.2 -0.71557
0.21 -0.74633
0.22 -0.77768
0.23 -0.80961
0.24 -0.84212
0.25 -0.87521
0.26 -0.90888
0.27 -0.94313
0.28 -0.97797
0.29 -1.0134
0.3 -1.0495
0.31 -1.0863
0.32 -1.1238
0.33 -1.1622
0.34 -1.2015
0.35 -1.2419
0.36 -1.2834
0.37 -1.3261
0.38 -1.3699
0.39 -1.4149
0.4 -1.4608
0.41 -1.5076
0.42 -1.5551
0.43 -1.603
0.44 -1.6512
0.45 -1.6996
0.46 -1.7479
0.47 -1.796
0.48 -1.8438
0.49 -1.8914
0.5 -1.9385
0.51 -1.9852
0.52 -2.0313
0.53 -2.0767
0.54 -2.1213
0.55 -2.1649
0.56 -2.2072
0.57 -2.2483
0.58 -2.2879
0.59 -2.326
0.6 -2.3623
0.61 -2.3966
0.62 -2.4288
0.63 -2.4586
0.64 -2.4858
0.65 -2.5103
0.66 -2.5318
0.67 -2.5503
0.68 -2.5657
0.69 -2.5779
0.7 -2.5871
0.71 -2.5931
0.72 -2.5962
0.73 -2.5966
0.74 -2.5944
0.75 -2.5898
0.76 -2.5831
0.77 -2.5746
0.78 -2.5643
0.79 -2.5526
0.8 -2.5397
0.81 -2.5256
0.82 -2.5106
0.83 -2.4945
0.84 -2.4775
0.85 -2.4594
0.86 -2.44
0.87 -2.4192
0.88 -2.3965
0.89 -2.3716
0.9 -2.344
0.91 -2.3133
0.92 -2.279
0.93 -2.2406
0.94 -2.1975
0.95 -2.1496
0.96 -2.0964
0.97 -2.0379
0.98 -1.9741
0.99 -1.9056
1 -1.8329
1.01 -1.7569
1.02 -1.6789
1.03 -1.6001
1.04 -1.5216
1.05 -1.4446
1.06 -1.3698
1.07 -1.2981
1.08 -1.2298
1.09 -1.1654
1.1 -1.1051
1.11 -1.0488
1.12 -0.99677
1.13 -0.94871
1.14 -0.90453
1.15 -0.86402
1.16 -0.82695
1.17 -0.79308
1.18 -0.76209
1.19 -0.73367
1.2 -0.70753
1.21 -0.68345
1.22 -0.66124
1.23 -0.64077
1.24 -0.62188
1.25 -0.60443
1.26 -0.58831
1.27 -0.57337
1.28 -0.55949
1.29 -0.54654
1.3 -0.5344
1.31 -0.52294
1.32 -0.5121
1.33 -0.5018
1.34 -0.49202
1.35 -0.48276
1.36 -0.474
1.37 -0.46576
1.38 -0.45802
1.39 -0.45075
1.4 -0.4439
1.41 -0.4374
1.42 -0.43115
1.43 -0.42507
1.44 -0.41904
1.45 -0.41296
1.46 -0.40677
1.47 -0.40042
1.48 -0.39391
1.49 -0.38727
1.5 -0.38059
1.51 -0.37397
1.52 -0.36754
1.53 -0.3614
1.54 -0.35566
1.55 -0.35034
1.56 -0.3454
1.57 -0.34073
1.58 -0.33612
1.59 -0.33133
1.6 -0.32613
1.61 -0.32033
1.62 -0.31384
1.63 -0.30667
1.64 -0.29895
1.65 -0.29083
1.66 -0.28251
1.67 -0.27415
1.68 -0.26589
1.69 -0.2579
1.7 -0.2503
1.71 -0.24326
1.72 -0.2369
1.73 -0.23138
1.74 -0.22679
1.75 -0.22323
1.76 -0.22075
1.77 -0.21941
1.78 -0.21923
1.79 -0.2202
1.8 -0.22226
1.81 -0.22531
1.82 -0.22919
1.83 -0.23376
1.84 -0.23884
1.85 -0.24434
1.86 -0.25017
1.87 -0.2563
1.88 -0.26269
1.89 -0.2693
1.9 -0.27607
1.91 -0.28292
1.92 -0.28978
1.93 -0.29654
1.94 -0.30313
1.95 -0.30948
1.96 -0.31556
1.97 -0.32132
1.98 -0.32675
1.99 -0.33186
2 -0.33667
2.01 -0.3412
2.02 -0.34548
2.03 -0.34955
2.04 -0.35347
2.05 -0.35724
2.06 -0.36085
2.07 -0.36425
2.08 -0.36739
2.09 -0.37019
2.1 -0.37261
2.11 -0.37464
2.12 -0.37629
2.13 -0.37757
2.14 -0.37847
2.15 -0.37897
2.16 -0.37902
2.17 -0.37862
2.18 -0.37775
2.19 -0.37644
2.2 -0.37473
2.21 -0.37268
2.22 -0.37035
2.23 -0.36786
2.24 -0.36529
2.25 -0.36276
2.26 -0.3603
2.27 -0.35797
2.28 -0.35577
2.29 -0.35366
2.3 -0.3516
2.31 -0.34956
2.32 -0.34747
2.33 -0.34528
2.34 -0.34296
2.35 -0.3405
2.36 -0.33792
2.37 -0.33525
2.38 -0.33254
2.39 -0.32986
2.4 -0.32728
2.41 -0.32486
2.42 -0.32267
2.43 -0.32074
2.44 -0.31912
2.45 -0.31783
2.46 -0.31686
2.47 -0.31617
2.48 -0.3157
2.49 -0.31533
2.5 -0.31493
2.51 -0.31437
2.52 -0.31354
2.53 -0.31236
2.54 -0.31078
2.55 -0.3088
2.56 -0.30647
2.57 -0.30387
2.58 -0.30112
2.59 -0.29832
2.6 -0.29555
2.61 -0.2929
2.62 -0.29044
2.63 -0.28825
2.64 -0.2864
2.65 -0.28491
2.66 -0.28381
2.67 -0.28306
2.68 -0.2826
2.69 -0.28236
2.7 -0.28226
2.71 -0.28221
2.72 -0.28213
2.73 -0.28197
2.74 -0.28173
2.75 -0.28143
2.76 -0.28113
2.77 -0.28089
2.78 -0.28077
2.79 -0.28077
2.8 -0.2809
2.81 -0.28113
2.82 -0.28145
2.83 -0.28186
2.84 -0.28235
2.85 -0.28295
2.86 -0.28364
2.87 -0.28442
2.88 -0.28525
2.89 -0.28608
2.9 -0.28689
2.91 -0.28766
2.92 -0.28844
2.93 -0.28929
2.94 -0.29027
2.95 -0.29145
2.96 -0.29284
2.97 -0.29443
2.98 -0.29617
2.99 -0.29797
3 -0.29975
3.01 -0.30143
3.02 -0.30299
3.03 -0.30445
3.04 -0.30586
3.05 -0.30731
3.06 -0.30889
3.07 -0.31071
3.08 -0.31283
3.09 -0.3153
3.1 -0.31811
3.11 -0.3212
3.12 -0.3245
3.13 -0.32789
3.14 -0.33126
3.15 -0.33452
3.16 -0.33761
3.17 -0.34054
3.18 -0.34332
3.19 -0.34596
3.2 -0.34846
3.21 -0.3508
3.22 -0.35295
3.23 -0.35488
3.24 -0.35661
3.25 -0.35816
3.26 -0.35958
3.27 -0.36094
3.28 -0.3623
3.29 -0.36367
3.3 -0.36504
3.31 -0.36636
3.32 -0.36754
3.33 -0.36849
3.34 -0.36914
3.35 -0.36943
3.36 -0.36933
3.37 -0.36888
3.38 -0.36812
3.39 -0.36713
3.4 -0.36604
3.41 -0.36495
3.42 -0.36399
3.43 -0.36329
3.44 -0.36293
3.45 -0.36299
3.46 -0.36349
3.47 -0.36443
3.48 -0.36572
3.49 -0.36727
3.5 -0.36896
3.51 -0.37066
3.52 -0.37226
3.53 -0.37368
3.54 -0.37486
3.55 -0.37579
3.56 -0.37645
3.57 -0.37686
3.58 -0.37701
3.59 -0.37685
3.6 -0.3763
3.61 -0.37529
3.62 -0.37374
3.63 -0.3716
3.64 -0.36884
3.65 -0.36549
3.66 -0.36158
3.67 -0.35717
3.68 -0.35232
3.69 -0.34709
3.7 -0.3415
3.71 -0.33556
3.72 -0.32927
3.73 -0.32258
3.74 -0.31545
3.75 -0.30789
3.76 -0.29996
3.77 -0.29178
3.78 -0.28358
3.79 -0.27562
3.8 -0.2682
3.81 -0.2616
3.82 -0.25614
3.83 -0.25208
3.84 -0.24968
3.85 -0.24912
3.86 -0.25051
3.87 -0.25389
3.88 -0.2592
3.89 -0.26633
3.9 -0.27511
3.91 -0.28533
3.92 -0.29676
3.93 -0.30918
3.94 -0.32237
3.95 -0.33616
3.96 -0.35039
3.97 -0.36493
3.98 -0.3797
3.99 -0.39462
4 -0.40962
4.01 -0.42463
4.02 -0.43958
4.03 -0.45439
4.04 -0.46901
4.05 -0.48341
4.06 -0.49761
4.07 -0.5117
4.08 -0.52579
4.09 -0.54003
4.1 -0.55456
4.11 -0.56953
4.12 -0.58507
4.13 -0.60126
4.14 -0.61821
4.15 -0.636
4.16 -0.65473
4.17 -0.6745
4.18 -0.69541
4.19 -0.71759
4.2 -0.7412
4.21 -0.7664
4.22 -0.79337
4.23 -0.82227
4.24 -0.85328
4.25 -0.88654
4.26 -0.92218
4.27 -0.96033
4.28 -1.0011
4.29 -1.0446
4.3 -1.0908
4.31 -1.1397
4.32 -1.1912
4.33 -1.2451
4.34 -1.3012
4.35 -1.3594
4.36 -1.4193
4.37 -1.4808
4.38 -1.5436
4.39 -1.6075
4.4 -1.672
4.41 -1.7368
4.42 -1.8017
4.43 -1.866
4.44 -1.9293
4.45 -1.9913
4.46 -2.0513
4.47 -2.1089
4.48 -2.1638
4.49 -2.2155
4.5 -2.2638
4.51 -2.3085
4.52 -2.3495
4.53 -2.3868
4.54 -2.4205
4.55 -2.4506
4.56 -2.4773
4.57 -2.5007
4.58 -2.5212
4.59 -2.539
4.6 -2.5542
4.61 -2.5672
4.62 -2.578
4.63 -2.587
4.64 -2.5942
4.65 -2.5997
4.66 -2.6036
4.67 -2.606
4.68 -2.6069
4.69 -2.6065
4.7 -2.6047
4.71 -2.6015
4.72 -2.5969
4.73 -2.5908
4.74 -2.5833
4.75 -2.5742
4.76 -2.5635
4.77 -2.5513
4.78 -2.5374
4.79 -2.522
4.8 -2.5048
4.81 -2.486
4.82 -2.4653
4.83 -2.4426
4.84 -2.4177
4.85 -2.3906
4.86 -2.361
4.87 -2.3288
4.88 -2.2938
4.89 -2.2556
4.9 -2.2142
4.91 -2.1692
4.92 -2.1205
4.93 -2.0677
4.94 -2.0108
4.95 -1.9494
4.96 -1.8836
4.97 -1.8134
4.98 -1.7393
4.99 -1.6619
5 -1.5824
5.01 -1.5019
5.02 -1.4218
5.03 -1.3436
5.04 -1.2683
5.05 -1.1971
5.06 -1.1307
5.07 -1.0694
5.08 -1.0137
5.09 -0.96342
5.1 -0.91844
5.11 -0.87845
5.12 -0.84303
5.13 -0.81173
5.14 -0.78407
5.15 -0.75958
5.16 -0.73781
5.17 -0.71835
5.18 -0.70086
5.19 -0.68504
5.2 -0.67063
5.21 -0.65744
5.22 -0.6453
5.23 -0.63403
5.24 -0.62352
5.25 -0.61365
5.26 -0.60433
5.27 -0.59548
5.28 -0.58705
5.29 -0.57898
5.3 -0.57121
5.31 -0.56368
5.32 -0.55631
5.33 -0.54904
5.34 -0.54181
5.35 -0.5346
5.36 -0.52741
5.37 -0.52026
5.38 -0.51319
5.39 -0.50625
5.4 -0.49943
5.41 -0.49274
5.42 -0.48614
5.43 -0.47953
5.44 -0.47284
5.45 -0.46596
5.46 -0.45883
5.47 -0.45141
5.48 -0.44375
5.49 -0.43591
5.5 -0.42805
5.51 -0.42032
5.52 -0.41296
5.53 -0.40616
5.54 -0.40016
5.55 -0.39514
5.56 -0.39122
5.57 -0.38843
5.58 -0.38671
5.59 -0.38589
5.6 -0.38569
5.61 -0.38578
5.62 -0.38577
5.63 -0.38528
5.64 -0.38402
5.65 -0.38183
5.66 -0.37867
5.67 -0.37468
5.68 -0.37009
5.69 -0.36517
5.7 -0.36022
5.71 -0.35551
5.72 -0.35128
5.73 -0.34767
5.74 -0.34479
5.75 -0.34264
5.76 -0.34117
5.77 -0.34029
5.78 -0.33987
5.79 -0.33979
5.8 -0.33992
5.81 -0.34016
5.82 -0.34039
5.83 -0.34056
5.84 -0.34059
5.85 -0.34046
5.86 -0.34015
5.87 -0.33969
5.88 -0.33914
5.89 -0.33858
5.9 -0.33813
5.91 -0.33788
5.92 -0.33791
5.93 -0.3383
5.94 -0.33908
5.95 -0.34027
5.96 -0.34188
5.97 -0.34388
5.98 -0.34623
5.99 -0.3489
6 -0.35182
6.01 -0.35494
6.02 -0.3582
6.03 -0.3615
6.04 -0.3648
6.05 -0.36801
6.06 -0.37109
6.07 -0.37399
6.08 -0.37666
6.09 -0.37906
6.1 -0.38117
6.11 -0.38298
6.12 -0.38453
6.13 -0.38588
6.14 -0.38712
6.15 -0.38835
6.16 -0.38962
6.17 -0.39098
6.18 -0.39242
6.19 -0.39388
6.2 -0.39527
6.21 -0.39647
6.22 -0.39734
6.23 -0.39775
6.24 -0.39759
6.25 -0.39679
6.26 -0.39531
6.27 -0.39313
6.28 -0.39029
6.29 -0.38684
6.3 -0.38286
6.31 -0.37847
6.32 -0.3738
6.33 -0.36895
6.34 -0.36402
6.35 -0.35905
6.36 -0.35408
6.37 -0.34911
6.38 -0.34415
6.39 -0.33919
6.4 -0.33423
6.41 -0.32926
6.42 -0.32426
6.43 -0.3192
6.44 -0.31406
6.45 -0.3088
6.46 -0.3034
6.47 -0.29784
6.48 -0.29214
6.49 -0.28634
6.5 -0.28046
6.51 -0.27457
6.52 -0.26868
6.53 -0.26281
6.54 -0.25696
6.55 -0.25113
6.56 -0.24534
6.57 -0.2396
6.58 -0.23395
6.59 -0.22843
6.6 -0.22312
6.61 -0.21807
6.62 -0.21336
6.63 -0.20903
6.64 -0.20511
6.65 -0.2016
6.66 -0.1985
6.67 -0.19579
6.68 -0.19348
6.69 -0.19156
6.7 -0.19002
6.71 -0.18884
6.72 -0.18794
6.73 -0.18726
6.74 -0.18671
6.75 -0.18618
6.76 -0.18559
6.77 -0.18487
6.78 -0.184
6.79 -0.18296
6.8 -0.18173
6.81 -0.18033
6.82 -0.17872
6.83 -0.17691
6.84 -0.17489
6.85 -0.17267
6.86 -0.17029
6.87 -0.16782
6.88 -0.16534
6.89 -0.16297
6.9 -0.16083
6.91 -0.159
6.92 -0.15752
6.93 -0.15638
6.94 -0.15555
6.95 -0.15499
6.96 -0.15467
6.97 -0.15454
6.98 -0.1546
6.99 -0.15485
7 -0.15531
7.01 -0.15604
7.02 -0.15707
7.03 -0.15849
7.04 -0.16034
7.05 -0.16271
7.06 -0.16562
7.07 -0.16909
7.08 -0.17307
7.09 -0.17751
7.1 -0.18233
7.11 -0.18749
7.12 -0.19299
7.13 -0.19884
7.14 -0.20509
7.15 -0.21175
7.16 -0.2188
7.17 -0.22619
7.18 -0.23381
7.19 -0.24153
7.2 -0.24925
7.21 -0.25686
7.22 -0.26432
7.23 -0.27157
7.24 -0.2786
7.25 -0.2854
7.26 -0.292
7.27 -0.29844
7.28 -0.30478
7.29 -0.31112
7.3 -0.31754
7.31 -0.32411
7.32 -0.33088
7.33 -0.33785
7.34 -0.34498
7.35 -0.35217
7.36 -0.35928
7.37 -0.36615
7.38 -0.37265
7.39 -0.37867
7.4 -0.38414
7.41 -0.38901
7.42 -0.39328
7.43 -0.39694
7.44 -0.40005
7.45 -0.40265
7.46 -0.40485
7.47 -0.40676
7.48 -0.40851
7.49 -0.41025
7.5 -0.41208
7.51 -0.41407
7.52 -0.41628
7.53 -0.41868
7.54 -0.42124
7.55 -0.42387
7.56 -0.42651
7.57 -0.4291
7.58 -0.43159
7.59 -0.43394
7.6 -0.43615
7.61 -0.43818
7.62 -0.44002
7.63 -0.44166
7.64 -0.44307
7.65 -0.44424
7.66 -0.44515
7.67 -0.44581
7.68 -0.44621
7.69 -0.44636
7.7 -0.44625
7.71 -0.44592
7.72 -0.44537
7.73 -0.44463
7.74 -0.44375
7.75 -0.44278
7.76 -0.44176
7.77 -0.44076
7.78 -0.43982
7.79 -0.43897
7.8 -0.43821
7.81 -0.43752
7.82 -0.43687
7.83 -0.43621
7.84 -0.43553
7.85 -0.43478
7.86 -0.43393
7.87 -0.43295
7.88 -0.43181
7.89 -0.43049
7.9 -0.42899
7.91 -0.42733
7.92 -0.42554
7.93 -0.42369
7.94 -0.42181
7.95 -0.41997
7.96 -0.41822
7.97 -0.41659
7.98 -0.41512
7.99 -0.41381
8 -0.41266
8.01 -0.41166
8.02 -0.41077
8.03 -0.40995
8.04 -0.40914
8.05 -0.4083
8.06 -0.40737
8.07 -0.40634
8.08 -0.40522
8.09 -0.404
8.1 -0.40272
8.11 -0.40141
8.12 -0.40009
8.13 -0.39876
8.14 -0.39744
8.15 -0.39613
8.16 -0.39485
8.17 -0.39358
8.18 -0.39234
8.19 -0.39113
8.2 -0.38996
8.21 -0.38884
8.22 -0.38779
8.23 -0.38684
8.24 -0.38599
8.25 -0.38524
8.26 -0.38458
8.27 -0.38398
8.28 -0.38342
8.29 -0.38285
8.3 -0.38224
8.31 -0.38156
8.32 -0.38078
8.33 -0.37989
8.34 -0.3789
8.35 -0.37784
8.36 -0.37675
8.37 -0.37567
8.38 -0.37466
8.39 -0.37378
8.4 -0.37306
8.41 -0.37252
8.42 -0.37216
8.43 -0.37196
8.44 -0.3719
8.45 -0.37194
8.46 -0.37206
8.47 -0.37222
8.48 -0.37241
8.49 -0.37261
8.5 -0.37281
8.51 -0.373
8.52 -0.37317
8.53 -0.3733
8.54 -0.37337
8.55 -0.37338
8.56 -0.37333
8.57 -0.3732
8.58 -0.37301
8.59 -0.37276
8.6 -0.37247
8.61 -0.37215
8.62 -0.37181
8.63 -0.37148
8.64 -0.37116
8.65 -0.37086
8.66 -0.37058
8.67 -0.3703
8.68 -0.37001
8.69 -0.36969
8.7 -0.36934
8.71 -0.36896
8.72 -0.36857
8.73 -0.36819
8.74 -0.36783
8.75 -0.36749
8.76 -0.36719
8.77 -0.36692
8.78 -0.36668
8.79 -0.36647
8.8 -0.36628
8.81 -0.36613
8.82 -0.36601
8.83 -0.36593
8.84 -0.3659
8.85 -0.3659
8.86 -0.36593
8.87 -0.36598
8.88 -0.36603
8.89 -0.3661
8.9 -0.36619
8.91 -0.36632
8.92 -0.3665
8.93 -0.36675
8.94 -0.36711
8.95 -0.36759
8.96 -0.36821
8.97 -0.36898
8.98 -0.3699
8.99 -0.37093
9 -0.37202
9.01 -0.37311
9.02 -0.37408
9.03 -0.37485
9.04 -0.37532
9.05 -0.37541
9.06 -0.37506
9.07 -0.37422
9.08 -0.37287
9.09 -0.37099
9.1 -0.36861
9.11 -0.36576
9.12 -0.36248
9.13 -0.35885
9.14 -0.35496
9.15 -0.35085
9.16 -0.34657
9.17 -0.34213
9.18 -0.33754
9.19 -0.33283
9.2 -0.32802
9.21 -0.32317
9.22 -0.31835
9.23 -0.31363
9.24 -0.30909
9.25 -0.30484
9.26 -0.30096
9.27 -0.29751
9.28 -0.29453
9.29 -0.29202
9.3 -0.29
9.31 -0.28847
9.32 -0.2874
9.33 -0.28675
9.34 -0.28648
9.35 -0.28652
9.36 -0.28679
9.37 -0.28725
9.38 -0.28784
9.39 -0.28851
9.4 -0.28923
9.41 -0.28999
9.42 -0.29075
9.43 -0.29149
9.44 -0.29221
9.45 -0.2929
9.46 -0.29354
9.47 -0.29414
9.48 -0.29471
9.49 -0.29527
9.5 -0.29583
9.51 -0.2964
9.52 -0.297
9.53 -0.29763
9.54 -0.29828
9.55 -0.29896
9.56 -0.29964
9.57 -0.30032
9.58 -0.30099
9.59 -0.30162
9.6 -0.3022
9.61 -0.30269
9.62 -0.30309
9.63 -0.30339
9.64 -0.30358
9.65 -0.30369
9.66 -0.30374
9.67 -0.30378
9.68 -0.30382
9.69 -0.30393
9.7 -0.30412
9.71 -0.30445
9.72 -0.30496
9.73 -0.30569
9.74 -0.30669
9.75 -0.30802
9.76 -0.30969
9.77 -0.31172
9.78 -0.31407
9.79 -0.31669
9.8 -0.31954
9.81 -0.32251
9.82 -0.32555
9.83 -0.32857
9.84 -0.33152
9.85 -0.33435
9.86 -0.33703
9.87 -0.33953
9.88 -0.34179
9.89 -0.34375
9.9 -0.34537
9.91 -0.3466
9.92 -0.34745
9.93 -0.34794
9.94 -0.34811
9.95 -0.348
9.96 -0.34764
9.97 -0.34706
9.98 -0.34626
9.99 -0.34525
10 -0.34403
10.01 -0.3426
10.02 -0.34096
10.03 -0.33912
10.04 -0.33711
10.05 -0.33497
10.06 -0.33277
10.07 -0.33057
10.08 -0.32844
10.09 -0.32644
10.1 -0.32465
10.11 -0.32309
10.12 -0.32177
10.13 -0.32068
10.14 -0.3198
10.15 -0.31908
10.16 -0.31849
10.17 -0.31798
10.18 -0.31752
10.19 -0.3171
10.2 -0.3167
10.21 -0.31633
10.22 -0.31599
10.23 -0.31568
10.24 -0.3154
10.25 -0.31515
10.26 -0.31491
10.27 -0.31465
10.28 -0.31438
10.29 -0.31406
10.3 -0.31371
10.31 -0.3133
10.32 -0.31284
10.33 -0.31233
10.34 -0.31174
10.35 -0.31105
10.36 -0.31022
10.37 -0.30926
10.38 -0.30817
10.39 -0.30693
10.4 -0.30557
10.41 -0.3041
10.42 -0.30251
10.43 -0.30082
10.44 -0.29902
10.45 -0.2971
10.46 -0.29507
10.47 -0.29293
10.48 -0.2907
10.49 -0.28843
10.5 -0.28615
10.51 -0.28392
10.52 -0.28175
10.53 -0.27967
10.54 -0.27771
10.55 -0.27589
10.56 -0.27422
10.57 -0.27275
10.58 -0.27152
10.59 -0.27055
10.6 -0.26986
10.61 -0.26943
10.62 -0.26922
10.63 -0.26918
10.64 -0.26925
10.65 -0.26937
10.66 -0.26952
10.67 -0.26966
10.68 -0.26979
10.69 -0.26992
10.7 -0.27006
10.71 -0.27022
10.72 -0.27043
10.73 -0.27071
10.74 -0.27105
10.75 -0.27144
10.76 -0.27189
10.77 -0.27238
10.78 -0.27291
10.79 -0.2735
10.8 -0.27413
10.81 -0.27479
10.82 -0.27543
10.83 -0.27604
10.84 -0.27656
10.85 -0.27696
10.86 -0.27724
10.87 -0.27738
10.88 -0.27742
10.89 -0.27741
10.9 -0.27738
10.91 -0.27739
10.92 -0.27746
10.93 -0.27762
10.94 -0.27785
10.95 -0.27817
10.96 -0.27855
10.97 -0.27896
10.98 -0.27938
10.99 -0.27976
11 -0.28009
11.01 -0.28035
11.02 -0.28051
11.03 -0.28057
11.04 -0.28052
11.05 -0.28037
11.06 -0.28013
11.07 -0.27984
11.08 -0.27951
11.09 -0.27916
11.1 -0.27879
11.11 -0.27839
11.12 -0.27794
11.13 -0.27743
11.14 -0.27686
11.15 -0.27621
11.16 -0.27551
11.17 -0.27476
11.18 -0.27398
11.19 -0.2732
11.2 -0.27247
11.21 -0.27182
11.22 -0.27128
11.23 -0.27088
11.24 -0.27063
11.25 -0.27056
11.26 -0.27067
11.27 -0.27099
11.28 -0.2715
11.29 -0.27223
11.3 -0.2732
11.31 -0.27442
11.32 -0.27593
11.33 -0.27772
11.34 -0.2798
11.35 -0.28217
11.36 -0.28478
11.37 -0.28762
11.38 -0.29064
11.39 -0.29381
11.4 -0.2971
11.41 -0.30049
11.42 -0.30394
11.43 -0.30743
11.44 -0.31088
11.45 -0.31422
11.46 -0.31735
11.47 -0.32018
11.48 -0.32265
11.49 -0.32474
11.5 -0.32645
11.51 -0.32785
11.52 -0.32901
11.53 -0.33004
11.54 -0.33103
11.55 -0.33206
11.56 -0.33315
11.57 -0.33433
11.58 -0.3356
11.59 -0.33692
11.6 -0.33829
11.61 -0.33966
11.62 -0.34102
11.63 -0.34235
11.64 -0.34363
11.65 -0.34486
11.66 -0.34604
11.67 -0.34715
11.68 -0.34816
11.69 -0.34904
11.7 -0.34976
11.71 -0.35029
11.72 -0.35061
11.73 -0.35076
11.74 -0.35076
11.75 -0.35067
11.76 -0.35056
11.77 -0.35047
11.78 -0.35043
11.79 -0.35042
11.8 -0.35044
11.81 -0.35047
11.82 -0.35049
11.83 -0.3505
11.84 -0.35048
11.85 -0.35044
11.86 -0.35038
11.87 -0.35034
11.88 -0.35031
11.89 -0.3503
11.9 -0.3503
11.91 -0.35032
11.92 -0.35033
11.93 -0.3503
11.94 -0.35024
11.95 -0.35012
11.96 -0.34997
11.97 -0.34978
11.98 -0.34959
11.99 -0.3494
12 -0.34923
12.01 -0.34908
12.02 -0.34895
12.03 -0.34884
12.04 -0.34874
12.05 -0.34864
12.06 -0.34854
12.07 -0.34841
12.08 -0.34825
12.09 -0.34802
12.1 -0.34771
12.11 -0.34731
12.12 -0.34681
12.13 -0.34619
12.14 -0.34547
12.15 -0.34465
12.16 -0.34377
12.17 -0.34285
12.18 -0.3419
12.19 -0.34094
12.2 -0.33995
12.21 -0.33893
12.22 -0.33787
12.23 -0.33674
12.24 -0.33554
12.25 -0.33424
12.26 -0.33284
12.27 -0.33132
12.28 -0.32965
12.29 -0.32784
12.3 -0.32588
12.31 -0.32381
12.32 -0.32164
12.33 -0.31943
12.34 -0.31722
12.35 -0.31504
12.36 -0.31293
12.37 -0.31091
12.38 -0.309
12.39 -0.30721
12.4 -0.30552
12.41 -0.30395
12.42 -0.30251
12.43 -0.30117
12.44 -0.29994
12.45 -0.29878
12.46 -0.29767
12.47 -0.29658
12.48 -0.2955
12.49 -0.29441
12.5 -0.29331
12.51 -0.29221
12.52 -0.29108
12.53 -0.28993
12.54 -0.28873
12.55 -0.2875
12.56 -0.28624
12.57 -0.28498
12.58 -0.28374
12.59 -0.28254
12.6 -0.28141
12.61 -0.28035
12.62 -0.27939
12.63 -0.27854
12.64 -0.2778
12.65 -0.27719
12.66 -0.27671
12.67 -0.27634
12.68 -0.27608
12.69 -0.27589
12.7 -0.27575
12.71 -0.27564
12.72 -0.27553
12.73 -0.27542
12.74 -0.27527
12.75 -0.2751
12.76 -0.27489
12.77 -0.27464
12.78 -0.27438
12.79 -0.27409
12.8 -0.2738
12.81 -0.27349
12.82 -0.27318
12.83 -0.27285
12.84 -0.27252
12.85 -0.2722
12.86 -0.27191
12.87 -0.27164
12.88 -0.27141
12.89 -0.27121
12.9 -0.27102
12.91 -0.27084
12.92 -0.27063
12.93 -0.27039
12.94 -0.27009
12.95 -0.26974
12.96 -0.26935
12.97 -0.26892
12.98 -0.26847
12.99 -0.26802
13 -0.2676
13.01 -0.26723
13.02 -0.26693
13.03 -0.2667
13.04 -0.26655
13.05 -0.26647
13.06 -0.26646
13.07 -0.26651
13.08 -0.26659
13.09 -0.2667
13.1 -0.26682
13.11 -0.26694
13.12 -0.26706
13.13 -0.26718
13.14 -0.26727
13.15 -0.26734
13.16 -0.26738
13.17 -0.26741
13.18 -0.26741
13.19 -0.2674
13.2 -0.26737
13.21 -0.26733
13.22 -0.26727
13.23 -0.2672
13.24 -0.26711
13.25 -0.26703
13.26 -0.26696
13.27 -0.2669
13.28 -0.26688
13.29 -0.26688
13.3 -0.26691
13.31 -0.26699
13.32 -0.26709
13.33 -0.26723
13.34 -0.26738
13.35 -0.26753
13.36 -0.26768
13.37 -0.26783
13.38 -0.26796
13.39 -0.26808
13.4 -0.26819
13.41 -0.26831
13.42 -0.26844
13.43 -0.26858
13.44 -0.26873
13.45 -0.26887
13.46 -0.26899
13.47 -0.26907
13.48 -0.26908
13.49 -0.269
13.5 -0.26883
13.51 -0.26858
13.52 -0.26824
13.53 -0.26782
13.54 -0.26735
13.55 -0.26683
13.56 -0.26629
13.57 -0.26577
13.58 -0.26528
13.59 -0.26484
13.6 -0.26444
13.61 -0.26409
13.62 -0.26377
13.63 -0.26348
13.64 -0.26321
13.65 -0.26295
13.66 -0.26269
13.67 -0.26242
13.68 -0.26214
13.69 -0.26186
13.7 -0.26157
13.71 -0.2613
13.72 -0.26103
13.73 -0.26078
13.74 -0.26055
13.75 -0.26034
13.76 -0.26014
13.77 -0.25996
13.78 -0.25977
13.79 -0.25959
13.8 -0.25941
13.81 -0.25922
13.82 -0.25905
13.83 -0.25889
13.84 -0.25877
13.85 -0.25868
13.86 -0.25864
13.87 -0.25865
13.88 -0.2587
13.89 -0.25878
13.9 -0.25889
13.91 -0.25903
13.92 -0.25918
13.93 -0.25933
13.94 -0.25949
13.95 -0.25962
13.96 -0.25973
13.97 -0.25979
13.98 -0.25981
13.99 -0.25978
14 -0.25971
14.01 -0.25958
14.02 -0.25941
14.03 -0.2592
14.04 -0.25897
14.05 -0.25872
14.06 -0.25847
14.07 -0.25823
14.08 -0.258
14.09 -0.25781
14.1 -0.25765
14.11 -0.25753
14.12 -0.25745
14.13 -0.25741
14.14 -0.25742
14.15 -0.25747
14.16 -0.25758
14.17 -0.25774
14.18 -0.25794
14.19 -0.25816
14.2 -0.25836
14.21 -0.25854
14.22 -0.25865
14.23 -0.2587
14.24 -0.25869
14.25 -0.25861
14.26 -0.25847
14.27 -0.2583
14.28 -0.25808
14.29 -0.25785
14.3 -0.2576
14.31 -0.25736
14.32 -0.25713
14.33 -0.25692
14.34 -0.25674
14.35 -0.25661
14.36 -0.25652
14.37 -0.25648
14.38 -0.25648
14.39 -0.2565
14.4 -0.25656
14.41 -0.25665
14.42 -0.25679
14.43 -0.25697
14.44 -0.2572
14.45 -0.25747
14.46 -0.25776
14.47 -0.25804
14.48 -0.2583
14.49 -0.25852
14.5 -0.2587
14.51 -0.25886
14.52 -0.259
14.53 -0.25913
14.54 -0.25925
14.55 -0.25937
14.56 -0.25949
14.57 -0.25958
14.58 -0.25966
14.59 -0.2597
14.6 -0.2597
14.61 -0.25966
14.62 -0.25958
14.63 -0.25946
14.64 -0.25929
14.65 -0.25909
14.66 -0.25886
14.67 -0.2586
14.68 -0.25835
14.69 -0.25811
14.7 -0.25789
14.71 -0.25772
14.72 -0.25758
14.73 -0.25747
14.74 -0.2574
14.75 -0.25735
14.76 -0.2573
14.77 -0.25724
14.78 -0.25716
14.79 -0.25706
14.8 -0.25693
14.81 -0.25676
14.82 -0.25657
14.83 -0.25635
14.84 -0.25613
14.85 -0.25591
14.86 -0.2557
14.87 -0.25552
14.88 -0.25536
14.89 -0.25522
14.9 -0.25511
14.91 -0.25502
14.92 -0.25494
14.93 -0.25486
14.94 -0.25477
14.95 -0.25467
14.96 -0.25456
14.97 -0.25444
14.98 -0.25433
14.99 -0.25424
15 -0.25419
15.01 -0.25418
15.02 -0.25422
15.03 -0.2543
15.04 -0.25442
15.05 -0.25455
15.06 -0.2547
15.07 -0.25484
15.08 -0.25497
15.09 -0.25507
15.1 -0.25513
15.11 -0.25515
15.12 -0.2551
15.13 -0.25499
15.14 -0.25482
15.15 -0.2546
15.16 -0.25435
15.17 -0.25407
15.18 -0.25379
15.19 -0.25352
15.2 -0.25327
15.21 -0.25307
15.22 -0.25291
15.23 -0.2528
15.24 -0.25274
15.25 -0.25273
15.26 -0.25277
15.27 -0.25285
15.28 -0.25296
15.29 -0.25306
15.3 -0.25317
15.31 -0.25326
15.32 -0.25333
15.33 -0.25341
15.34 -0.25349
15.35 -0.2536
15.36 -0.25373
15.37 -0.2539
15.38 -0.25411
15.39 -0.25434
15.4 -0.25461
15.41 -0.25488
15.42 -0.25517
15.43 -0.25544
15.44 -0.2557
15.45 -0.25591
15.46 -0.25609
15.47 -0.25621
15.48 -0.25628
15.49 -0.25632
15.5 -0.25633
15.51 -0.25635
15.52 -0.25639
15.53 -0.25646
15.54 -0.2566
15.55 -0.25679
15.56 -0.25704
15.57 -0.25735
15.58 -0.25772
15.59 -0.25815
15.6 -0.25863
15.61 -0.25917
15.62 -0.25978
15.63 -0.26046
15.64 -0.26122
15.65 -0.26208
15.66 -0.26304
15.67 -0.26413
15.68 -0.26534
15.69 -0.2667
15.7 -0.2682
15.71 -0.26985
15.72 -0.27162
15.73 -0.27349
15.74 -0.27545
15.75 -0.27746
15.76 -0.27954
15.77 -0.28168
15.78 -0.28389
15.79 -0.28618
15.8 -0.28853
15.81 -0.29093
15.82 -0.29336
15.83 -0.29582
15.84 -0.29831
15.85 -0.30085
15.86 -0.30345
15.87 -0.30611
15.88 -0.30883
15.89 -0.31162
15.9 -0.31447
15.91 -0.31739
15.92 -0.32036
15.93 -0.32336
15.94 -0.32635
15.95 -0.32928
15.96 -0.33213
15.97 -0.33486
15.98 -0.33749
15.99 -0.34001
16 -0.34245
16.01 -0.34479
16.02 -0.34704
16.03 -0.34918
16.04 -0.35116
16.05 -0.35297
16.06 -0.35457
16.07 -0.35596
16.08 -0.35714
16.09 -0.35813
16.1 -0.35897
16.11 -0.35966
16.12 -0.36023
16.13 -0.36066
16.14 -0.36094
16.15 -0.36111
16.16 -0.36118
16.17 -0.3612
16.18 -0.36121
16.19 -0.36124
16.2 -0.36133
16.21 -0.36149
16.22 -0.36172
16.23 -0.36201
16.24 -0.36232
16.25 -0.36265
16.26 -0.36298
16.27 -0.36333
16.28 -0.3637
16.29 -0.3641
16.3 -0.36455
16.31 -0.36503
16.32 -0.36554
16.33 -0.36605
16.34 -0.36654
16.35 -0.36698
16.36 -0.36733
16.37 -0.36756
16.38 -0.36765
16.39 -0.36756
16.4 -0.3673
16.41 -0.36683
16.42 -0.36616
16.43 -0.36528
16.44 -0.3642
16.45 -0.36294
16.46 -0.36153
16.47 -0.36003
16.48 -0.35848
16.49 -0.35693
16.5 -0.35542
16.51 -0.35398
16.52 -0.35261
16.53 -0.35134
16.54 -0.35019
16.55 -0.34917
16.56 -0.34832
16.57 -0.34768
16.58 -0.34731
16.59 -0.34725
16.6 -0.34753
16.61 -0.34818
16.62 -0.34918
16.63 -0.35049
16.64 -0.35205
16.65 -0.35381
16.66 -0.35574
16.67 -0.35785
16.68 -0.36014
16.69 -0.36264
16.7 -0.36539
16.71 -0.3684
16.72 -0.37167
16.73 -0.37516
16.74 -0.3788
16.75 -0.38252
16.76 -0.3862
16.77 -0.38975
16.78 -0.3931
16.79 -0.3962
16.8 -0.39904
16.81 -0.4016
16.82 -0.40387
16.83 -0.40585
16.84 -0.40751
16.85 -0.40884
16.86 -0.40979
16.87 -0.41032
16.88 -0.41039
16.89 -0.40997
16.9 -0.40905
16.91 -0.40764
16.92 -0.4058
16.93 -0.40362
16.94 -0.40119
16.95 -0.39862
16.96 -0.39602
16.97 -0.39348
16.98 -0.39106
16.99 -0.38885
17 -0.3869
17.01 -0.38521
17.02 -0.38381
17.03 -0.38267
17.04 -0.38177
17.05 -0.38109
17.06 -0.3806
17.07 -0.38028
17.08 -0.38011
17.09 -0.38006
17.1 -0.3801
17.11 -0.38022
17.12 -0.38043
17.13 -0.38075
17.14 -0.38119
17.15 -0.38181
17.16 -0.38264
17.17 -0.38371
17.18 -0.38506
17.19 -0.38669
17.2 -0.3886
17.21 -0.39076
17.22 -0.3931
17.23 -0.39555
17.24 -0.39802
17.25 -0.40038
17.26 -0.40252
17.27 -0.40433
17.28 -0.40574
17.29 -0.40671
17.3 -0.40722
17.31 -0.40729
17.32 -0.40698
17.33 -0.40633
17.34 -0.40543
17.35 -0.40432
17.36 -0.40306
17.37 -0.40167
17.38 -0.40016
17.39 -0.39852
17.4 -0.3967
17.41 -0.39468
17.42 -0.39242
17.43 -0.38994
17.44 -0.38728
17.45 -0.38449
17.46 -0.38166
17.47 -0.37888
17.48 -0.37622
17.49 -0.37374
17.5 -0.37151
17.51 -0.36953
17.52 -0.3678
17.53 -0.36626
17.54 -0.36487
17.55 -0.36355
17.56 -0.36227
17.57 -0.36102
17.58 -0.35979
17.59 -0.3586
17.6 -0.35746
17.61 -0.35639
17.62 -0.35541
17.63 -0.35455
17.64 -0.35382
17.65 -0.35325
17.66 -0.35283
17.67 -0.35258
17.68 -0.35247
17.69 -0.35247
17.7 -0.35255
17.71 -0.35263
17.72 -0.35264
17.73 -0.35249
17.74 -0.35209
17.75 -0.35141
17.76 -0.35043
17.77 -0.3492
17.78 -0.34776
17.79 -0.34618
17.8 -0.3445
17.81 -0.34273
17.82 -0.34087
17.83 -0.3389
17.84 -0.33681
17.85 -0.3346
17.86 -0.33232
17.87 -0.33002
17.88 -0.32779
17.89 -0.32574
17.9 -0.32399
17.91 -0.3226
17.92 -0.32163
17.93 -0.32107
17.94 -0.32091
17.95 -0.32111
17.96 -0.32163
17.97 -0.32244
17.98 -0.3235
17.99 -0.32482
18 -0.32637
18.01 -0.32815
18.02 -0.33019
18.03 -0.33248
18.04 -0.33505
18.05 -0.33793
18.06 -0.34108
18.07 -0.34449
18.08 -0.34813
18.09 -0.35198
18.1 -0.35605
18.11 -0.36036
18.12 -0.36493
18.13 -0.36978
18.14 -0.37488
18.15 -0.3802
18.16 -0.38569
18.17 -0.39125
18.18 -0.39681
18.19 -0.40226
18.2 -0.40749
18.21 -0.41245
18.22 -0.41708
18.23 -0.42136
18.24 -0.42531
18.25 -0.42894
18.26 -0.43229
18.27 -0.43542
18.28 -0.43841
18.29 -0.44135
18.3 -0.44432
18.31 -0.44741
18.32 -0.45069
18.33 -0.45417
18.34 -0.45783
18.35 -0.46159
18.36 -0.46536
18.37 -0.46904
18.38 -0.47252
18.39 -0.47574
18.4 -0.47865
18.41 -0.48124
18.42 -0.48348
18.43 -0.48539
18.44 -0.48695
18.45 -0.48817
18.46 -0.48908
18.47 -0.48971
18.48 -0.4901
18.49 -0.4903
18.5 -0.49036
18.51 -0.49037
18.52 -0.4904
18.53 -0.49054
18.54 -0.49086
18.55 -0.4914
18.56 -0.4922
18.57 -0.49324
18.58 -0.49448
18.59 -0.49584
18.6 -0.49725
18.61 -0.49859
18.62 -0.49978
18.63 -0.50075
18.64 -0.50143
18.65 -0.50178
18.66 -0.50175
18.67 -0.50133
18.68 -0.50048
18.69 -0.49918
18.7 -0.49744
18.71 -0.49527
18.72 -0.4927
18.73 -0.48979
18.74 -0.48657
18.75 -0.48307
18.76 -0.47929
18.77 -0.47521
18.78 -0.47079
18.79 -0.46598
18.8 -0.46073
18.81 -0.455
18.82 -0.44879
18.83 -0.44209
18.84 -0.43494
18.85 -0.42736
18.86 -0.4194
18.87 -0.41112
18.88 -0.40257
18.89 -0.39383
18.9 -0.38495
18.91 -0.37602
18.92 -0.36709
18.93 -0.35825
18.94 -0.34956
18.95 -0.34107
18.96 -0.33285
18.97 -0.32494
18.98 -0.31738
18.99 -0.3102
19 -0.30343
19.01 -0.29708
19.02 -0.29117
19.03 -0.28571
19.04 -0.28074
19.05 -0.27629
19.06 -0.27243
19.07 -0.26924
19.08 -0.26676
19.09 -0.26503
19.1 -0.264
19.11 -0.26362
19.12 -0.26376
19.13 -0.2643
19.14 -0.26513
19.15 -0.26612
19.16 -0.26721
19.17 -0.2683
19.18 -0.26934
19.19 -0.27024
19.2 -0.27093
19.21 -0.27133
19.22 -0.27138
19.23 -0.27102
19.24 -0.27026
19.25 -0.26909
19.26 -0.26757
19.27 -0.26576
19.28 -0.26374
19.29 -0.26166
19.3 -0.25965
19.31 -0.25788
19.32 -0.2565
19.33 -0.25562
19.34 -0.25537
19.35 -0.25581
19.36 -0.25701
19.37 -0.25896
19.38 -0.26161
19.39 -0.2649
19.4 -0.26871
19.41 -0.27297
19.42 -0.27758
19.43 -0.28252
19.44 -0.2878
19.45 -0.2935
19.46 -0.29972
19.47 -0.30663
19.48 -0.31439
19.49 -0.32316
19.5 -0.33309
19.51 -0.34431
19.52 -0.35692
19.53 -0.37098
19.54 -0.38651
19.55 -0.40347
19.56 -0.42179
19.57 -0.44134
19.58 -0.46196
19.59 -0.48344
19.6 -0.50556
19.61 -0.5281
19.62 -0.55085
19.63 -0.57366
19.64 -0.59644
19.65 -0.61915
19.66 -0.64181
19.67 -0.66448
19.68 -0.68726
19.69 -0.71023
19.7 -0.73354
19.71 -0.75731
19.72 -0.78164
19.73 -0.80667
19.74 -0.83247
19.75 -0.85913
19.76 -0.88672
19.77 -0.91524
19.78 -0.94473
19.79 -0.97518
19.8 -1.0066
19.81 -1.0389
19.82 -1.0721
19.83 -1.1061
19.84 -1.1409
19.85 -1.1764
19.86 -1.2126
19.87 -1.2493
19.88 -1.2866
19.89 -1.3244
19.9 -1.3628
19.91 -1.4015
19.92 -1.4407
19.93 -1.4802
19.94 -1.5199
19.95 -1.5596
19.96 -1.5992
19.97 -1.6386
19.98 -1.6776
19.99 -1.716
20 -1.7536
20.01 -1.7903
20.02 -1.8261
20.03 -1.861
20.04 -1.895
20.05 -1.9284
20.06 -1.9612
20.07 -1.9935
20.08 -2.0256
20.09 -2.0576
20.1 -2.0895
20.11 -2.1215
20.12 -2.1533
20.13 -2.1851
20.14 -2.2166
20.15 -2.2476
20.16 -2.2781
20.17 -2.3077
20.18 -2.3362
20.19 -2.3633
20.2 -2.3888
20.21 -2.4125
20.22 -2.4341
20.23 -2.4534
20.24 -2.4703
20.25 -2.4846
20.26 -2.4962
20.27 -2.5048
20.28 -2.5103
20.29 -2.5128
20.3 -2.5121
20.31 -2.5083
20.32 -2.5012
20.33 -2.4909
20.34 -2.4775
20.35 -2.4608
20.36 -2.441
20.37 -2.4181
20.38 -2.392
20.39 -2.3627
20.4 -2.3303
20.41 -2.2948
20.42 -2.2561
20.43 -2.2142
20.44 -2.1693
20.45 -2.1215
20.46 -2.0711
20.47 -2.0182
20.48 -1.9634
20.49 -1.9071
20.5 -1.8497
20.51 -1.7917
20.52 -1.7337
20.53 -1.676
20.54 -1.619
20.55 -1.5632
20.56 -1.5086
20.57 -1.4557
20.58 -1.4045
20.59 -1.3551
20.6 -1.3076
20.61 -1.2622
20.62 -1.2186
20.63 -1.1771
20.64 -1.1375
20.65 -1.0997
20.66 -1.0639
20.67 -1.0299
20.68 -0.99774
20.69 -0.96723
20.7 -0.93827
20.71 -0.91071
20.72 -0.88442
20.73 -0.85931
20.74 -0.83531
20.75 -0.8124
20.76 -0.79054
20.77 -0.76972
20.78 -0.7499
20.79 -0.73107
20.8 -0.71319
20.81 -0.69617
20.82 -0.67995
20.83 -0.66442
20.84 -0.64949
20.85 -0.63509
20.86 -0.62119
20.87 -0.60775
20.88 -0.59478
20.89 -0.58231
20.9 -0.57039
20.91 -0.55908
20.92 -0.54843
20.93 -0.53849
20.94 -0.52929
20.95 -0.52083
20.96 -0.51308
20.97 -0.50602
20.98 -0.49963
20.99 -0.49388
21 -0.48873
21.01 -0.48415
21.02 -0.48009
21.03 -0.47652
21.04 -0.47341
21.05 -0.4707
21.06 -0.46834
21.07 -0.46626
21.08 -0.46435
21.09 -0.46249
21.1 -0.46053
21.11 -0.45831
21.12 -0.45567
21.13 -0.45248
21.14 -0.44862
21.15 -0.44407
21.16 -0.43889
21.17 -0.43319
21.18 -0.42714
21.19 -0.42093
21.2 -0.41472
21.21 -0.40865
21.22 -0.40283
21.23 -0.39734
21.24 -0.39225
21.25 -0.38757
21.26 -0.3833
21.27 -0.37937
21.28 -0.37572
21.29 -0.37226
21.3 -0.36888
21.31 -0.36551
21.32 -0.36207
21.33 -0.35851
21.34 -0.35481
21.35 -0.351
21.36 -0.34713
21.37 -0.34327
21.38 -0.3395
21.39 -0.33591
21.4 -0.33257
21.41 -0.32957
21.42 -0.32696
21.43 -0.32479
21.44 -0.32308
21.45 -0.32182
21.46 -0.321
21.47 -0.32058
21.48 -0.32053
21.49 -0.32083
21.5 -0.32144
21.51 -0.32236
21.52 -0.3236
21.53 -0.32518
21.54 -0.32709
21.55 -0.32933
21.56 -0.33188
21.57 -0.33468
21.58 -0.3377
21.59 -0.3409
21.6 -0.34421
21.61 -0.34758
21.62 -0.35093
21.63 -0.35422
21.64 -0.35737
21.65 -0.36035
21.66 -0.36313
21.67 -0.36573
21.68 -0.36817
21.69 -0.37051
21.7 -0.37279
21.71 -0.37505
21.72 -0.37732
21.73 -0.3796
21.74 -0.38189
21.75 -0.38413
21.76 -0.38625
21.77 -0.38814
21.78 -0.38969
21.79 -0.39081
21.8 -0.39141
21.81 -0.39149
21.82 -0.39104
21.83 -0.39009
21.84 -0.38873
21.85 -0.38703
21.86 -0.38512
21.87 -0.38309
21.88 -0.38108
21.89 -0.37919
21.9 -0.37748
21.91 -0.37605
21.92 -0.37496
21.93 -0.37428
21.94 -0.37403
21.95 -0.37424
21.96 -0.37486
21.97 -0.37584
21.98 -0.37709
21.99 -0.37849
22 -0.37997
22.01 -0.38144
22.02 -0.38287
22.03 -0.38419
22.04 -0.38538
22.05 -0.38642
22.06 -0.38733
22.07 -0.38812
22.08 -0.38883
22.09 -0.38951
22.1 -0.39019
22.11 -0.39089
22.12 -0.39159
22.13 -0.39228
22.14 -0.39294
22.15 -0.39356
22.16 -0.39415
22.17 -0.39471
22.18 -0.39524
22.19 -0.39577
22.2 -0.3963
22.21 -0.39681
22.22 -0.39724
22.23 -0.39752
22.24 -0.39751
22.25 -0.39713
22.26 -0.3963
22.27 -0.39501
22.28 -0.39331
22.29 -0.39129
22.3 -0.38911
22.31 -0.38695
22.32 -0.38497
22.33 -0.38332
22.34 -0.38212
22.35 -0.38139
22.36 -0.38114
22.37 -0.38131
22.38 -0.38182
22.39 -0.38256
22.4 -0.38345
22.41 -0.38438
22.42 -0.38531
22.43 -0.38617
22.44 -0.38692
22.45 -0.38753
22.46 -0.38797
22.47 -0.3882
22.48 -0.38824
22.49 -0.38811
22.5 -0.38785
22.51 -0.38754
22.52 -0.38726
22.53 -0.3871
22.54 -0.38714
22.55 -0.38743
22.56 -0.38797
22.57 -0.38872
22.58 -0.38962
22.59 -0.3906
22.6 -0.39159
22.61 -0.39256
22.62 -0.39349
22.63 -0.39441
22.64 -0.39532
22.65 -0.39625
22.66 -0.39723
22.67 -0.39829
22.68 -0.39944
22.69 -0.40068
22.7 -0.40198
22.71 -0.40334
22.72 -0.40472
22.73 -0.4061
22.74 -0.40746
22.75 -0.40881
22.76 -0.41011
22.77 -0.41135
22.78 -0.41248
22.79 -0.41351
22.8 -0.4144
22.81 -0.41517
22.82 -0.41581
22.83 -0.41635
22.84 -0.41683
22.85 -0.41734
22.86 -0.41796
22.87 -0.41877
22.88 -0.41983
22.89 -0.42112
22.9 -0.42263
22.91 -0.42434
22.92 -0.42624
22.93 -0.42835
22.94 -0.4307
22.95 -0.43333
22.96 -0.43627
22.97 -0.43953
22.98 -0.44305
22.99 -0.44675
23 -0.45048
23.01 -0.4541
23.02 -0.45747
23.03 -0.46047
23.04 -0.46304
23.05 -0.46511
23.06 -0.46668
23.07 -0.46774
23.08 -0.46832
23.09 -0.46843
23.1 -0.46811
23.11 -0.46734
23.12 -0.46613
23.13 -0.46443
23.14 -0.46224
23.15 -0.45955
23.16 -0.45638
23.17 -0.45277
23.18 -0.44878
23.19 -0.44447
23.2 -0.4399
23.21 -0.43508
23.22 -0.43
23.23 -0.42464
23.24 -0.419
23.25 -0.41309
23.26 -0.40694
23.27 -0.40056
23.28 -0.39402
23.29 -0.38737
23.3 -0.38067
23.31 -0.37401
23.32 -0.36749
23.33 -0.3612
23.34 -0.35522
23.35 -0.34962
23.36 -0.34449
23.37 -0.33988
23.38 -0.33585
23.39 -0.33243
23.4 -0.32961
23.41 -0.32739
23.42 -0.32572
23.43 -0.32452
23.44 -0.32369
23.45 -0.32306
23.46 -0.32244
23.47 -0.32167
23.48 -0.3206
23.49 -0.31913
23.5 -0.31721
23.51 -0.31483
23.52 -0.31201
23.53 -0.30881
23.54 -0.30532
23.55 -0.30164
23.56 -0.29789
23.57 -0.29419
23.58 -0.29061
23.59 -0.28722
23.6 -0.28407
23.61 -0.28123
23.62 -0.27873
23.63 -0.2766
23.64 -0.2748
23.65 -0.27328
23.66 -0.27197
23.67 -0.2708
23.68 -0.26974
23.69 -0.26881
23.7 -0.26806
23.71 -0.26761
23.72 -0.26756
23.73 -0.26804
23.74 -0.26915
23.75 -0.27094
23.76 -0.2734
23.77 -0.27645
23.78 -0.27996
23.79 -0.28377
23.8 -0.28773
23.81 -0.29168
23.82 -0.29557
23.83 -0.29938
23.84 -0.30317
23.85 -0.30702
23.86 -0.31104
23.87 -0.31532
23.88 -0.31991
23.89 -0.32485
23.9 -0.33017
23.91 -0.33588
23.92 -0.342
23.93 -0.34859
23.94 -0.35571
23.95 -0.36345
23.96 -0.37188
23.97 -0.38109
23.98 -0.39115
23.99 -0.40212
24 -0.41402
24.01 -0.42691
24.02 -0.44082
24.03 -0.45575
24.04 -0.47171
24.05 -0.48867
24.06 -0.50663
24.07 -0.52554
24.08 -0.5454
24.09 -0.56616
24.1 -0.58779
24.11 -0.61028
24.12 -0.63361
24.13 -0.6578
24.14 -0.68285
24.15 -0.70878
24.16 -0.73561
24.17 -0.76336
24.18 -0.79202
24.19 -0.82161
24.2 -0.85209
24.21 -0.88342
24.22 -0.91553
24.23 -0.94835
24.24 -0.98184
24.25 -1.0159
24.26 -1.0506
24.27 -1.0858
24.28 -1.1215
24.29 -1.1577
24.3 -1.1946
24.31 -1.2321
24.32 -1.2705
24.33 -1.3096
24.34 -1.3497
24.35 -1.3908
24.36 -1.4328
24.37 -1.4756
24.38 -1.5192
24.39 -1.5634
24.4 -1.6079
24.41 -1.6526
24.42 -1.6973
24.43 -1.7418
24.44 -1.7859
24.45 -1.8293
24.46 -1.8718
24.47 -1.9133
24.48 -1.9533
24.49 -1.9919
24.5 -2.0288
24.51 -2.064
24.52 -2.0975
24.53 -2.1292
24.54 -2.1591
24.55 -2.1871
24.56 -2.2131
24.57 -2.2371
24.58 -2.259
24.59 -2.2788
24.6 -2.2963
24.61 -2.3117
24.62 -2.3249
24.63 -2.3358
24.64 -2.3445
24.65 -2.351
24.66 -2.3552
24.67 -2.3572
24.68 -2.357
24.69 -2.3546
24.7 -2.35
24.71 -2.3434
24.72 -2.3349
24.73 -2.3244
24.74 -2.3121
24.75 -2.298
24.76 -2.2821
24.77 -2.2645
24.78 -2.2449
24.79 -2.2235
24.8 -2.2
24.81 -2.1744
24.82 -2.1466
24.83 -2.1165
24.84 -2.084
24.85 -2.0491
24.86 -2.0118
24.87 -1.9723
24.88 -1.9306
24.89 -1.887
24.9 -1.8417
24.91 -1.7949
24.92 -1.747
24.93 -1.6982
24.94 -1.6489
24.95 -1.5993
24.96 -1.5498
24.97 -1.5006
24.98 -1.452
24.99 -1.4043
25 -1.3577
25.01 -1.3124
25.02 -1.2687
25.03 -1.2265
25.04 -1.1862
25.05 -1.1477
25.06 -1.111
25.07 -1.0762
25.08 -1.0431
25.09 -1.0117
25.1 -0.98172
25.11 -0.95316
25.12 -0.92585
25.13 -0.89967
25.14 -0.87453
25.15 -0.85039
25.16 -0.82722
25.17 -0.80507
25.18 -0.78398
25.19 -0.76401
25.2 -0.74521
25.21 -0.72758
25.22 -0.71111
25.23 -0.69576
25.24 -0.68146
25.25 -0.66813
25.26 -0.65568
25.27 -0.64399
25.28 -0.63293
25.29 -0.62239
25.3 -0.61227
25.31 -0.60247
25.32 -0.59292
25.33 -0.58355
25.34 -0.57429
25.35 -0.56507
25.36 -0.55584
25.37 -0.54658
25.38 -0.53732
25.39 -0.52813
25.4 -0.51905
25.41 -0.51016
25.42 -0.50151
25.43 -0.49315
25.44 -0.4851
25.45 -0.47741
25.46 -0.47007
25.47 -0.46307
25.48 -0.45641
25.49 -0.45007
25.5 -0.4441
25.51 -0.43855
25.52 -0.4335
25.53 -0.42901
25.54 -0.42512
25.55 -0.42183
25.56 -0.41913
25.57 -0.41694
25.58 -0.41516
25.59 -0.41368
25.6 -0.41236
25.61 -0.41109
25.62 -0.40979
25.63 -0.40843
25.64 -0.40699
25.65 -0.40548
25.66 -0.40393
25.67 -0.40238
25.68 -0.40087
25.69 -0.39945
25.7 -0.39819
25.71 -0.39713
25.72 -0.3963
25.73 -0.39571
25.74 -0.39536
25.75 -0.39524
25.76 -0.39533
25.77 -0.39564
25.78 -0.39618
25.79 -0.39696
25.8 -0.39804
25.81 -0.39945
25.82 -0.40123
25.83 -0.40343
25.84 -0.40609
25.85 -0.40924
25.86 -0.4129
25.87 -0.41706
25.88 -0.42167
25.89 -0.42666
25.9 -0.43191
25.91 -0.4373
25.92 -0.44272
25.93 -0.44808
25.94 -0.45334
25.95 -0.45847
25.96 -0.46349
25.97 -0.46841
25.98 -0.47326
25.99 -0.47809
26 -0.48291
26.01 -0.48772
26.02 -0.49249
26.03 -0.49712
26.04 -0.5015
26.05 -0.5055
26.06 -0.509
26.07 -0.51192
26.08 -0.51418
26.09 -0.51573
26.1 -0.51658
26.11 -0.51674
26.12 -0.51623
26.13 -0.5151
26.14 -0.5134
26.15 -0.5112
26.16 -0.5086
26.17 -0.50567
26.18 -0.50252
26.19 -0.49925
26.2 -0.49597
26.21 -0.49279
26.22 -0.48976
26.23 -0.48694
26.24 -0.48428
26.25 -0.48174
26.26 -0.47919
26.27 -0.47649
26.28 -0.47348
26.29 -0.47005
26.3 -0.46613
26.31 -0.46171
26.32 -0.45688
26.33 -0.45175
26.34 -0.44651
26.35 -0.44139
26.36 -0.4366
26.37 -0.43233
26.38 -0.42869
26.39 -0.42575
26.4 -0.42348
26.41 -0.42178
26.42 -0.4205
26.43 -0.41948
26.44 -0.41852
26.45 -0.41747
26.46 -0.41621
26.47 -0.41468
26.48 -0.41283
26.49 -0.41069
26.5 -0.4083
26.51 -0.40575
26.52 -0.4031
26.53 -0.40042
26.54 -0.39779
26.55 -0.3953
26.56 -0.39301
26.57 -0.39094
26.58 -0.38911
26.59 -0.3875
26.6 -0.38607
26.61 -0.38479
26.62 -0.38361
26.63 -0.38249
26.64 -0.38141
26.65 -0.38037
26.66 -0.37938
26.67 -0.37847
26.68 -0.37767
26.69 -0.37702
26.7 -0.37654
26.71 -0.37629
26.72 -0.37631
26.73 -0.37663
26.74 -0.37727
26.75 -0.37825
26.76 -0.37953
26.77 -0.38107
26.78 -0.38283
26.79 -0.38474
26.8 -0.38676
26.81 -0.38887
26.82 -0.39105
26.83 -0.39333
26.84 -0.39572
26.85 -0.39825
26.86 -0.40098
26.87 -0.40393
26.88 -0.40713
26.89 -0.41058
26.9 -0.41424
26.91 -0.41802
26.92 -0.42186
26.93 -0.42568
26.94 -0.42944
26.95 -0.4331
26.96 -0.43663
26.97 -0.44
26.98 -0.4432
26.99 -0.44624
27 -0.44912
27.01 -0.45183
27.02 -0.45433
27.03 -0.45657
27.04 -0.45847
27.05 -0.45998
27.06 -0.46107
27.07 -0.4618
27.08 -0.46229
27.09 -0.46276
27.1 -0.46345
27.11 -0.46466
27.12 -0.4666
27.13 -0.46944
27.14 -0.47323
27.15 -0.47789
27.16 -0.48327
27.17 -0.48916
27.18 -0.49536
27.19 -0.50173
27.2 -0.50816
27.21 -0.5146
27.22 -0.52105
27.23 -0.52749
27.24 -0.53393
27.25 -0.54031
27.26 -0.54657
27.27 -0.55259
27.28 -0.55826
27.29 -0.56344
27.3 -0.56802
27.31 -0.57192
27.32 -0.5751
27.33 -0.57757
27.34 -0.57938
27.35 -0.58061
27.36 -0.58136
27.37 -0.58169
27.38 -0.58171
27.39 -0.58148
27.4 -0.58107
27.41 -0.58055
27.42 -0.58
27.43 -0.57947
27.44 -0.57901
27.45 -0.57862
27.46 -0.57832
27.47 -0.5781
27.48 -0.5779
27.49 -0.57767
27.5 -0.57733
27.51 -0.57678
27.52 -0.57594
27.53 -0.57475
27.54 -0.57317
27.55 -0.57125
27.56 -0.56906
27.57 -0.56675
27.58 -0.56449
27.59 -0.56242
27.6 -0.56063
27.61 -0.55913
27.62 -0.55786
27.63 -0.55673
27.64 -0.55558
27.65 -0.55428
27.66 -0.5527
27.67 -0.55075
27.68 -0.54837
27.69 -0.54555
27.7 -0.54231
27.71 -0.53867
27.72 -0.53463
27.73 -0.53016
27.74 -0.5252
27.75 -0.51965
27.76 -0.51347
27.77 -0.50667
27.78 -0.49933
27.79 -0.49162
27.8 -0.48378
27.81 -0.47605
27.82 -0.46869
27.83 -0.46188
27.84 -0.45575
27.85 -0.45039
27.86 -0.44583
27.87 -0.44209
27.88 -0.43918
27.89 -0.43709
27.9 -0.43587
27.91 -0.43557
27.92 -0.43629
27.93 -0.43813
27.94 -0.44116
27.95 -0.44542
27.96 -0.45092
27.97 -0.45763
27.98 -0.46548
27.99 -0.47447
28 -0.48459
28.01 -0.49592
28.02 -0.50859
28.03 -0.52276
28.04 -0.53858
28.05 -0.5562
28.06 -0.57568
28.07 -0.59699
28.08 -0.61998
28.09 -0.64442
28.1 -0.67002
28.11 -0.69644
28.12 -0.7234
28.13 -0.75061
28.14 -0.77787
28.15 -0.80499
28.16 -0.83187
28.17 -0.85844
28.18 -0.88468
28.19 -0.91059
28.2 -0.9362
28.21 -0.96157
28.22 -0.98677
28.23 -1.0118
28.24 -1.0369
28.25 -1.0618
28.26 -1.0868
28.27 -1.1118
28.28 -1.1369
28.29 -1.1621
28.3 -1.1877
28.31 -1.2136
28.32 -1.24
28.33 -1.2672
28.34 -1.2951
28.35 -1.3241
28.36 -1.3541
28.37 -1.3854
28.38 -1.418
28.39 -1.452
28.4 -1.4874
28.41 -1.5243
28.42 -1.5627
28.43 -1.6024
28.44 -1.6436
28.45 -1.6861
28.46 -1.7299
28.47 -1.7747
28.48 -1.8204
28.49 -1.8668
28.5 -1.9135
28.51 -1.9604
28.52 -2.007
28.53 -2.0531
28.54 -2.0985
28.55 -2.1427
28.56 -2.1855
28.57 -2.2267
28.58 -2.266
28.59 -2.3033
28.6 -2.3384
28.61 -2.371
28.62 -2.4011
28.63 -2.4286
28.64 -2.4532
28.65 -2.475
28.66 -2.494
28.67 -2.5102
28.68 -2.5236
28.69 -2.5342
28.7 -2.5421
28.71 -2.5474
28.72 -2.5501
28.73 -2.5504
28.74 -2.5483
28.75 -2.544
28.76 -2.5374
28.77 -2.5286
28.78 -2.5176
28.79 -2.5045
28.8 -2.489
28.81 -2.4711
28.82 -2.4508
28.83 -2.428
28.84 -2.4026
28.85 -2.3746
28.86 -2.3438
28.87 -2.3103
28.88 -2.274
28.89 -2.2349
28.9 -2.193
28.91 -2.1487
28.92 -2.102
28.93 -2.0532
28.94 -2.0026
28.95 -1.9506
28.96 -1.8975
28.97 -1.8436
28.98 -1.7892
28.99 -1.7346
29 -1.6802
29.01 -1.6262
29.02 -1.5728
29.03 -1.5204
29.04 -1.4692
29.05 -1.4194
29.06 -1.3712
29.07 -1.3247
29.08 -1.2799
29.09 -1.237
29.1 -1.1959
29.11 -1.1566
29.12 -1.1191
29.13 -1.0833
29.14 -1.0492
29.15 -1.0168
29.16 -0.986
29.17 -0.95671
29.18 -0.92886
29.19 -0.90236
29.2 -0.87714
29.21 -0.85316
29.22 -0.83038
29.23 -0.80878
29.24 -0.78834
29.25 -0.76903
29.26 -0.7508
29.27 -0.73359
29.28 -0.7173
29.29 -0.70183
29.3 -0.68707
29.31 -0.67292
29.32 -0.65927
29.33 -0.64606
29.34 -0.63325
29.35 -0.62081
29.36 -0.60876
29.37 -0.59712
29.38 -0.58593
29.39 -0.57519
29.4 -0.56489
29.41 -0.55502
29.42 -0.54552
29.43 -0.53633
29.44 -0.52737
29.45 -0.51856
29.46 -0.50982
29.47 -0.5011
29.48 -0.49242
29.49 -0.48386
29.5 -0.47553
29.51 -0.46759
29.52 -0.46019
29.53 -0.45346
29.54 -0.44753
29.55 -0.44239
29.56 -0.438
29.57 -0.43421
29.58 -0.43084
29.59 -0.42768
29.6 -0.42459
29.61 -0.42145
29.62 -0.41824
29.63 -0.41495
29.64 -0.41157
29.65 -0.40812
29.66 -0.40459
29.67 -0.40097
29.68 -0.39726
29.69 -0.39346
29.7 -0.38966
29.71 -0.38592
29.72 -0.38233
29.73 -0.37898
29.74 -0.37591
29.75 -0.37316
29.76 -0.37073
29.77 -0.3686
29.78 -0.36675
29.79 -0.36512
29.8 -0.36369
29.81 -0.3624
29.82 -0.36125
29.83 -0.36022
29.84 -0.3593
29.85 -0.35847
29.86 -0.35771
29.87 -0.35699
29.88 -0.3563
29.89 -0.35563
29.9 -0.35499
29.91 -0.35437
29.92 -0.35382
29.93 -0.35338
29.94 -0.35309
29.95 -0.35297
29.96 -0.35303
29.97 -0.35325
29.98 -0.35361
29.99 -0.35408
30 -0.35462
30.01 -0.35518
30.02 -0.35573
30.03 -0.35623
30.04 -0.35664
30.05 -0.35692
30.06 -0.35706
30.07 -0.35705
30.08 -0.35689
30.09 -0.35661
30.1 -0.35623
30.11 -0.3558
30.12 -0.35536
30.13 -0.35495
30.14 -0.3546
30.15 -0.35434
30.16 -0.35417
30.17 -0.35408
30.18 -0.35405
30.19 -0.35402
30.2 -0.35397
30.21 -0.35385
30.22 -0.35366
30.23 -0.3534
30.24 -0.35307
30.25 -0.35271
30.26 -0.35236
30.27 -0.35205
30.28 -0.35181
30.29 -0.35166
30.3 -0.35161
30.31 -0.35166
30.32 -0.35179
30.33 -0.352
30.34 -0.35225
30.35 -0.35254
30.36 -0.35282
30.37 -0.35311
30.38 -0.35338
30.39 -0.35366
30.4 -0.35393
30.41 -0.35422
30.42 -0.3545
30.43 -0.3548
30.44 -0.35509
30.45 -0.35536
30.46 -0.35562
30.47 -0.35584
30.48 -0.35603
30.49 -0.35618
30.5 -0.35629
30.51 -0.35638
30.52 -0.35644
30.53 -0.35649
30.54 -0.35654
30.55 -0.3566
30.56 -0.35669
30.57 -0.35681
30.58 -0.35697
30.59 -0.35716
30.6 -0.35738
30.61 -0.35761
30.62 -0.35785
30.63 -0.35809
30.64 -0.35831
30.65 -0.35852
30.66 -0.35869
30.67 -0.35884
30.68 -0.35896
30.69 -0.35905
30.7 -0.35912
30.71 -0.35916
30.72 -0.35919
30.73 -0.35921
30.74 -0.35921
30.75 -0.35919
30.76 -0.35913
30.77 -0.35903
30.78 -0.35889
30.79 -0.35871
30.8 -0.3585
30.81 -0.35826
30.82 -0.358
30.83 -0.35771
30.84 -0.35738
30.85 -0.35702
30.86 -0.35662
30.87 -0.35617
30.88 -0.3557
30.89 -0.3552
30.9 -0.35468
30.91 -0.35413
30.92 -0.35357
30.93 -0.35298
30.94 -0.35237
30.95 -0.35175
30.96 -0.3511
30.97 -0.35045
30.98 -0.34978
30.99 -0.34909
31 -0.34839
31.01 -0.34765
31.02 -0.34687
31.03 -0.34604
31.04 -0.34514
31.05 -0.34415
31.06 -0.34305
31.07 -0.34182
31.08 -0.34044
31.09 -0.33889
31.1 -0.33717
31.11 -0.33528
31.12 -0.33322
31.13 -0.33102
31.14 -0.3287
31.15 -0.32629
31.16 -0.32382
31.17 -0.32132
31.18 -0.31881
31.19 -0.31632
31.2 -0.31389
31.21 -0.31155
31.22 -0.30932
31.23 -0.30723
31.24 -0.30528
31.25 -0.30349
31.26 -0.30186
31.27 -0.30039
31.28 -0.29907
31.29 -0.2979
31.3 -0.29687
31.31 -0.29597
31.32 -0.29518
31.33 -0.29447
31.34 -0.29381
31.35 -0.29317
31.36 -0.2925
31.37 -0.29177
31.38 -0.29097
31.39 -0.29009
31.4 -0.28916
31.41 -0.28819
31.42 -0.28723
31.43 -0.2863
31.44 -0.28544
31.45 -0.28466
31.46 -0.28397
31.47 -0.28337
31.48 -0.28285
31.49 -0.28239
31.5 -0.28199
31.51 -0.2816
31.52 -0.28124
31.53 -0.28088
31.54 -0.28052
31.55 -0.28014
31.56 -0.27974
31.57 -0.27933
31.58 -0.27892
31.59 -0.2785
31.6 -0.27808
31.61 -0.27766
31.62 -0.27727
31.63 -0.2769
31.64 -0.27658
31.65 -0.27629
31.66 -0.27605
31.67 -0.27583
31.68 -0.27564
31.69 -0.27547
31.7 -0.27531
31.71 -0.27517
31.72 -0.27505
31.73 -0.27495
31.74 -0.27487
31.75 -0.27484
31.76 -0.27484
31.77 -0.27488
31.78 -0.27497
31.79 -0.27509
31.8 -0.27525
31.81 -0.27545
31.82 -0.27567
31.83 -0.27593
31.84 -0.27621
31.85 -0.27651
31.86 -0.27684
31.87 -0.27718
31.88 -0.27753
31.89 -0.27788
31.9 -0.2782
31.91 -0.27849
31.92 -0.27874
31.93 -0.27894
31.94 -0.27909
31.95 -0.2792
31.96 -0.2793
31.97 -0.27938
31.98 -0.27947
31.99 -0.27958
32 -0.27971
32.01 -0.27987
32.02 -0.28006
32.03 -0.28028
32.04 -0.28054
32.05 -0.28084
32.06 -0.28118
32.07 -0.28154
32.08 -0.28193
32.09 -0.28233
32.1 -0.28273
32.11 -0.28314
32.12 -0.28355
32.13 -0.28396
32.14 -0.28436
32.15 -0.28474
32.16 -0.28511
32.17 -0.28546
32.18 -0.2858
32.19 -0.28612
32.2 -0.28641
32.21 -0.28669
32.22 -0.28695
32.23 -0.28721
32.24 -0.28745
32.25 -0.2877
32.26 -0.28795
32.27 -0.2882
32.28 -0.28844
32.29 -0.28869
32.3 -0.28894
32.31 -0.28919
32.32 -0.28945
32.33 -0.28973
32.34 -0.29002
32.35 -0.29032
32.36 -0.29065
32.37 -0.291
32.38 -0.29136
32.39 -0.29172
32.4 -0.29206
32.41 -0.29239
32.42 -0.29268
32.43 -0.29293
32.44 -0.29314
32.45 -0.29331
32.46 -0.29345
32.47 -0.29355
32.48 -0.29364
32.49 -0.29371
32.5 -0.29376
32.51 -0.29378
32.52 -0.29379
32.53 -0.29378
32.54 -0.29373
32.55 -0.29367
32.56 -0.29357
32.57 -0.29344
32.58 -0.29329
32.59 -0.29312
32.6 -0.29295
32.61 -0.29279
32.62 -0.29266
32.63 -0.29256
32.64 -0.2925
32.65 -0.29247
32.66 -0.29248
32.67 -0.29253
32.68 -0.2926
32.69 -0.29271
32.7 -0.29285
32.71 -0.29302
32.72 -0.29322
32.73 -0.29346
32.74 -0.29372
32.75 -0.29401
32.76 -0.29432
32.77 -0.29464
32.78 -0.29497
32.79 -0.29529
32.8 -0.2956
32.81 -0.29588
32.82 -0.29612
32.83 -0.29632
32.84 -0.29646
32.85 -0.29654
32.86 -0.29656
32.87 -0.29652
32.88 -0.29642
32.89 -0.29628
32.9 -0.29609
32.91 -0.29588
32.92 -0.29565
32.93 -0.29542
32.94 -0.2952
32.95 -0.295
32.96 -0.29484
32.97 -0.2947
32.98 -0.2946
32.99 -0.29453
33 -0.29449
33.01 -0.29447
33.02 -0.29446
33.03 -0.29445
33.04 -0.29444
33.05 -0.29441
33.06 -0.29437
33.07 -0.29432
33.08 -0.29426
33.09 -0.29419
33.1 -0.29412
33.11 -0.29405
33.12 -0.29399
33.13 -0.29394
33.14 -0.29388
33.15 -0.29382
33.16 -0.29374
33.17 -0.29364
33.18 -0.29352
33.19 -0.29339
33.2 -0.29323
33.21 -0.29305
33.22 -0.29284
33.23 -0.2926
33.24 -0.29233
33.25 -0.29204
33.26 -0.29171
33.27 -0.29134
33.28 -0.29092
33.29 -0.29046
33.3 -0.28997
33.31 -0.28944
33.32 -0.28888
33.33 -0.28831
33.34 -0.28774
33.35 -0.28718
33.36 -0.28665
33.37 -0.28615
33.38 -0.28568
33.39 -0.28525
33.4 -0.28486
33.41 -0.28452
33.42 -0.28422
33.43 -0.28397
33.44 -0.28377
33.45 -0.28363
33.46 -0.28354
33.47 -0.28348
33.48 -0.28345
33.49 -0.28342
33.5 -0.28339
33.51 -0.28335
33.52 -0.2833
33.53 -0.28324
33.54 -0.28317
33.55 -0.28308
33.56 -0.28298
33.57 -0.28286
33.58 -0.28272
33.59 -0.28258
33.6 -0.28244
33.61 -0.28231
33.62 -0.2822
33.63 -0.2821
33.64 -0.28202
33.65 -0.28197
33.66 -0.28193
33.67 -0.28191
33.68 -0.28191
33.69 -0.28193
33.7 -0.28194
33.71 -0.28196
33.72 -0.28196
33.73 -0.28195
33.74 -0.28191
33.75 -0.28184
33.76 -0.28173
33.77 -0.2816
33.78 -0.28145
33.79 -0.28129
33.8 -0.28113
33.81 -0.28096
33.82 -0.28078
33.83 -0.28059
33.84 -0.28036
33.85 -0.28011
33.86 -0.27983
33.87 -0.27952
33.88 -0.27921
33.89 -0.27891
33.9 -0.27861
33.91 -0.27835
33.92 -0.27811
33.93 -0.27791
33.94 -0.27774
33.95 -0.27761
33.96 -0.27751
33.97 -0.27745
33.98 -0.27742
33.99 -0.27742
34 -0.27746
34.01 -0.27752
34.02 -0.27762
34.03 -0.27773
34.04 -0.27786
34.05 -0.278
34.06 -0.27815
34.07 -0.27832
34.08 -0.2785
34.09 -0.27869
34.1 -0.27889
34.11 -0.27912
34.12 -0.27937
34.13 -0.27964
34.14 -0.27992
34.15 -0.28021
34.16 -0.28049
34.17 -0.28077
34.18 -0.28101
34.19 -0.28121
34.2 -0.28137
34.21 -0.28148
34.22 -0.28155
34.23 -0.28161
34.24 -0.28164
34.25 -0.28166
34.26 -0.28166
34.27 -0.28162
34.28 -0.28156
34.29 -0.28146
34.3 -0.28134
34.31 -0.28119
34.32 -0.28103
34.33 -0.28085
34.34 -0.28066
34.35 -0.28046
34.36 -0.28024
34.37 -0.28001
34.38 -0.27977
34.39 -0.27954
34.4 -0.2793
34.41 -0.27907
34.42 -0.27883
34.43 -0.27858
34.44 -0.27834
34.45 -0.27809
34.46 -0.27785
34.47 -0.27763
34.48 -0.27742
34.49 -0.27723
34.5 -0.27707
34.51 -0.27693
34.52 -0.27681
34.53 -0.2767
34.54 -0.27661
34.55 -0.27651
34.56 -0.2764
34.57 -0.27627
34.58 -0.27613
34.59 -0.27597
34.6 -0.27581
34.61 -0.27565
34.62 -0.27551
34.63 -0.27537
34.64 -0.27524
34.65 -0.27513
34.66 -0.27503
34.67 -0.27495
34.68 -0.27489
34.69 -0.27484
34.7 -0.27482
34.71 -0.27482
34.72 -0.27486
34.73 -0.27496
34.74 -0.27513
34.75 -0.27537
34.76 -0.2757
34.77 -0.2761
34.78 -0.27656
34.79 -0.27707
34.8 -0.27761
34.81 -0.27817
34.82 -0.27872
34.83 -0.27925
34.84 -0.27976
34.85 -0.28021
34.86 -0.28062
34.87 -0.28098
34.88 -0.28128
34.89 -0.28152
34.9 -0.2817
34.91 -0.28183
34.92 -0.2819
34.93 -0.28192
34.94 -0.2819
34.95 -0.28183
34.96 -0.28172
34.97 -0.28157
34.98 -0.28136
34.99 -0.2811
35 -0.2808
35.01 -0.28045
35.02 -0.28005
35.03 -0.27961
35.04 -0.27914
35.05 -0.27863
35.06 -0.27809
35.07 -0.27753
35.08 -0.27697
35.09 -0.2764
35.1 -0.27584
35.11 -0.27529
35.12 -0.27476
35.13 -0.27425
35.14 -0.27375
35.15 -0.27326
35.16 -0.27279
35.17 -0.27232
35.18 -0.27186
35.19 -0.27142
35.2 -0.271
35.21 -0.27062
35.22 -0.27028
35.23 -0.27001
35.24 -0.26979
35.25 -0.26963
35.26 -0.26953
35.27 -0.26949
35.28 -0.26951
35.29 -0.26959
35.3 -0.26971
35.31 -0.26987
35.32 -0.27007
35.33 -0.27029
35.34 -0.27051
35.35 -0.27071
35.36 -0.27089
35.37 -0.27105
35.38 -0.27117
35.39 -0.27125
35.4 -0.27129
35.41 -0.27129
35.42 -0.27127
35.43 -0.27122
35.44 -0.27116
35.45 -0.2711
35.46 -0.27104
35.47 -0.27098
35.48 -0.27094
35.49 -0.2709
35.5 -0.27088
35.51 -0.27087
35.52 -0.27087
35.53 -0.27088
35.54 -0.27089
35.55 -0.27091
35.56 -0.27092
35.57 -0.27093
35.58 -0.27092
35.59 -0.2709
35.6 -0.27086
35.61 -0.27082
35.62 -0.27079
35.63 -0.27078
35.64 -0.27081
35.65 -0.2709
35.66 -0.27106
35.67 -0.27128
35.68 -0.27157
35.69 -0.27191
35.7 -0.27229
35.71 -0.27268
35.72 -0.27306
35.73 -0.27343
35.74 -0.27377
35.75 -0.27408
35.76 -0.27437
35.77 -0.27463
35.78 -0.27487
35.79 -0.27509
35.8 -0.2753
35.81 -0.2755
35.82 -0.2757
35.83 -0.27588
35.84 -0.27607
35.85 -0.27625
35.86 -0.27645
35.87 -0.27666
35.88 -0.27688
35.89 -0.27711
35.9 -0.27736
35.91 -0.27761
35.92 -0.27787
35.93 -0.27812
35.94 -0.27836
35.95 -0.2786
35.96 -0.27882
35.97 -0.27902
35.98 -0.2792
35.99 -0.27937
36 -0.27952
36.01 -0.27966
36.02 -0.27981
36.03 -0.27996
36.04 -0.28012
36.05 -0.28029
36.06 -0.28047
36.07 -0.28064
36.08 -0.28081
36.09 -0.28097
36.1 -0.28111
36.11 -0.28121
36.12 -0.28128
36.13 -0.28132
36.14 -0.28133
36.15 -0.28132
36.16 -0.2813
36.17 -0.28127
36.18 -0.28126
