0 -1.3961
0.01 -1.399
0.02 -1.4013
0.03 -1.4026
0.04 -1.4028
0.05 -1.4017
0.06 -1.3995
0.07 -1.3962
0.08 -1.3922
0.09 -1.3878
0.1 -1.3832
0.11 -1.3786
0.12 -1.3743
0.13 -1.3704
0.14 -1.3671
0.15 -1.3645
0.16 -1.3627
0.17 -1.3618
0.18 -1.3618
0.19 -1.3628
0.2 -1.365
0.21 -1.3682
0.22 -1.3726
0.23 -1.378
0.24 -1.3844
0.25 -1.3915
0.26 -1.3989
0.27 -1.4063
0.28 -1.4134
0.29 -1.4199
0.3 -1.4259
0.31 -1.4312
0.32 -1.436
0.33 -1.4404
0.34 -1.4443
0.35 -1.448
0.36 -1.4514
0.37 -1.4546
0.38 -1.4576
0.39 -1.4605
0.4 -1.4634
0.41 -1.4662
0.42 -1.4691
0.43 -1.4723
0.44 -1.4757
0.45 -1.4795
0.46 -1.4837
0.47 -1.4883
0.48 -1.4933
0.49 -1.4985
0.5 -1.5042
0.51 -1.5102
0.52 -1.5167
0.53 -1.5237
0.54 -1.531
0.55 -1.5387
0.56 -1.5465
0.57 -1.5542
0.58 -1.5617
0.59 -1.5689
0.6 -1.5758
0.61 -1.5822
0.62 -1.5883
0.63 -1.5939
0.64 -1.5992
0.65 -1.6042
0.66 -1.6087
0.67 -1.6128
0.68 -1.6164
0.69 -1.6194
0.7 -1.6217
0.71 -1.6234
0.72 -1.6245
0.73 -1.6249
0.74 -1.6247
0.75 -1.6239
0.76 -1.6225
0.77 -1.6206
0.78 -1.6183
0.79 -1.6158
0.8 -1.6131
0.81 -1.6104
0.82 -1.6077
0.83 -1.6049
0.84 -1.602
0.85 -1.599
0.86 -1.5961
0.87 -1.5932
0.88 -1.5903
0.89 -1.5874
0.9 -1.5844
0.91 -1.5811
0.92 -1.5772
0.93 -1.5726
0.94 -1.5673
0.95 -1.5613
0.96 -1.5547
0.97 -1.5476
0.98 -1.54
0.99 -1.5321
1 -1.5238
1.01 -1.5152
1.02 -1.5063
1.03 -1.497
1.04 -1.4873
1.05 -1.4772
1.06 -1.4667
1.07 -1.4557
1.08 -1.4444
1.09 -1.4326
1.1 -1.4205
1.11 -1.4083
1.12 -1.3964
1.13 -1.3851
1.14 -1.3749
1.15 -1.3659
1.16 -1.3584
1.17 -1.3521
1.18 -1.3469
1.19 -1.3427
1.2 -1.339
1.21 -1.3357
1.22 -1.3327
1.23 -1.3299
1.24 -1.3274
1.25 -1.3252
1.26 -1.3234
1.27 -1.3222
1.28 -1.3218
1.29 -1.3224
1.3 -1.324
1.31 -1.3267
1.32 -1.3304
1.33 -1.3351
1.34 -1.3405
1.35 -1.3464
1.36 -1.3524
1.37 -1.3582
1.38 -1.3636
1.39 -1.3683
1.4 -1.3723
1.41 -1.3757
1.42 -1.3786
1.43 -1.381
1.44 -1.383
1.45 -1.3848
1.46 -1.3864
1.47 -1.3882
1.48 -1.3902
1.49 -1.3927
1.5 -1.3958
1.51 -1.3998
1.52 -1.4043
1.53 -1.4095
1.54 -1.4149
1.55 -1.4207
1.56 -1.4265
1.57 -1.4324
1.58 -1.4383
1.59 -1.4443
1.6 -1.4503
1.61 -1.4562
1.62 -1.4621
1.63 -1.468
1.64 -1.4738
1.65 -1.4796
1.66 -1.4852
1.67 -1.4909
1.68 -1.4965
1.69 -1.5024
1.7 -1.5086
1.71 -1.5153
1.72 -1.5223
1.73 -1.5294
1.74 -1.5362
1.75 -1.5426
1.76 -1.5483
1.77 -1.5531
1.78 -1.557
1.79 -1.5601
1.8 -1.5623
1.81 -1.5634
1.82 -1.5636
1.83 -1.5625
1.84 -1.5599
1.85 -1.5558
1.86 -1.5499
1.87 -1.5423
1.88 -1.5331
1.89 -1.5227
1.9 -1.5112
1.91 -1.4988
1.92 -1.4853
1.93 -1.4708
1.94 -1.4549
1.95 -1.4375
1.96 -1.4187
1.97 -1.3985
1.98 -1.3772
1.99 -1.3554
2 -1.3334
2.01 -1.3117
2.02 -1.2906
2.03 -1.2698
2.04 -1.2492
2.05 -1.2286
2.06 -1.2079
2.07 -1.1871
2.08 -1.1662
2.09 -1.145
2.1 -1.1237
2.11 -1.1021
2.12 -1.0803
2.13 -1.0582
2.14 -1.0358
2.15 -1.013
2.16 -0.98986
2.17 -0.96635
2.18 -0.94252
2.19 -0.91848
2.2 -0.89434
2.21 -0.87025
2.22 -0.84628
2.23 -0.82246
2.24 -0.79875
2.25 -0.77506
2.26 -0.75125
2.27 -0.72719
2.28 -0.70281
2.29 -0.67809
2.3 -0.65313
2.31 -0.62806
2.32 -0.60308
2.33 -0.57841
2.34 -0.5543
2.35 -0.53099
2.36 -0.50865
2.37 -0.48745
2.38 -0.46743
2.39 -0.44858
2.4 -0.43083
2.41 -0.41412
2.42 -0.39847
2.43 -0.38393
2.44 -0.37059
2.45 -0.35854
2.46 -0.34787
2.47 -0.33866
2.48 -0.33094
2.49 -0.32472
2.5 -0.31995
2.51 -0.31654
2.52 -0.31442
2.53 -0.31353
2.54 -0.31381
2.55 -0.31517
2.56 -0.31752
2.57 -0.32077
2.58 -0.32481
2.59 -0.32947
2.6 -0.33456
2.61 -0.33984
2.62 -0.34502
2.63 -0.34981
2.64 -0.35394
2.65 -0.35715
2.66 -0.3593
2.67 -0.36036
2.68 -0.36036
2.69 -0.35945
2.7 -0.3578
2.71 -0.35565
2.72 -0.35323
2.73 -0.35067
2.74 -0.34808
2.75 -0.34549
2.76 -0.34291
2.77 -0.34032
2.78 -0.33772
2.79 -0.33516
2.8 -0.33277
2.81 -0.33068
2.82 -0.32898
2.83 -0.32764
2.84 -0.32652
2.85 -0.32543
2.86 -0.3241
2.87 -0.32237
2.88 -0.32014
2.89 -0.31749
2.9 -0.31451
2.91 -0.31132
2.92 -0.30801
2.93 -0.30478
2.94 -0.30189
2.95 -0.2997
2.96 -0.2986
2.97 -0.29891
2.98 -0.30091
2.99 -0.30486
3 -0.31101
3.01 -0.31956
3.02 -0.33069
3.03 -0.34447
3.04 -0.36092
3.05 -0.37993
3.06 -0.40135
3.07 -0.42493
3.08 -0.45035
3.09 -0.47726
3.1 -0.5053
3.11 -0.53417
3.12 -0.56365
3.13 -0.59365
3.14 -0.62415
3.15 -0.65522
3.16 -0.68701
3.17 -0.71971
3.18 -0.75351
3.19 -0.78854
3.2 -0.8249
3.21 -0.86261
3.22 -0.90164
3.23 -0.94185
3.24 -0.98306
3.25 -1.0251
3.26 -1.0678
3.27 -1.1108
3.28 -1.1539
3.29 -1.1964
3.3 -1.2377
3.31 -1.2769
3.32 -1.313
3.33 -1.3454
3.34 -1.3737
3.35 -1.3978
3.36 -1.4179
3.37 -1.4341
3.38 -1.4466
3.39 -1.4556
3.4 -1.4614
3.41 -1.4647
3.42 -1.4659
3.43 -1.4656
3.44 -1.4645
3.45 -1.4629
3.46 -1.4615
3.47 -1.4608
3.48 -1.4614
3.49 -1.464
3.5 -1.4689
3.51 -1.476
3.52 -1.4849
3.53 -1.4949
3.54 -1.505
3.55 -1.5145
3.56 -1.5229
3.57 -1.5297
3.58 -1.5349
3.59 -1.5385
3.6 -1.5407
3.61 -1.5417
3.62 -1.5417
3.63 -1.5408
3.64 -1.5392
3.65 -1.5371
3.66 -1.5347
3.67 -1.5322
3.68 -1.5298
3.69 -1.5277
3.7 -1.5261
3.71 -1.525
3.72 -1.5245
3.73 -1.5244
3.74 -1.5247
3.75 -1.5254
3.76 -1.5264
3.77 -1.5277
3.78 -1.5292
3.79 -1.5309
3.8 -1.5328
3.81 -1.5349
3.82 -1.5372
3.83 -1.5396
3.84 -1.542
3.85 -1.5443
3.86 -1.5463
3.87 -1.548
3.88 -1.5493
3.89 -1.5501
3.9 -1.5505
3.91 -1.5503
3.92 -1.5499
3.93 -1.5492
3.94 -1.5485
3.95 -1.5479
3.96 -1.5474
3.97 -1.547
3.98 -1.5468
3.99 -1.5467
4 -1.5468
4.01 -1.547
4.02 -1.5472
4.03 -1.5474
4.04 -1.5475
4.05 -1.5476
4.06 -1.5476
4.07 -1.5475
4.08 -1.5473
4.09 -1.5471
4.1 -1.5468
4.11 -1.5465
4.12 -1.5462
4.13 -1.5458
4.14 -1.5454
4.15 -1.5449
4.16 -1.5442
4.17 -1.5434
4.18 -1.5423
4.19 -1.541
4.2 -1.5393
4.21 -1.5374
4.22 -1.5353
4.23 -1.5329
4.24 -1.5302
4.25 -1.5272
4.26 -1.5238
4.27 -1.52
4.28 -1.5158
4.29 -1.5113
4.3 -1.5067
4.31 -1.502
4.32 -1.4974
4.33 -1.4931
4.34 -1.4889
4.35 -1.4851
4.36 -1.4815
4.37 -1.4783
4.38 -1.4755
4.39 -1.473
4.4 -1.4709
4.41 -1.4692
4.42 -1.468
4.43 -1.4672
4.44 -1.4669
4.45 -1.4669
4.46 -1.4672
4.47 -1.4676
4.48 -1.4683
4.49 -1.469
4.5 -1.4699
4.51 -1.4707
4.52 -1.4716
4.53 -1.4724
4.54 -1.4733
4.55 -1.4743
4.56 -1.4753
4.57 -1.4763
4.58 -1.4773
4.59 -1.4783
4.6 -1.4792
4.61 -1.4798
4.62 -1.4803
4.63 -1.4804
4.64 -1.4803
4.65 -1.4798
4.66 -1.479
4.67 -1.478
4.68 -1.477
4.69 -1.476
4.7 -1.4751
4.71 -1.4746
4.72 -1.4744
4.73 -1.4747
4.74 -1.4753
4.75 -1.4763
4.76 -1.4775
4.77 -1.4786
4.78 -1.4798
4.79 -1.4807
4.8 -1.4814
4.81 -1.4818
4.82 -1.4818
4.83 -1.4816
4.84 -1.4809
4.85 -1.4797
4.86 -1.4779
4.87 -1.4755
4.88 -1.4725
4.89 -1.4688
4.9 -1.4645
4.91 -1.4596
4.92 -1.4542
4.93 -1.4485
4.94 -1.4426
4.95 -1.4366
4.96 -1.4305
4.97 -1.4246
4.98 -1.4188
4.99 -1.4131
5 -1.4076
5.01 -1.4023
5.02 -1.397
5.03 -1.3918
5.04 -1.3866
5.05 -1.3815
5.06 -1.3765
5.07 -1.3716
5.08 -1.3669
5.09 -1.3621
5.1 -1.3572
5.11 -1.3521
5.12 -1.347
5.13 -1.3419
5.14 -1.3368
5.15 -1.3317
5.16 -1.3267
5.17 -1.3218
5.18 -1.3169
5.19 -1.312
5.2 -1.3072
5.21 -1.3024
5.22 -1.2977
5.23 -1.293
5.24 -1.2885
5.25 -1.2842
5.26 -1.2801
5.27 -1.2763
5.28 -1.273
5.29 -1.2703
5.3 -1.2682
5.31 -1.2669
5.32 -1.2664
5.33 -1.2666
5.34 -1.2674
5.35 -1.2688
5.36 -1.2708
5.37 -1.2734
5.38 -1.2765
5.39 -1.2798
5.4 -1.283
5.41 -1.2854
5.42 -1.2865
5.43 -1.2862
5.44 -1.2847
5.45 -1.2826
5.46 -1.2805
5.47 -1.2789
5.48 -1.2784
5.49 -1.2791
5.5 -1.2811
5.51 -1.2846
5.52 -1.2895
5.53 -1.2958
5.54 -1.3032
5.55 -1.3113
5.56 -1.3198
5.57 -1.3284
5.58 -1.3367
5.59 -1.3446
5.6 -1.3521
5.61 -1.3591
5.62 -1.3655
5.63 -1.3712
5.64 -1.3763
5.65 -1.3807
5.66 -1.3846
5.67 -1.3878
5.68 -1.3905
5.69 -1.3926
5.7 -1.3942
5.71 -1.3953
5.72 -1.3959
5.73 -1.3962
5.74 -1.3961
5.75 -1.3958
5.76 -1.3955
5.77 -1.3951
5.78 -1.3947
5.79 -1.3944
5.8 -1.3944
5.81 -1.3945
5.82 -1.3951
5.83 -1.3959
5.84 -1.3971
5.85 -1.3986
5.86 -1.4003
5.87 -1.4019
5.88 -1.4034
5.89 -1.4047
5.9 -1.4057
5.91 -1.4062
5.92 -1.4063
5.93 -1.4059
5.94 -1.4051
5.95 -1.4039
5.96 -1.4024
5.97 -1.4008
5.98 -1.3992
5.99 -1.3978
6 -1.3966
6.01 -1.3956
6.02 -1.3948
6.03 -1.3942
6.04 -1.3938
6.05 -1.3936
6.06 -1.3936
6.07 -1.3937
6.08 -1.3937
6.09 -1.3934
6.1 -1.3925
6.11 -1.3908
6.12 -1.3875
6.13 -1.3824
6.14 -1.3749
6.15 -1.365
6.16 -1.3525
6.17 -1.3375
6.18 -1.3198
6.19 -1.2998
6.2 -1.2775
6.21 -1.2533
6.22 -1.2274
6.23 -1.2002
6.24 -1.172
6.25 -1.1429
6.26 -1.1133
6.27 -1.0833
6.28 -1.053
6.29 -1.0226
6.3 -0.99208
6.31 -0.96167
6.32 -0.93144
6.33 -0.90158
6.34 -0.8723
6.35 -0.84381
6.36 -0.81627
6.37 -0.78977
6.38 -0.76436
6.39 -0.74006
6.4 -0.71691
6.41 -0.69496
6.42 -0.67428
6.43 -0.65499
6.44 -0.63718
6.45 -0.62098
6.46 -0.60648
6.47 -0.59368
6.48 -0.58242
6.49 -0.57241
6.5 -0.56332
6.51 -0.55475
6.52 -0.54637
6.53 -0.5379
6.54 -0.52918
6.55 -0.52014
6.56 -0.51086
6.57 -0.50146
6.58 -0.49214
6.59 -0.48304
6.6 -0.47433
6.61 -0.46614
6.62 -0.45862
6.63 -0.45194
6.64 -0.44626
6.65 -0.44172
6.66 -0.43836
6.67 -0.43621
6.68 -0.43525
6.69 -0.43547
6.7 -0.43684
6.71 -0.43928
6.72 -0.44271
6.73 -0.44704
6.74 -0.45216
6.75 -0.45796
6.76 -0.46434
6.77 -0.47114
6.78 -0.47815
6.79 -0.48521
6.8 -0.49215
6.81 -0.49886
6.82 -0.50523
6.83 -0.5112
6.84 -0.51677
6.85 -0.52193
6.86 -0.52655
6.87 -0.53033
6.88 -0.53301
6.89 -0.53445
6.9 -0.53469
6.91 -0.53383
6.92 -0.53195
6.93 -0.52906
6.94 -0.5251
6.95 -0.51995
6.96 -0.51345
6.97 -0.50539
6.98 -0.49568
6.99 -0.48436
7 -0.47167
7.01 -0.45801
7.02 -0.44384
7.03 -0.42967
7.04 -0.41597
7.05 -0.40318
7.06 -0.39173
7.07 -0.38202
7.08 -0.37433
7.09 -0.36892
7.1 -0.36601
7.11 -0.36575
7.12 -0.36825
7.13 -0.3736
7.14 -0.38182
7.15 -0.39284
7.16 -0.40654
7.17 -0.42273
7.18 -0.44123
7.19 -0.46187
7.2 -0.48453
7.21 -0.50915
7.22 -0.53565
7.23 -0.56395
7.24 -0.59394
7.25 -0.62556
7.26 -0.65869
7.27 -0.69326
7.28 -0.72917
7.29 -0.76633
7.3 -0.80459
7.31 -0.84374
7.32 -0.88352
7.33 -0.9236
7.34 -0.96359
7.35 -1.0031
7.36 -1.0417
7.37 -1.0789
7.38 -1.1146
7.39 -1.1484
7.4 -1.1803
7.41 -1.2103
7.42 -1.2384
7.43 -1.2648
7.44 -1.2894
7.45 -1.3123
7.46 -1.3333
7.47 -1.3525
7.48 -1.3696
7.49 -1.3845
7.5 -1.3974
7.51 -1.4081
7.52 -1.4168
7.53 -1.4237
7.54 -1.4289
7.55 -1.4326
7.56 -1.4351
7.57 -1.4365
7.58 -1.4375
7.59 -1.4384
7.6 -1.4395
7.61 -1.4411
7.62 -1.4429
7.63 -1.4449
7.64 -1.4467
7.65 -1.4482
7.66 -1.4492
7.67 -1.4494
7.68 -1.4485
7.69 -1.4464
7.7 -1.4431
7.71 -1.4386
7.72 -1.4332
7.73 -1.4274
7.74 -1.4215
7.75 -1.4156
7.76 -1.4101
7.77 -1.405
7.78 -1.4004
7.79 -1.3964
7.8 -1.3928
7.81 -1.3898
7.82 -1.3873
7.83 -1.3852
7.84 -1.3835
7.85 -1.3821
7.86 -1.3812
7.87 -1.3805
7.88 -1.3802
7.89 -1.3802
7.9 -1.3804
7.91 -1.3809
7.92 -1.3815
7.93 -1.3823
7.94 -1.3831
7.95 -1.384
7.96 -1.385
7.97 -1.3862
7.98 -1.3874
7.99 -1.3888
8 -1.3902
8.01 -1.3918
8.02 -1.3934
8.03 -1.395
8.04 -1.3967
8.05 -1.3984
8.06 -1.4002
8.07 -1.4021
8.08 -1.404
8.09 -1.4061
8.1 -1.4083
8.11 -1.4105
8.12 -1.4128
8.13 -1.4151
8.14 -1.4174
8.15 -1.4197
8.16 -1.4219
8.17 -1.424
8.18 -1.4259
8.19 -1.4276
8.2 -1.4291
8.21 -1.4304
8.22 -1.4316
8.23 -1.4327
8.24 -1.4337
8.25 -1.4346
8.26 -1.4354
8.27 -1.4361
8.28 -1.4369
8.29 -1.4376
8.3 -1.4385
8.31 -1.4394
8.32 -1.4404
8.33 -1.4414
8.34 -1.4424
8.35 -1.4434
8.36 -1.4443
8.37 -1.4451
8.38 -1.4457
8.39 -1.4461
8.4 -1.4462
8.41 -1.4461
8.42 -1.4459
8.43 -1.4456
8.44 -1.4453
8.45 -1.4451
8.46 -1.445
8.47 -1.445
8.48 -1.4451
8.49 -1.4452
8.5 -1.4454
8.51 -1.4456
8.52 -1.4458
8.53 -1.446
8.54 -1.4461
8.55 -1.4463
8.56 -1.4465
8.57 -1.4467
8.58 -1.4469
8.59 -1.4472
8.6 -1.4476
8.61 -1.4479
8.62 -1.4483
8.63 -1.4486
8.64 -1.449
8.65 -1.4494
8.66 -1.4497
8.67 -1.4501
8.68 -1.4504
8.69 -1.4508
8.7 -1.4511
8.71 -1.4515
8.72 -1.4519
8.73 -1.4524
8.74 -1.4528
8.75 -1.4533
8.76 -1.4537
8.77 -1.4541
8.78 -1.4543
8.79 -1.4545
8.8 -1.4545
8.81 -1.4545
8.82 -1.4544
8.83 -1.4543
8.84 -1.4541
8.85 -1.454
8.86 -1.4538
8.87 -1.4536
8.88 -1.4535
8.89 -1.4534
8.9 -1.4533
8.91 -1.4533
8.92 -1.4533
8.93 -1.4533
8.94 -1.4535
8.95 -1.4537
8.96 -1.454
8.97 -1.4546
8.98 -1.4554
8.99 -1.4565
9 -1.458
9.01 -1.46
9.02 -1.4625
9.03 -1.4656
9.04 -1.4692
9.05 -1.4734
9.06 -1.478
9.07 -1.483
9.08 -1.4882
9.09 -1.4937
9.1 -1.4993
9.11 -1.505
9.12 -1.5107
9.13 -1.5164
9.14 -1.5219
9.15 -1.5273
9.16 -1.5325
9.17 -1.5374
9.18 -1.5422
9.19 -1.5467
9.2 -1.5509
9.21 -1.5548
9.22 -1.5582
9.23 -1.5612
9.24 -1.5636
9.25 -1.5656
9.26 -1.5671
9.27 -1.5682
9.28 -1.5689
9.29 -1.5694
9.3 -1.5696
9.31 -1.5698
9.32 -1.5698
9.33 -1.5698
9.34 -1.5697
9.35 -1.5697
9.36 -1.5696
9.37 -1.5696
9.38 -1.5696
9.39 -1.5696
9.4 -1.5698
9.41 -1.57
9.42 -1.5703
9.43 -1.5707
9.44 -1.5712
9.45 -1.5718
9.46 -1.5725
9.47 -1.5732
9.48 -1.5739
9.49 -1.5745
9.5 -1.5751
9.51 -1.5757
9.52 -1.5763
9.53 -1.5768
9.54 -1.5773
9.55 -1.5778
9.56 -1.5782
9.57 -1.5786
9.58 -1.579
9.59 -1.5793
9.6 -1.5797
9.61 -1.5801
9.62 -1.5805
9.63 -1.5811
9.64 -1.5818
9.65 -1.5826
9.66 -1.5838
9.67 -1.5852
9.68 -1.5871
9.69 -1.5895
9.7 -1.5924
9.71 -1.5959
9.72 -1.5998
9.73 -1.6042
9.74 -1.6088
9.75 -1.6134
9.76 -1.6178
9.77 -1.6217
9.78 -1.6248
9.79 -1.6268
9.8 -1.6272
9.81 -1.6254
9.82 -1.621
9.83 -1.6133
9.84 -1.602
9.85 -1.5866
9.86 -1.567
9.87 -1.5433
9.88 -1.5157
9.89 -1.4847
9.9 -1.4512
9.91 -1.4158
9.92 -1.3794
9.93 -1.3428
9.94 -1.3068
9.95 -1.272
9.96 -1.2389
9.97 -1.2076
9.98 -1.1782
9.99 -1.1507
10 -1.1249
10.01 -1.1003
10.02 -1.0766
10.03 -1.0536
10.04 -1.0309
10.05 -1.0084
10.06 -0.98617
10.07 -0.96429
10.08 -0.94306
10.09 -0.9227
10.1 -0.9035
10.11 -0.88578
10.12 -0.86981
10.13 -0.85571
10.14 -0.84353
10.15 -0.83321
10.16 -0.8247
10.17 -0.81794
10.18 -0.81281
10.19 -0.80904
10.2 -0.80623
10.21 -0.80401
10.22 -0.80206
10.23 -0.80021
10.24 -0.79824
10.25 -0.79602
10.26 -0.79347
10.27 -0.79062
10.28 -0.78757
10.29 -0.78438
10.3 -0.78102
10.31 -0.77745
10.32 -0.77366
10.33 -0.76969
10.34 -0.76548
10.35 -0.76086
10.36 -0.75566
10.37 -0.74981
10.38 -0.74343
10.39 -0.73677
10.4 -0.73018
10.41 -0.72392
10.42 -0.71809
10.43 -0.71266
10.44 -0.70756
10.45 -0.70268
10.46 -0.69796
10.47 -0.69335
10.48 -0.6888
10.49 -0.68423
10.5 -0.67949
10.51 -0.67439
10.52 -0.66878
10.53 -0.66253
10.54 -0.65562
10.55 -0.6481
10.56 -0.64014
10.57 -0.63204
10.58 -0.62415
10.59 -0.61686
10.6 -0.61046
10.61 -0.60511
10.62 -0.6008
10.63 -0.59747
10.64 -0.59491
10.65 -0.59284
10.66 -0.59093
10.67 -0.58888
10.68 -0.5865
10.69 -0.58377
10.7 -0.58078
10.71 -0.57773
10.72 -0.57479
10.73 -0.57215
10.74 -0.56993
10.75 -0.5682
10.76 -0.56697
10.77 -0.56621
10.78 -0.56585
10.79 -0.56583
10.8 -0.56609
10.81 -0.56654
10.82 -0.56707
10.83 -0.56758
10.84 -0.56805
10.85 -0.56855
10.86 -0.56925
10.87 -0.57033
10.88 -0.57192
10.89 -0.57409
10.9 -0.57682
10.91 -0.57999
10.92 -0.58338
10.93 -0.58671
10.94 -0.58965
10.95 -0.59198
10.96 -0.59354
10.97 -0.59437
10.98 -0.59465
10.99 -0.59467
11 -0.59481
11.01 -0.59549
11.02 -0.5971
11.03 -0.5999
11.04 -0.60405
11.05 -0.60968
11.06 -0.61699
11.07 -0.6262
11.08 -0.63748
11.09 -0.65092
11.1 -0.66647
11.11 -0.68392
11.12 -0.70289
11.13 -0.7229
11.14 -0.74351
11.15 -0.76431
11.16 -0.78497
11.17 -0.80522
11.18 -0.82494
11.19 -0.84411
11.2 -0.86283
11.21 -0.88127
11.22 -0.89971
11.23 -0.91855
11.24 -0.93835
11.25 -0.95971
11.26 -0.98326
11.27 -1.0097
11.28 -1.0397
11.29 -1.0742
11.3 -1.1137
11.31 -1.1589
11.32 -1.2099
11.33 -1.2667
11.34 -1.3286
11.35 -1.3946
11.36 -1.4633
11.37 -1.5324
11.38 -1.5999
11.39 -1.6635
11.4 -1.7215
11.41 -1.7727
11.42 -1.8164
11.43 -1.8526
11.44 -1.881
11.45 -1.9021
11.46 -1.9162
11.47 -1.9237
11.48 -1.925
11.49 -1.9207
11.5 -1.9112
11.51 -1.8972
11.52 -1.8793
11.53 -1.8581
11.54 -1.8342
11.55 -1.8083
11.56 -1.7812
11.57 -1.7538
11.58 -1.7268
11.59 -1.7009
11.6 -1.677
11.61 -1.6555
11.62 -1.6369
11.63 -1.6215
11.64 -1.6095
11.65 -1.6006
11.66 -1.5948
11.67 -1.5917
11.68 -1.5912
11.69 -1.5929
11.7 -1.5965
11.71 -1.6018
11.72 -1.6085
11.73 -1.6165
11.74 -1.6254
11.75 -1.635
11.76 -1.645
11.77 -1.6549
11.78 -1.6645
11.79 -1.6737
11.8 -1.6823
11.81 -1.6903
11.82 -1.6978
11.83 -1.7048
11.84 -1.7114
11.85 -1.7175
11.86 -1.7232
11.87 -1.7283
11.88 -1.7328
11.89 -1.7367
11.9 -1.7401
11.91 -1.7429
11.92 -1.7453
11.93 -1.7471
11.94 -1.7486
11.95 -1.7497
11.96 -1.7504
11.97 -1.7509
11.98 -1.7512
11.99 -1.7513
12 -1.7513
12.01 -1.7513
12.02 -1.7513
12.03 -1.7513
12.04 -1.7513
12.05 -1.7514
12.06 -1.7514
12.07 -1.7515
12.08 -1.7516
12.09 -1.7516
12.1 -1.7517
12.11 -1.7516
12.12 -1.7514
12.13 -1.7511
12.14 -1.7506
12.15 -1.7501
12.16 -1.7494
12.17 -1.7488
12.18 -1.7482
12.19 -1.7475
12.2 -1.7469
12.21 -1.7463
12.22 -1.7458
12.23 -1.7451
12.24 -1.7445
12.25 -1.7437
12.26 -1.7429
12.27 -1.742
12.28 -1.7411
12.29 -1.7401
12.3 -1.7391
12.31 -1.738
12.32 -1.7369
12.33 -1.7357
12.34 -1.7344
12.35 -1.7329
12.36 -1.7313
12.37 -1.7294
12.38 -1.7273
12.39 -1.725
12.4 -1.7225
12.41 -1.72
12.42 -1.7173
12.43 -1.7146
12.44 -1.7119
12.45 -1.7092
12.46 -1.7065
12.47 -1.7038
12.48 -1.7013
12.49 -1.699
12.5 -1.697
12.51 -1.6951
12.52 -1.6936
12.53 -1.6923
12.54 -1.6912
12.55 -1.6902
12.56 -1.6895
12.57 -1.6888
12.58 -1.6883
12.59 -1.6879
12.6 -1.6875
12.61 -1.6871
12.62 -1.6869
12.63 -1.6867
12.64 -1.6867
12.65 -1.6866
12.66 -1.6866
12.67 -1.6866
12.68 -1.6866
12.69 -1.6865
12.7 -1.6863
12.71 -1.686
12.72 -1.6857
12.73 -1.6853
12.74 -1.6847
12.75 -1.6842
12.76 -1.6835
12.77 -1.6827
12.78 -1.6818
12.79 -1.6809
12.8 -1.68
12.81 -1.6789
12.82 -1.6778
12.83 -1.6767
12.84 -1.6754
12.85 -1.6741
12.86 -1.6727
12.87 -1.6713
12.88 -1.6699
12.89 -1.6688
12.9 -1.6678
12.91 -1.6672
12.92 -1.6667
12.93 -1.6664
12.94 -1.6662
12.95 -1.666
12.96 -1.6657
12.97 -1.6653
12.98 -1.6649
12.99 -1.6645
13 -1.664
13.01 -1.6636
13.02 -1.6631
13.03 -1.6627
13.04 -1.6623
13.05 -1.662
13.06 -1.6616
13.07 -1.6613
13.08 -1.6609
13.09 -1.6606
13.1 -1.6602
13.11 -1.6598
13.12 -1.6594
13.13 -1.6589
13.14 -1.6585
13.15 -1.6581
13.16 -1.6577
13.17 -1.6573
13.18 -1.6569
13.19 -1.6566
13.2 -1.6563
13.21 -1.6561
13.22 -1.6559
13.23 -1.6557
13.24 -1.6555
13.25 -1.6554
13.26 -1.6553
13.27 -1.6552
13.28 -1.6552
13.29 -1.6552
13.3 -1.6552
13.31 -1.6552
13.32 -1.6552
13.33 -1.6551
13.34 -1.655
13.35 -1.6549
13.36 -1.6549
13.37 -1.6548
13.38 -1.6548
13.39 -1.6548
13.4 -1.6547
13.41 -1.6545
13.42 -1.6543
13.43 -1.6541
13.44 -1.6539
13.45 -1.6536
13.46 -1.6534
13.47 -1.6532
13.48 -1.653
13.49 -1.6528
13.5 -1.6526
13.51 -1.6524
13.52 -1.6522
13.53 -1.6519
13.54 -1.6517
13.55 -1.6514
13.56 -1.651
13.57 -1.6507
13.58 -1.6503
13.59 -1.6499
13.6 -1.6495
13.61 -1.6491
13.62 -1.6486
13.63 -1.6481
13.64 -1.6475
13.65 -1.6469
13.66 -1.6462
13.67 -1.6454
13.68 -1.6445
13.69 -1.6436
13.7 -1.6427
13.71 -1.6418
13.72 -1.6408
13.73 -1.64
13.74 -1.6391
13.75 -1.6384
13.76 -1.6377
13.77 -1.6371
13.78 -1.6365
13.79 -1.6361
13.8 -1.6357
13.81 -1.6354
13.82 -1.6351
13.83 -1.6348
13.84 -1.6345
13.85 -1.6341
13.86 -1.6337
13.87 -1.6332
13.88 -1.6326
13.89 -1.6319
13.9 -1.6312
13.91 -1.6305
13.92 -1.6297
13.93 -1.6288
13.94 -1.6279
13.95 -1.627
13.96 -1.6262
13.97 -1.6253
13.98 -1.6245
13.99 -1.6237
14 -1.623
14.01 -1.6222
14.02 -1.6215
14.03 -1.6207
14.04 -1.6201
14.05 -1.6194
14.06 -1.6188
14.07 -1.6182
14.08 -1.6176
14.09 -1.6171
14.1 -1.6166
14.11 -1.6161
14.12 -1.6158
14.13 -1.6154
14.14 -1.6151
14.15 -1.6148
14.16 -1.6146
14.17 -1.6144
14.18 -1.6142
14.19 -1.614
14.2 -1.6139
14.21 -1.6137
14.22 -1.6135
14.23 -1.6132
14.24 -1.6129
14.25 -1.6126
14.26 -1.6122
14.27 -1.6117
14.28 -1.6111
14.29 -1.6105
14.3 -1.6097
14.31 -1.609
14.32 -1.6082
14.33 -1.6075
14.34 -1.6069
14.35 -1.6062
14.36 -1.6056
14.37 -1.6051
14.38 -1.6046
14.39 -1.6043
14.4 -1.604
14.41 -1.6037
14.42 -1.6034
14.43 -1.6032
14.44 -1.603
14.45 -1.6028
14.46 -1.6027
14.47 -1.6027
14.48 -1.6028
14.49 -1.603
14.5 -1.6032
14.51 -1.6034
14.52 -1.6036
14.53 -1.6037
14.54 -1.6039
14.55 -1.604
14.56 -1.6041
14.57 -1.6041
14.58 -1.6041
14.59 -1.604
14.6 -1.604
14.61 -1.6039
14.62 -1.6038
14.63 -1.6037
14.64 -1.6035
14.65 -1.6033
14.66 -1.603
14.67 -1.6026
14.68 -1.6021
14.69 -1.6015
14.7 -1.6009
14.71 -1.6001
14.72 -1.5994
14.73 -1.5986
14.74 -1.5978
14.75 -1.597
14.76 -1.5963
14.77 -1.5955
14.78 -1.5949
14.79 -1.5942
14.8 -1.5937
14.81 -1.5933
14.82 -1.593
14.83 -1.5928
14.84 -1.5926
14.85 -1.5926
14.86 -1.5926
14.87 -1.5925
14.88 -1.5925
14.89 -1.5923
14.9 -1.5922
14.91 -1.5919
14.92 -1.5917
14.93 -1.5915
14.94 -1.5912
14.95 -1.5909
14.96 -1.5906
14.97 -1.5903
14.98 -1.5899
14.99 -1.5896
15 -1.5893
15.01 -1.589
15.02 -1.5887
15.03 -1.5885
15.04 -1.5883
15.05 -1.5881
15.06 -1.588
15.07 -1.5878
15.08 -1.5878
15.09 -1.5877
15.1 -1.5877
15.11 -1.5878
15.12 -1.588
15.13 -1.5883
15.14 -1.5886
15.15 -1.5889
15.16 -1.5891
15.17 -1.5893
15.18 -1.5894
15.19 -1.5895
15.2 -1.5895
15.21 -1.5896
15.22 -1.5896
15.23 -1.5896
15.24 -1.5895
15.25 -1.5895
15.26 -1.5895
15.27 -1.5896
15.28 -1.5898
15.29 -1.5901
15.3 -1.5906
15.31 -1.5913
15.32 -1.5921
15.33 -1.593
15.34 -1.5939
15.35 -1.5948
15.36 -1.5956
15.37 -1.5963
15.38 -1.5968
15.39 -1.5973
15.4 -1.5977
15.41 -1.598
15.42 -1.5982
15.43 -1.5984
15.44 -1.5985
15.45 -1.5985
15.46 -1.5984
15.47 -1.5982
15.48 -1.598
15.49 -1.5978
15.5 -1.5975
15.51 -1.5972
15.52 -1.597
15.53 -1.5967
15.54 -1.5964
15.55 -1.5961
15.56 -1.5959
15.57 -1.5958
15.58 -1.5958
15.59 -1.596
15.6 -1.5963
15.61 -1.5968
15.62 -1.5976
15.63 -1.5985
15.64 -1.5997
15.65 -1.601
15.66 -1.6024
15.67 -1.6038
15.68 -1.605
15.69 -1.6062
15.7 -1.6073
15.71 -1.6084
15.72 -1.6095
15.73 -1.6105
15.74 -1.6115
15.75 -1.6125
15.76 -1.6135
15.77 -1.6146
15.78 -1.6156
15.79 -1.6169
15.8 -1.6182
15.81 -1.6198
15.82 -1.6217
15.83 -1.624
15.84 -1.6269
15.85 -1.6303
15.86 -1.6342
15.87 -1.6385
15.88 -1.6431
15.89 -1.6475
15.9 -1.6512
15.91 -1.6538
15.92 -1.6552
15.93 -1.6551
15.94 -1.6538
15.95 -1.651
15.96 -1.647
15.97 -1.642
15.98 -1.6364
15.99 -1.6305
16 -1.6246
16.01 -1.619
16.02 -1.6139
16.03 -1.6092
16.04 -1.6049
16.05 -1.6011
16.06 -1.5975
16.07 -1.5943
16.08 -1.5914
16.09 -1.5889
16.1 -1.5866
16.11 -1.5846
16.12 -1.5829
16.13 -1.5814
16.14 -1.5801
16.15 -1.5789
16.16 -1.5778
16.17 -1.5768
16.18 -1.5759
16.19 -1.5753
16.2 -1.5748
16.21 -1.5744
16.22 -1.5742
16.23 -1.574
16.24 -1.5738
16.25 -1.5736
16.26 -1.5733
16.27 -1.5729
16.28 -1.5721
16.29 -1.5711
16.3 -1.5699
16.31 -1.5685
16.32 -1.5671
16.33 -1.5658
16.34 -1.5648
16.35 -1.564
16.36 -1.5636
16.37 -1.5635
16.38 -1.5637
16.39 -1.5643
16.4 -1.5651
16.41 -1.566
16.42 -1.5671
16.43 -1.5681
16.44 -1.569
16.45 -1.5697
16.46 -1.5704
16.47 -1.571
16.48 -1.5716
16.49 -1.5722
16.5 -1.5728
16.51 -1.5735
16.52 -1.5742
16.53 -1.5748
16.54 -1.5755
16.55 -1.5761
16.56 -1.5766
16.57 -1.577
16.58 -1.5773
16.59 -1.5776
16.6 -1.5777
16.61 -1.578
16.62 -1.5783
16.63 -1.5787
16.64 -1.5792
16.65 -1.5797
16.66 -1.5802
16.67 -1.5805
16.68 -1.5805
16.69 -1.5801
16.7 -1.5791
16.71 -1.5778
16.72 -1.576
16.73 -1.5739
16.74 -1.5715
16.75 -1.569
16.76 -1.5664
16.77 -1.5637
16.78 -1.5611
16.79 -1.5586
16.8 -1.5561
16.81 -1.5537
16.82 -1.5516
16.83 -1.5496
16.84 -1.5478
16.85 -1.546
16.86 -1.5443
16.87 -1.5427
16.88 -1.5411
16.89 -1.5395
16.9 -1.5379
16.91 -1.5364
16.92 -1.535
16.93 -1.5338
16.94 -1.5326
16.95 -1.5316
16.96 -1.5308
16.97 -1.5302
16.98 -1.5297
16.99 -1.5294
17 -1.5292
17.01 -1.5292
17.02 -1.5294
17.03 -1.53
17.04 -1.5311
17.05 -1.5326
17.06 -1.5347
17.07 -1.5373
17.08 -1.5404
17.09 -1.5437
17.1 -1.547
17.11 -1.5499
17.12 -1.5522
17.13 -1.5533
17.14 -1.553
17.15 -1.5508
17.16 -1.5463
17.17 -1.5394
17.18 -1.5297
17.19 -1.517
17.2 -1.5013
17.21 -1.4826
17.22 -1.4611
17.23 -1.4372
17.24 -1.4111
17.25 -1.3835
17.26 -1.3548
17.27 -1.3255
17.28 -1.296
17.29 -1.2667
17.3 -1.2378
17.31 -1.2093
17.32 -1.1813
17.33 -1.1538
17.34 -1.1266
17.35 -1.0998
17.36 -1.0732
17.37 -1.0468
17.38 -1.0205
17.39 -0.9943
17.4 -0.96826
17.41 -0.94236
17.42 -0.91663
17.43 -0.89118
17.44 -0.86618
17.45 -0.84181
17.46 -0.81822
17.47 -0.79551
17.48 -0.77373
17.49 -0.75286
17.5 -0.73281
17.51 -0.71349
17.52 -0.69478
17.53 -0.67659
17.54 -0.65885
17.55 -0.64154
17.56 -0.62468
17.57 -0.60828
17.58 -0.59235
17.59 -0.57683
17.6 -0.56169
17.61 -0.54687
17.62 -0.53235
17.63 -0.51815
17.64 -0.50429
17.65 -0.49088
17.66 -0.47804
17.67 -0.46589
17.68 -0.45454
17.69 -0.44409
17.7 -0.43462
17.71 -0.42617
17.72 -0.41879
17.73 -0.41253
17.74 -0.40741
17.75 -0.40338
17.76 -0.40033
17.77 -0.39813
17.78 -0.3966
17.79 -0.39562
17.8 -0.39511
17.81 -0.39501
17.82 -0.39529
17.83 -0.39594
17.84 -0.39695
17.85 -0.39829
17.86 -0.39991
17.87 -0.40179
17.88 -0.40392
17.89 -0.40624
17.9 -0.40862
17.91 -0.41093
17.92 -0.413
17.93 -0.4147
17.94 -0.4159
17.95 -0.41649
17.96 -0.41643
17.97 -0.41572
17.98 -0.41442
17.99 -0.41261
18 -0.41031
18.01 -0.4075
18.02 -0.40413
18.03 -0.4002
18.04 -0.39577
18.05 -0.39096
18.06 -0.38592
18.07 -0.38083
18.08 -0.37589
18.09 -0.37125
18.1 -0.36705
18.11 -0.36346
18.12 -0.36062
18.13 -0.35872
18.14 -0.35792
18.15 -0.35844
18.16 -0.36049
18.17 -0.36426
18.18 -0.36992
18.19 -0.37759
18.2 -0.3874
18.21 -0.39947
18.22 -0.41394
18.23 -0.43096
18.24 -0.45064
18.25 -0.47303
18.26 -0.49808
18.27 -0.52564
18.28 -0.55539
18.29 -0.58692
18.3 -0.61985
18.31 -0.65384
18.32 -0.68868
18.33 -0.72425
18.34 -0.76048
18.35 -0.79734
18.36 -0.83482
18.37 -0.87288
18.38 -0.91148
18.39 -0.95052
18.4 -0.98988
18.41 -1.0294
18.42 -1.0686
18.43 -1.1072
18.44 -1.1447
18.45 -1.1805
18.46 -1.214
18.47 -1.2448
18.48 -1.2726
18.49 -1.2971
18.5 -1.3181
18.51 -1.3358
18.52 -1.35
18.53 -1.3611
18.54 -1.3691
18.55 -1.3743
18.56 -1.377
18.57 -1.3774
18.58 -1.3759
18.59 -1.3728
18.6 -1.3687
18.61 -1.3639
18.62 -1.3588
18.63 -1.3535
18.64 -1.3484
18.65 -1.3434
18.66 -1.339
18.67 -1.335
18.68 -1.3317
18.69 -1.3292
18.7 -1.3274
18.71 -1.3263
18.72 -1.3258
18.73 -1.3257
18.74 -1.3258
18.75 -1.3262
18.76 -1.3271
18.77 -1.3287
18.78 -1.3314
18.79 -1.3352
18.8 -1.3402
18.81 -1.3461
18.82 -1.3525
18.83 -1.359
18.84 -1.3652
18.85 -1.371
18.86 -1.3761
18.87 -1.3804
18.88 -1.3841
18.89 -1.3871
18.9 -1.3895
18.91 -1.3913
18.92 -1.3929
18.93 -1.3946
18.94 -1.3966
18.95 -1.3991
18.96 -1.4021
18.97 -1.4056
18.98 -1.4093
18.99 -1.4131
19 -1.417
19.01 -1.4209
19.02 -1.4246
19.03 -1.4279
19.04 -1.4309
19.05 -1.4333
19.06 -1.4352
19.07 -1.4365
19.08 -1.4372
19.09 -1.4375
19.1 -1.4374
19.11 -1.4369
19.12 -1.4361
19.13 -1.435
19.14 -1.4337
19.15 -1.4322
19.16 -1.4306
19.17 -1.4288
19.18 -1.4268
19.19 -1.4247
19.2 -1.4224
19.21 -1.4198
19.22 -1.417
19.23 -1.4139
19.24 -1.4105
19.25 -1.4068
19.26 -1.403
19.27 -1.399
19.28 -1.3953
19.29 -1.3919
19.3 -1.3889
19.31 -1.3861
19.32 -1.3834
19.33 -1.3807
19.34 -1.3778
19.35 -1.3745
19.36 -1.3708
19.37 -1.3665
19.38 -1.3617
19.39 -1.3563
19.4 -1.3506
19.41 -1.3444
19.42 -1.3379
19.43 -1.3311
19.44 -1.3241
19.45 -1.3172
19.46 -1.3103
19.47 -1.3038
19.48 -1.2979
19.49 -1.2931
19.5 -1.2894
19.51 -1.287
19.52 -1.2853
19.53 -1.2841
19.54 -1.283
19.55 -1.2818
19.56 -1.2803
19.57 -1.2787
19.58 -1.2768
19.59 -1.275
19.6 -1.2734
19.61 -1.272
19.62 -1.271
19.63 -1.2704
19.64 -1.2702
19.65 -1.2703
19.66 -1.2707
19.67 -1.2714
19.68 -1.2723
19.69 -1.2732
19.7 -1.274
19.71 -1.2745
19.72 -1.2747
19.73 -1.2743
19.74 -1.2732
19.75 -1.2714
19.76 -1.2689
19.77 -1.2656
19.78 -1.2615
19.79 -1.2569
19.8 -1.252
19.81 -1.247
19.82 -1.2424
19.83 -1.2383
19.84 -1.235
19.85 -1.2325
19.86 -1.2308
19.87 -1.2297
19.88 -1.2293
19.89 -1.2294
19.9 -1.23
19.91 -1.2308
19.92 -1.2319
19.93 -1.2331
19.94 -1.2342
19.95 -1.2351
19.96 -1.2358
19.97 -1.2363
19.98 -1.2365
19.99 -1.2364
20 -1.2362
20.01 -1.2359
20.02 -1.2355
20.03 -1.2352
20.04 -1.2351
20.05 -1.2352
20.06 -1.2356
20.07 -1.2363
20.08 -1.2376
20.09 -1.2394
20.1 -1.2417
20.11 -1.2446
20.12 -1.2479
20.13 -1.2515
20.14 -1.2554
20.15 -1.2595
20.16 -1.2636
20.17 -1.2679
20.18 -1.2721
20.19 -1.2765
20.2 -1.281
20.21 -1.2856
20.22 -1.2903
20.23 -1.2951
20.24 -1.2997
20.25 -1.3043
20.26 -1.3087
20.27 -1.313
20.28 -1.3171
20.29 -1.321
20.3 -1.3247
20.31 -1.3281
20.32 -1.3312
20.33 -1.3339
20.34 -1.3363
20.35 -1.3383
20.36 -1.3399
20.37 -1.341
20.38 -1.3418
20.39 -1.3422
20.4 -1.3421
20.41 -1.3414
20.42 -1.3403
20.43 -1.3386
20.44 -1.3363
20.45 -1.3336
20.46 -1.3304
20.47 -1.3268
20.48 -1.3228
20.49 -1.3186
20.5 -1.3141
20.51 -1.3094
20.52 -1.3047
20.53 -1.3001
20.54 -1.2956
20.55 -1.2913
20.56 -1.2874
20.57 -1.2837
20.58 -1.2804
20.59 -1.2775
20.6 -1.275
20.61 -1.273
20.62 -1.2716
20.63 -1.2707
20.64 -1.2704
20.65 -1.2705
20.66 -1.2708
20.67 -1.271
20.68 -1.271
20.69 -1.2705
20.7 -1.2695
20.71 -1.2681
20.72 -1.2662
20.73 -1.2639
20.74 -1.2615
20.75 -1.2591
20.76 -1.2569
20.77 -1.2549
20.78 -1.2534
20.79 -1.2525
20.8 -1.2521
20.81 -1.2523
20.82 -1.2531
20.83 -1.2541
20.84 -1.2555
20.85 -1.2569
20.86 -1.2583
20.87 -1.2595
20.88 -1.2605
20.89 -1.2614
20.9 -1.262
20.91 -1.2625
20.92 -1.2628
20.93 -1.2628
20.94 -1.2625
20.95 -1.2619
20.96 -1.2611
20.97 -1.2599
20.98 -1.2586
20.99 -1.2571
21 -1.2556
21.01 -1.2542
21.02 -1.253
21.03 -1.2518
21.04 -1.2508
21.05 -1.2499
21.06 -1.2492
21.07 -1.2489
21.08 -1.249
21.09 -1.2498
21.1 -1.2512
21.11 -1.2535
21.12 -1.2565
21.13 -1.2604
21.14 -1.2651
21.15 -1.2706
21.16 -1.2767
21.17 -1.2833
21.18 -1.29
21.19 -1.2967
21.2 -1.3032
21.21 -1.3096
21.22 -1.3159
21.23 -1.3219
21.24 -1.3278
21.25 -1.3334
21.26 -1.3389
21.27 -1.3443
21.28 -1.3496
21.29 -1.355
21.3 -1.3605
21.31 -1.366
21.32 -1.3715
21.33 -1.377
21.34 -1.3825
21.35 -1.3878
21.36 -1.3928
21.37 -1.3975
21.38 -1.4016
21.39 -1.4052
21.4 -1.4081
21.41 -1.4102
21.42 -1.4116
21.43 -1.4122
21.44 -1.412
21.45 -1.411
21.46 -1.4094
21.47 -1.4074
21.48 -1.4055
21.49 -1.4041
21.5 -1.4032
21.51 -1.4032
21.52 -1.404
21.53 -1.4055
21.54 -1.4074
21.55 -1.4092
21.56 -1.4103
21.57 -1.4103
21.58 -1.4083
21.59 -1.4038
21.6 -1.3964
21.61 -1.3859
21.62 -1.3725
21.63 -1.3562
21.64 -1.3372
21.65 -1.3154
21.66 -1.2911
21.67 -1.2645
21.68 -1.2357
21.69 -1.2051
21.7 -1.173
21.71 -1.1397
21.72 -1.1054
21.73 -1.0703
21.74 -1.0348
21.75 -0.99883
21.76 -0.96252
21.77 -0.92586
21.78 -0.88892
21.79 -0.85183
21.8 -0.81483
21.81 -0.77826
21.82 -0.74252
21.83 -0.70805
21.84 -0.67525
21.85 -0.64448
21.86 -0.61604
21.87 -0.59014
21.88 -0.56689
21.89 -0.54628
21.9 -0.5282
21.91 -0.51247
21.92 -0.49879
21.93 -0.48682
21.94 -0.4762
21.95 -0.46661
21.96 -0.45783
21.97 -0.44968
21.98 -0.44204
21.99 -0.4348
22 -0.42788
22.01 -0.42122
22.02 -0.41481
22.03 -0.40867
22.04 -0.40284
22.05 -0.39731
22.06 -0.39208
22.07 -0.38715
22.08 -0.38254
22.09 -0.37826
22.1 -0.37427
22.11 -0.37048
22.12 -0.36683
22.13 -0.36331
22.14 -0.3599
22.15 -0.35654
22.16 -0.35317
22.17 -0.34979
22.18 -0.34639
22.19 -0.34296
22.2 -0.33949
22.21 -0.33601
22.22 -0.33254
22.23 -0.32916
22.24 -0.32597
22.25 -0.3231
22.26 -0.32068
22.27 -0.31882
22.28 -0.31757
22.29 -0.3169
22.3 -0.31677
22.31 -0.31709
22.32 -0.31775
22.33 -0.31859
22.34 -0.31946
22.35 -0.3202
22.36 -0.32068
22.37 -0.32081
22.38 -0.32056
22.39 -0.31994
22.4 -0.31893
22.41 -0.31752
22.42 -0.31574
22.43 -0.31363
22.44 -0.31126
22.45 -0.30869
22.46 -0.30601
22.47 -0.30336
22.48 -0.30093
22.49 -0.29893
22.5 -0.29755
22.51 -0.29692
22.52 -0.2971
22.53 -0.2981
22.54 -0.29991
22.55 -0.30248
22.56 -0.30578
22.57 -0.30979
22.58 -0.31459
22.59 -0.32031
22.6 -0.32719
22.61 -0.33549
22.62 -0.34551
22.63 -0.35761
22.64 -0.3722
22.65 -0.38974
22.66 -0.41067
22.67 -0.4354
22.68 -0.46418
22.69 -0.49704
22.7 -0.53376
22.71 -0.57397
22.72 -0.61715
22.73 -0.66268
22.74 -0.70984
22.75 -0.75789
22.76 -0.80606
22.77 -0.85368
22.78 -0.9002
22.79 -0.94524
22.8 -0.98857
22.81 -1.0301
22.82 -1.0696
22.83 -1.107
22.84 -1.142
22.85 -1.1744
22.86 -1.2039
22.87 -1.2303
22.88 -1.2536
22.89 -1.2737
22.9 -1.2908
22.91 -1.3049
22.92 -1.3164
22.93 -1.3253
22.94 -1.3319
22.95 -1.3366
22.96 -1.3393
22.97 -1.3403
22.98 -1.3394
22.99 -1.3369
23 -1.3329
23.01 -1.3275
23.02 -1.3213
23.03 -1.3148
23.04 -1.3083
23.05 -1.3024
23.06 -1.2974
23.07 -1.2934
23.08 -1.2905
23.09 -1.2886
23.1 -1.2876
23.11 -1.2873
23.12 -1.2874
23.13 -1.2877
23.14 -1.2879
23.15 -1.2881
23.16 -1.2882
23.17 -1.2882
23.18 -1.288
23.19 -1.2876
23.2 -1.2868
23.21 -1.2854
23.22 -1.2834
23.23 -1.2807
23.24 -1.2775
23.25 -1.2738
23.26 -1.2699
23.27 -1.2663
23.28 -1.2632
23.29 -1.2608
23.3 -1.2593
23.31 -1.2586
23.32 -1.2587
23.33 -1.2596
23.34 -1.261
23.35 -1.263
23.36 -1.2654
23.37 -1.2684
23.38 -1.2716
23.39 -1.2752
23.4 -1.279
23.41 -1.2828
23.42 -1.2868
23.43 -1.2908
23.44 -1.2948
23.45 -1.2989
23.46 -1.303
23.47 -1.307
23.48 -1.3109
23.49 -1.3145
23.5 -1.318
23.51 -1.3213
23.52 -1.3244
23.53 -1.3274
23.54 -1.3304
23.55 -1.3335
23.56 -1.3366
23.57 -1.3397
23.58 -1.343
23.59 -1.3462
23.6 -1.3493
23.61 -1.3523
23.62 -1.3552
23.63 -1.3578
23.64 -1.3603
23.65 -1.3625
23.66 -1.3645
23.67 -1.3662
23.68 -1.3676
23.69 -1.3687
23.7 -1.3694
23.71 -1.3699
23.72 -1.37
23.73 -1.3698
23.74 -1.3692
23.75 -1.3684
23.76 -1.3673
23.77 -1.3659
23.78 -1.3644
23.79 -1.3628
23.8 -1.3612
23.81 -1.3596
23.82 -1.3581
23.83 -1.3568
23.84 -1.3558
23.85 -1.3551
23.86 -1.3548
23.87 -1.3549
23.88 -1.3557
23.89 -1.357
23.9 -1.359
23.91 -1.3616
23.92 -1.3649
23.93 -1.3684
23.94 -1.372
23.95 -1.3753
23.96 -1.3778
23.97 -1.3796
23.98 -1.3802
23.99 -1.3797
24 -1.3781
24.01 -1.3754
24.02 -1.3716
24.03 -1.367
24.04 -1.3617
24.05 -1.356
24.06 -1.3502
24.07 -1.3447
24.08 -1.3398
24.09 -1.3358
24.1 -1.3329
24.11 -1.3311
24.12 -1.3306
24.13 -1.3313
24.14 -1.3329
24.15 -1.3353
24.16 -1.3381
24.17 -1.3408
24.18 -1.3432
24.19 -1.3447
24.2 -1.3451
24.21 -1.3444
24.22 -1.3427
24.23 -1.3403
24.24 -1.3378
24.25 -1.3354
24.26 -1.3334
24.27 -1.3319
24.28 -1.331
24.29 -1.3306
24.3 -1.3307
24.31 -1.331
24.32 -1.3314
24.33 -1.3319
24.34 -1.3324
24.35 -1.3327
24.36 -1.3329
24.37 -1.3329
24.38 -1.3328
24.39 -1.3326
24.4 -1.3323
24.41 -1.332
24.42 -1.3316
24.43 -1.3313
24.44 -1.3309
24.45 -1.3307
24.46 -1.3306
24.47 -1.3306
24.48 -1.3308
24.49 -1.3311
24.5 -1.3314
24.51 -1.3318
24.52 -1.3322
24.53 -1.3326
24.54 -1.3329
24.55 -1.3333
24.56 -1.3337
24.57 -1.3341
24.58 -1.3346
24.59 -1.3352
24.6 -1.3359
24.61 -1.3366
24.62 -1.3373
24.63 -1.3378
24.64 -1.3382
24.65 -1.3385
24.66 -1.3387
24.67 -1.339
24.68 -1.3393
24.69 -1.3397
24.7 -1.3402
24.71 -1.3406
24.72 -1.3409
24.73 -1.3411
24.74 -1.3411
24.75 -1.3409
24.76 -1.3406
24.77 -1.3402
24.78 -1.34
24.79 -1.3398
24.8 -1.3396
24.81 -1.3394
24.82 -1.3392
24.83 -1.3387
24.84 -1.3381
24.85 -1.3372
24.86 -1.3361
24.87 -1.3346
24.88 -1.3327
24.89 -1.3304
24.9 -1.3274
24.91 -1.3238
24.92 -1.3194
24.93 -1.3144
24.94 -1.3089
24.95 -1.3029
24.96 -1.2967
24.97 -1.2904
24.98 -1.2842
24.99 -1.2784
25 -1.2732
25.01 -1.2687
25.02 -1.2651
25.03 -1.2625
25.04 -1.2608
25.05 -1.2601
25.06 -1.2603
25.07 -1.2613
25.08 -1.2629
25.09 -1.2647
25.1 -1.2666
25.11 -1.2682
25.12 -1.2693
25.13 -1.2699
25.14 -1.2698
25.15 -1.2692
25.16 -1.268
25.17 -1.2662
25.18 -1.2638
25.19 -1.261
25.2 -1.2577
25.21 -1.2541
25.22 -1.2501
25.23 -1.246
25.24 -1.2417
25.25 -1.2374
25.26 -1.2331
25.27 -1.2288
25.28 -1.2246
25.29 -1.2203
25.3 -1.2159
25.31 -1.2113
25.32 -1.2066
25.33 -1.2017
25.34 -1.1971
25.35 -1.1928
25.36 -1.1894
25.37 -1.1872
25.38 -1.1862
25.39 -1.1867
25.4 -1.1886
25.41 -1.1917
25.42 -1.1959
25.43 -1.2008
25.44 -1.2061
25.45 -1.2114
25.46 -1.2163
25.47 -1.2207
25.48 -1.2246
25.49 -1.2279
25.5 -1.2307
25.51 -1.233
25.52 -1.235
25.53 -1.2367
25.54 -1.2383
25.55 -1.24
25.56 -1.2418
25.57 -1.2437
25.58 -1.2458
25.59 -1.2481
25.6 -1.2505
25.61 -1.2532
25.62 -1.256
25.63 -1.2588
25.64 -1.2617
25.65 -1.2647
25.66 -1.2675
25.67 -1.2704
25.68 -1.273
25.69 -1.2756
25.7 -1.2778
25.71 -1.2797
25.72 -1.2813
25.73 -1.2824
25.74 -1.283
25.75 -1.2828
25.76 -1.2818
25.77 -1.2797
25.78 -1.2766
25.79 -1.2724
25.8 -1.2674
25.81 -1.2619
25.82 -1.2563
25.83 -1.2508
25.84 -1.2456
25.85 -1.2407
25.86 -1.2361
25.87 -1.2317
25.88 -1.2274
25.89 -1.2232
25.9 -1.2191
25.91 -1.2149
25.92 -1.2109
25.93 -1.207
25.94 -1.2035
25.95 -1.2004
25.96 -1.1978
25.97 -1.1956
25.98 -1.1937
25.99 -1.1919
26 -1.1902
26.01 -1.1882
26.02 -1.1858
26.03 -1.1826
26.04 -1.1785
26.05 -1.1732
26.06 -1.1665
26.07 -1.1584
26.08 -1.1487
26.09 -1.1374
26.1 -1.1246
26.11 -1.1103
26.12 -1.0945
26.13 -1.0774
26.14 -1.0591
26.15 -1.0395
26.16 -1.0189
26.17 -0.99712
26.18 -0.9744
26.19 -0.95083
26.2 -0.92658
26.21 -0.90184
26.22 -0.87686
26.23 -0.85192
26.24 -0.8273
26.25 -0.8033
26.26 -0.7802
26.27 -0.75829
26.28 -0.73778
26.29 -0.71884
26.3 -0.70156
26.31 -0.68597
26.32 -0.67205
26.33 -0.65974
26.34 -0.6489
26.35 -0.63938
26.36 -0.63098
26.37 -0.62349
26.38 -0.61672
26.39 -0.61048
26.4 -0.60461
26.41 -0.59894
26.42 -0.59334
26.43 -0.58769
26.44 -0.58187
26.45 -0.57585
26.46 -0.56961
26.47 -0.56316
26.48 -0.55655
26.49 -0.54983
26.5 -0.54311
26.51 -0.53653
26.52 -0.53024
26.53 -0.52439
26.54 -0.51914
26.55 -0.5146
26.56 -0.51084
26.57 -0.50782
26.58 -0.50552
26.59 -0.50387
26.6 -0.50276
26.61 -0.50204
26.62 -0.50155
26.63 -0.50115
26.64 -0.50071
26.65 -0.50017
26.66 -0.49954
26.67 -0.49893
26.68 -0.49847
26.69 -0.49828
26.7 -0.4984
26.71 -0.49882
26.72 -0.4995
26.73 -0.50041
26.74 -0.50155
26.75 -0.50289
26.76 -0.5044
26.77 -0.50607
26.78 -0.50784
26.79 -0.50962
26.8 -0.51136
26.81 -0.51309
26.82 -0.51488
26.83 -0.51689
26.84 -0.51931
26.85 -0.52232
26.86 -0.52616
26.87 -0.5311
26.88 -0.53744
26.89 -0.54547
26.9 -0.55547
26.91 -0.56773
26.92 -0.58256
26.93 -0.60028
26.94 -0.62116
26.95 -0.64537
26.96 -0.67285
26.97 -0.70328
26.98 -0.73607
26.99 -0.77041
27 -0.80542
27.01 -0.84025
27.02 -0.87422
27.03 -0.90685
27.04 -0.93793
27.05 -0.96746
27.06 -0.99566
27.07 -1.0228
27.08 -1.0493
27.09 -1.0753
27.1 -1.1011
27.11 -1.1268
27.12 -1.1524
27.13 -1.1779
27.14 -1.2031
27.15 -1.2278
27.16 -1.2517
27.17 -1.2744
27.18 -1.2956
27.19 -1.3148
27.2 -1.3316
27.21 -1.3458
27.22 -1.3573
27.23 -1.3661
27.24 -1.3723
27.25 -1.3759
27.26 -1.3772
27.27 -1.3766
27.28 -1.3744
27.29 -1.3713
27.3 -1.3674
27.31 -1.3631
27.32 -1.3583
27.33 -1.3532
27.34 -1.3478
27.35 -1.3421
27.36 -1.3364
27.37 -1.3307
27.38 -1.3251
27.39 -1.3197
27.4 -1.3145
27.41 -1.3098
27.42 -1.3057
27.43 -1.3021
27.44 -1.2991
27.45 -1.2968
27.46 -1.2952
27.47 -1.2941
27.48 -1.2935
27.49 -1.2935
27.5 -1.2939
27.51 -1.2947
27.52 -1.2958
27.53 -1.2974
27.54 -1.2993
27.55 -1.3015
27.56 -1.304
27.57 -1.3067
27.58 -1.3093
27.59 -1.3119
27.6 -1.3142
27.61 -1.3163
27.62 -1.3181
27.63 -1.3197
27.64 -1.321
27.65 -1.3222
27.66 -1.3234
27.67 -1.3246
27.68 -1.326
27.69 -1.3275
27.7 -1.3291
27.71 -1.3309
27.72 -1.3329
27.73 -1.335
27.74 -1.3374
27.75 -1.3399
27.76 -1.3427
27.77 -1.3459
27.78 -1.3495
27.79 -1.3536
27.8 -1.358
27.81 -1.3629
27.82 -1.368
27.83 -1.3732
27.84 -1.3784
27.85 -1.3834
27.86 -1.3883
27.87 -1.3928
27.88 -1.3971
27.89 -1.401
27.9 -1.4047
27.91 -1.4081
27.92 -1.4112
27.93 -1.414
27.94 -1.4165
27.95 -1.4185
27.96 -1.4202
27.97 -1.4215
27.98 -1.4224
27.99 -1.423
28 -1.4232
28.01 -1.4232
28.02 -1.423
28.03 -1.4225
28.04 -1.422
28.05 -1.4213
28.06 -1.4205
28.07 -1.4195
28.08 -1.4183
28.09 -1.4169
28.1 -1.4152
28.11 -1.4132
28.12 -1.4109
28.13 -1.4084
28.14 -1.4056
28.15 -1.4028
28.16 -1.3998
28.17 -1.3967
28.18 -1.3936
28.19 -1.3904
28.2 -1.387
28.21 -1.3834
28.22 -1.3798
28.23 -1.376
28.24 -1.3722
28.25 -1.3686
28.26 -1.365
28.27 -1.3617
28.28 -1.3587
28.29 -1.3558
28.3 -1.3532
28.31 -1.3507
28.32 -1.3484
28.33 -1.3462
28.34 -1.344
28.35 -1.342
28.36 -1.3398
28.37 -1.3377
28.38 -1.3354
28.39 -1.333
28.4 -1.3305
28.41 -1.328
28.42 -1.3256
28.43 -1.3235
28.44 -1.3216
28.45 -1.3201
28.46 -1.3189
28.47 -1.3181
28.48 -1.3177
28.49 -1.3176
28.5 -1.3179
28.51 -1.3187
28.52 -1.3198
28.53 -1.3214
28.54 -1.3233
28.55 -1.3255
28.56 -1.3281
28.57 -1.3308
28.58 -1.3336
28.59 -1.3366
28.6 -1.3397
28.61 -1.3428
28.62 -1.3459
28.63 -1.349
28.64 -1.3518
28.65 -1.3543
28.66 -1.3564
28.67 -1.3579
28.68 -1.3589
28.69 -1.3594
28.7 -1.3595
28.71 -1.3593
28.72 -1.359
28.73 -1.3586
28.74 -1.3582
28.75 -1.3578
28.76 -1.3574
28.77 -1.3569
28.78 -1.3562
28.79 -1.3552
28.8 -1.3539
28.81 -1.3523
28.82 -1.3505
28.83 -1.3484
28.84 -1.3461
28.85 -1.3436
28.86 -1.3409
28.87 -1.338
28.88 -1.3349
28.89 -1.3317
28.9 -1.3283
28.91 -1.3248
28.92 -1.3212
28.93 -1.3176
28.94 -1.3139
28.95 -1.3102
28.96 -1.3064
28.97 -1.3026
28.98 -1.2986
28.99 -1.2946
29 -1.2904
29.01 -1.2863
29.02 -1.2824
29.03 -1.2785
29.04 -1.2749
29.05 -1.2714
29.06 -1.2681
29.07 -1.2651
29.08 -1.2623
29.09 -1.2598
29.1 -1.2578
29.11 -1.2562
29.12 -1.2551
29.13 -1.2546
29.14 -1.2545
29.15 -1.2549
29.16 -1.2555
29.17 -1.2564
29.18 -1.2574
29.19 -1.2585
29.2 -1.2595
29.21 -1.2604
29.22 -1.2612
29.23 -1.2619
29.24 -1.2625
29.25 -1.2631
29.26 -1.2637
29.27 -1.2643
29.28 -1.2648
29.29 -1.2653
29.3 -1.2657
29.31 -1.2661
29.32 -1.2665
29.33 -1.2668
29.34 -1.2673
29.35 -1.2679
29.36 -1.2687
29.37 -1.2696
29.38 -1.2706
29.39 -1.2718
29.4 -1.2731
29.41 -1.2745
29.42 -1.2759
29.43 -1.2775
29.44 -1.279
29.45 -1.2806
29.46 -1.2822
29.47 -1.2838
29.48 -1.2855
29.49 -1.2872
29.5 -1.2889
29.51 -1.2908
29.52 -1.2928
29.53 -1.2948
29.54 -1.2968
29.55 -1.2989
29.56 -1.3008
29.57 -1.3026
29.58 -1.3044
29.59 -1.306
29.6 -1.3075
29.61 -1.3089
29.62 -1.3103
29.63 -1.3118
29.64 -1.3134
29.65 -1.3152
29.66 -1.3173
29.67 -1.3195
29.68 -1.322
29.69 -1.3247
29.7 -1.3276
29.71 -1.3306
29.72 -1.3337
29.73 -1.3368
29.74 -1.3398
29.75 -1.3427
29.76 -1.3456
29.77 -1.3482
29.78 -1.3507
29.79 -1.3531
29.8 -1.3554
29.81 -1.3576
29.82 -1.3597
29.83 -1.3617
29.84 -1.3636
29.85 -1.3653
29.86 -1.3668
29.87 -1.3681
29.88 -1.3692
29.89 -1.37
29.9 -1.3707
29.91 -1.3711
29.92 -1.3715
29.93 -1.3717
29.94 -1.3718
29.95 -1.3719
29.96 -1.3719
29.97 -1.3718
29.98 -1.3718
29.99 -1.3718
30 -1.3719
30.01 -1.372
30.02 -1.3722
30.03 -1.3724
30.04 -1.3725
30.05 -1.3726
30.06 -1.3725
30.07 -1.3722
30.08 -1.3719
30.09 -1.3715
30.1 -1.3711
30.11 -1.3706
30.12 -1.3701
30.13 -1.3697
30.14 -1.3693
30.15 -1.369
30.16 -1.3688
30.17 -1.3686
30.18 -1.3685
30.19 -1.3684
30.2 -1.3684
30.21 -1.3683
30.22 -1.3681
30.23 -1.3679
30.24 -1.3676
30.25 -1.3674
30.26 -1.3671
30.27 -1.3669
30.28 -1.3667
30.29 -1.3665
30.3 -1.3663
30.31 -1.3661
30.32 -1.3659
30.33 -1.3657
30.34 -1.3654
30.35 -1.3652
30.36 -1.3649
30.37 -1.3646
30.38 -1.3644
30.39 -1.3643
30.4 -1.3641
30.41 -1.364
30.42 -1.364
30.43 -1.3641
30.44 -1.3643
30.45 -1.3646
30.46 -1.365
30.47 -1.3655
30.48 -1.366
30.49 -1.3665
30.5 -1.367
30.51 -1.3675
30.52 -1.3679
30.53 -1.3682
30.54 -1.3685
30.55 -1.3685
30.56 -1.3685
30.57 -1.3684
30.58 -1.3681
30.59 -1.3679
30.6 -1.3675
30.61 -1.3671
30.62 -1.3666
30.63 -1.3659
30.64 -1.3652
30.65 -1.3645
30.66 -1.3637
30.67 -1.363
30.68 -1.3623
30.69 -1.3616
30.7 -1.361
30.71 -1.3604
30.72 -1.3599
30.73 -1.3595
30.74 -1.3592
30.75 -1.3589
30.76 -1.3587
30.77 -1.3586
30.78 -1.3585
30.79 -1.3585
30.8 -1.3586
30.81 -1.3586
30.82 -1.3587
30.83 -1.3588
30.84 -1.359
30.85 -1.3591
30.86 -1.3593
30.87 -1.3595
30.88 -1.3597
30.89 -1.3599
30.9 -1.3601
30.91 -1.3603
30.92 -1.3605
30.93 -1.3606
30.94 -1.3605
30.95 -1.3604
30.96 -1.3601
30.97 -1.3597
30.98 -1.3593
30.99 -1.3588
31 -1.3584
31.01 -1.358
31.02 -1.3577
31.03 -1.3575
31.04 -1.3573
31.05 -1.3571
31.06 -1.357
31.07 -1.3569
31.08 -1.3568
31.09 -1.3568
31.1 -1.3567
31.11 -1.3567
31.12 -1.3566
31.13 -1.3565
31.14 -1.3564
31.15 -1.3564
31.16 -1.3563
31.17 -1.3562
31.18 -1.3561
31.19 -1.356
31.2 -1.3559
31.21 -1.3558
31.22 -1.3556
31.23 -1.3555
31.24 -1.3554
31.25 -1.3553
31.26 -1.3553
31.27 -1.3554
31.28 -1.3556
31.29 -1.3559
31.3 -1.3564
31.31 -1.357
31.32 -1.3577
31.33 -1.3584
31.34 -1.3593
31.35 -1.3601
31.36 -1.361
31.37 -1.3619
31.38 -1.3626
31.39 -1.3633
31.4 -1.3638
31.41 -1.3642
31.42 -1.3644
31.43 -1.3645
31.44 -1.3646
31.45 -1.3645
31.46 -1.3644
31.47 -1.3643
31.48 -1.3641
31.49 -1.3639
31.5 -1.3638
31.51 -1.3636
31.52 -1.3635
31.53 -1.3634
31.54 -1.3634
31.55 -1.3634
31.56 -1.3635
31.57 -1.3636
31.58 -1.3638
31.59 -1.364
31.6 -1.3642
31.61 -1.3644
31.62 -1.3646
31.63 -1.3648
31.64 -1.365
31.65 -1.3653
31.66 -1.3655
31.67 -1.3659
31.68 -1.3662
31.69 -1.3666
31.7 -1.367
31.71 -1.3674
31.72 -1.3679
31.73 -1.3683
31.74 -1.3687
31.75 -1.3691
31.76 -1.3694
31.77 -1.3697
31.78 -1.37
31.79 -1.3702
31.8 -1.3704
31.81 -1.3705
31.82 -1.3706
31.83 -1.3707
31.84 -1.3707
31.85 -1.3707
31.86 -1.3708
31.87 -1.3708
31.88 -1.3709
31.89 -1.3709
31.9 -1.3709
31.91 -1.3709
31.92 -1.371
31.93 -1.371
31.94 -1.371
31.95 -1.3711
31.96 -1.3712
31.97 -1.3713
31.98 -1.3715
31.99 -1.3717
32 -1.3718
32.01 -1.372
32.02 -1.3722
32.03 -1.3723
32.04 -1.3724
32.05 -1.3725
32.06 -1.3725
32.07 -1.3726
32.08 -1.3726
32.09 -1.3726
32.1 -1.3725
32.11 -1.3725
32.12 -1.3724
32.13 -1.3724
32.14 -1.3723
32.15 -1.3722
32.16 -1.3722
32.17 -1.3721
32.18 -1.3721
32.19 -1.3722
32.2 -1.3722
32.21 -1.3722
32.22 -1.3723
32.23 -1.3723
32.24 -1.3723
32.25 -1.3723
32.26 -1.3723
32.27 -1.3723
32.28 -1.3723
32.29 -1.3722
32.3 -1.3722
32.31 -1.3721
32.32 -1.372
32.33 -1.3719
32.34 -1.3718
32.35 -1.3717
32.36 -1.3716
32.37 -1.3715
32.38 -1.3714
32.39 -1.3713
32.4 -1.3713
32.41 -1.3713
32.42 -1.3713
32.43 -1.3713
32.44 -1.3714
32.45 -1.3715
32.46 -1.3717
32.47 -1.3719
32.48 -1.372
32.49 -1.3721
32.5 -1.3722
32.51 -1.3723
32.52 -1.3723
32.53 -1.3724
32.54 -1.3724
32.55 -1.3724
32.56 -1.3723
32.57 -1.3723
32.58 -1.3722
32.59 -1.3722
32.6 -1.3722
32.61 -1.3722
32.62 -1.3722
32.63 -1.3722
32.64 -1.3722
32.65 -1.3722
32.66 -1.3722
32.67 -1.3723
32.68 -1.3724
32.69 -1.3725
32.7 -1.3726
32.71 -1.3728
32.72 -1.373
32.73 -1.3731
32.74 -1.3732
32.75 -1.3733
32.76 -1.3733
32.77 -1.3732
32.78 -1.3731
32.79 -1.3729
32.8 -1.3728
32.81 -1.3728
32.82 -1.3728
32.83 -1.3729
32.84 -1.3731
32.85 -1.3733
32.86 -1.3737
32.87 -1.3741
32.88 -1.3746
32.89 -1.3752
32.9 -1.3757
32.91 -1.3763
32.92 -1.3768
32.93 -1.3773
32.94 -1.3776
32.95 -1.378
32.96 -1.3782
32.97 -1.3783
32.98 -1.3784
32.99 -1.3785
33 -1.3785
33.01 -1.3784
33.02 -1.3783
33.03 -1.3782
33.04 -1.3781
33.05 -1.378
33.06 -1.3779
33.07 -1.3778
33.08 -1.3778
33.09 -1.3777
33.1 -1.3777
33.11 -1.3777
33.12 -1.3777
33.13 -1.3778
33.14 -1.3778
33.15 -1.3778
33.16 -1.3777
33.17 -1.3777
33.18 -1.3776
33.19 -1.3776
33.2 -1.3777
33.21 -1.3778
33.22 -1.378
33.23 -1.3783
33.24 -1.3786
33.25 -1.3791
33.26 -1.3795
33.27 -1.38
33.28 -1.3805
33.29 -1.381
33.3 -1.3815
33.31 -1.3819
33.32 -1.3822
33.33 -1.3824
33.34 -1.3826
33.35 -1.3828
33.36 -1.383
33.37 -1.383
33.38 -1.383
33.39 -1.383
33.4 -1.3828
33.41 -1.3826
33.42 -1.3824
33.43 -1.3822
33.44 -1.3821
33.45 -1.382
33.46 -1.3819
33.47 -1.3818
33.48 -1.3818
33.49 -1.3819
33.5 -1.382
33.51 -1.3821
33.52 -1.3822
33.53 -1.3823
33.54 -1.3824
33.55 -1.3825
33.56 -1.3827
33.57 -1.3827
33.58 -1.3828
33.59 -1.3829
33.6 -1.3829
33.61 -1.383
33.62 -1.383
33.63 -1.383
33.64 -1.383
33.65 -1.3829
33.66 -1.3829
33.67 -1.3828
33.68 -1.3828
33.69 -1.3827
33.7 -1.3826
33.71 -1.3826
33.72 -1.3825
33.73 -1.3825
33.74 -1.3825
33.75 -1.3825
33.76 -1.3825
33.77 -1.3825
33.78 -1.3826
33.79 -1.3826
33.8 -1.3827
33.81 -1.3828
33.82 -1.383
33.83 -1.3832
33.84 -1.3834
33.85 -1.3837
33.86 -1.3839
33.87 -1.3842
33.88 -1.3844
33.89 -1.3847
33.9 -1.3849
33.91 -1.3852
33.92 -1.3854
33.93 -1.3856
33.94 -1.3857
33.95 -1.3859
33.96 -1.386
33.97 -1.386
33.98 -1.3861
33.99 -1.3861
34 -1.3862
34.01 -1.3861
34.02 -1.3861
34.03 -1.3861
34.04 -1.386
34.05 -1.386
34.06 -1.386
34.07 -1.386
34.08 -1.3859
34.09 -1.3859
34.1 -1.3858
34.11 -1.3857
34.12 -1.3856
34.13 -1.3856
34.14 -1.3856
34.15 -1.3856
34.16 -1.3856
34.17 -1.3857
34.18 -1.3858
34.19 -1.3859
34.2 -1.386
34.21 -1.3861
34.22 -1.3862
34.23 -1.3862
34.24 -1.3862
34.25 -1.3863
34.26 -1.3863
34.27 -1.3865
34.28 -1.3866
34.29 -1.3869
34.3 -1.3872
34.31 -1.3874
34.32 -1.3877
34.33 -1.388
34.34 -1.3881
34.35 -1.3882
34.36 -1.3883
34.37 -1.3882
34.38 -1.3882
34.39 -1.3881
34.4 -1.388
34.41 -1.3879
34.42 -1.3878
34.43 -1.3876
34.44 -1.3875
34.45 -1.3873
34.46 -1.3871
34.47 -1.3869
34.48 -1.3867
34.49 -1.3864
34.5 -1.3862
34.51 -1.386
34.52 -1.3858
34.53 -1.3857
34.54 -1.3856
34.55 -1.3855
34.56 -1.3855
34.57 -1.3855
34.58 -1.3855
34.59 -1.3855
34.6 -1.3856
34.61 -1.3857
34.62 -1.3858
34.63 -1.3859
34.64 -1.386
34.65 -1.3861
34.66 -1.3862
34.67 -1.3862
34.68 -1.3861
34.69 -1.3861
34.7 -1.3859
34.71 -1.3858
34.72 -1.3857
34.73 -1.3856
34.74 -1.3856
34.75 -1.3856
34.76 -1.3856
34.77 -1.3857
34.78 -1.3857
34.79 -1.3857
34.8 -1.3857
34.81 -1.3857
34.82 -1.3857
34.83 -1.3857
34.84 -1.3856
34.85 -1.3856
34.86 -1.3856
34.87 -1.3857
34.88 -1.3857
34.89 -1.3858
34.9 -1.3859
34.91 -1.386
34.92 -1.3861
34.93 -1.3863
34.94 -1.3864
34.95 -1.3866
34.96 -1.3867
34.97 -1.3869
34.98 -1.387
34.99 -1.3872
35 -1.3874
35.01 -1.3876
35.02 -1.3878
35.03 -1.3881
35.04 -1.3882
35.05 -1.3884
35.06 -1.3885
35.07 -1.3885
35.08 -1.3886
35.09 -1.3886
35.1 -1.3886
35.11 -1.3886
35.12 -1.3886
35.13 -1.3886
35.14 -1.3886
35.15 -1.3885
35.16 -1.3885
35.17 -1.3884
35.18 -1.3883
35.19 -1.3882
35.2 -1.388
35.21 -1.3879
35.22 -1.3876
35.23 -1.3874
35.24 -1.387
35.25 -1.3866
35.26 -1.3862
35.27 -1.3857
35.28 -1.3851
35.29 -1.3846
35.3 -1.3841
35.31 -1.3836
35.32 -1.3831
35.33 -1.3828
35.34 -1.3825
35.35 -1.3824
35.36 -1.3824
35.37 -1.3824
35.38 -1.3826
35.39 -1.3828
35.4 -1.3831
35.41 -1.3835
35.42 -1.3838
35.43 -1.3841
35.44 -1.3843
35.45 -1.3844
35.46 -1.3844
35.47 -1.3843
35.48 -1.3842
35.49 -1.3841
35.5 -1.384
35.51 -1.3839
35.52 -1.3837
35.53 -1.3836
35.54 -1.3835
35.55 -1.3833
35.56 -1.3832
35.57 -1.383
35.58 -1.3829
35.59 -1.3829
35.6 -1.3829
35.61 -1.3829
35.62 -1.383
35.63 -1.3831
35.64 -1.3832
35.65 -1.3832
35.66 -1.3833
35.67 -1.3832
35.68 -1.3832
35.69 -1.3831
35.7 -1.383
35.71 -1.3829
35.72 -1.3827
35.73 -1.3825
35.74 -1.3823
35.75 -1.382
35.76 -1.3817
35.77 -1.3815
35.78 -1.3814
35.79 -1.3814
35.8 -1.3815
35.81 -1.3816
35.82 -1.3818
35.83 -1.382
35.84 -1.3822
35.85 -1.3823
35.86 -1.3825
35.87 -1.3828
35.88 -1.383
35.89 -1.3834
35.9 -1.3837
35.91 -1.3841
35.92 -1.3845
35.93 -1.3848
35.94 -1.385
35.95 -1.3852
35.96 -1.3854
35.97 -1.3855
35.98 -1.3856
35.99 -1.3857
36 -1.3857
36.01 -1.3856
36.02 -1.3856
36.03 -1.3855
36.04 -1.3854
36.05 -1.3852
36.06 -1.3851
36.07 -1.385
36.08 -1.385
36.09 -1.3849
36.1 -1.3848
36.11 -1.3848
36.12 -1.3849
36.13 -1.3852
36.14 -1.3856
36.15 -1.3861
36.16 -1.3868
36.17 -1.3876
36.18 -1.3884
