0 -1.5737
0.01 -1.568
0.02 -1.561
0.03 -1.5517
0.04 -1.5389
0.05 -1.5217
0.06 -1.4997
0.07 -1.4724
0.08 -1.4403
0.09 -1.4042
0.1 -1.3654
0.11 -1.3255
0.12 -1.2862
0.13 -1.2493
0.14 -1.2157
0.15 -1.1861
0.16 -1.1605
0.17 -1.1381
0.18 -1.1181
0.19 -1.0996
0.2 -1.0815
0.21 -1.0634
0.22 -1.0447
0.23 -1.0253
0.24 -1.0053
0.25 -0.98483
0.26 -0.96421
0.27 -0.94377
0.28 -0.92386
0.29 -0.90484
0.3 -0.88706
0.31 -0.87082
0.32 -0.85636
0.33 -0.84379
0.34 -0.83314
0.35 -0.82435
0.36 -0.81723
0.37 -0.81147
0.38 -0.8067
0.39 -0.8025
0.4 -0.7985
0.41 -0.79437
0.42 -0.78984
0.43 -0.78471
0.44 -0.77882
0.45 -0.77206
0.46 -0.76449
0.47 -0.75636
0.48 -0.74809
0.49 -0.74014
0.5 -0.7329
0.51 -0.72669
0.52 -0.72172
0.53 -0.71801
0.54 -0.71538
0.55 -0.71349
0.56 -0.71194
0.57 -0.71037
0.58 -0.70853
0.59 -0.70634
0.6 -0.70383
0.61 -0.70112
0.62 -0.69822
0.63 -0.69508
0.64 -0.69159
0.65 -0.68761
0.66 -0.683
0.67 -0.67766
0.68 -0.67159
0.69 -0.66493
0.7 -0.65794
0.71 -0.65096
0.72 -0.64432
0.73 -0.63827
0.74 -0.63291
0.75 -0.62819
0.76 -0.62398
0.77 -0.62009
0.78 -0.61635
0.79 -0.61272
0.8 -0.60928
0.81 -0.60618
0.82 -0.60362
0.83 -0.60179
0.84 -0.60076
0.85 -0.60046
0.86 -0.60075
0.87 -0.60138
0.88 -0.60214
0.89 -0.60283
0.9 -0.6034
0.91 -0.60397
0.92 -0.60478
0.93 -0.60616
0.94 -0.60839
0.95 -0.61172
0.96 -0.61631
0.97 -0.62228
0.98 -0.62965
0.99 -0.63838
1 -0.6483
1.01 -0.65918
1.02 -0.67069
1.03 -0.68249
1.04 -0.69423
1.05 -0.70562
1.06 -0.71649
1.07 -0.72685
1.08 -0.73688
1.09 -0.74697
1.1 -0.75764
1.11 -0.7695
1.12 -0.78316
1.13 -0.79918
1.14 -0.81804
1.15 -0.84003
1.16 -0.86531
1.17 -0.89389
1.18 -0.92565
1.19 -0.96039
1.2 -0.99779
1.21 -1.0374
1.22 -1.0786
1.23 -1.1206
1.24 -1.1629
1.25 -1.2046
1.26 -1.2451
1.27 -1.2841
1.28 -1.321
1.29 -1.3555
1.3 -1.3876
1.31 -1.4173
1.32 -1.4445
1.33 -1.4697
1.34 -1.493
1.35 -1.5146
1.36 -1.5349
1.37 -1.554
1.38 -1.5719
1.39 -1.5886
1.4 -1.604
1.41 -1.6178
1.42 -1.6299
1.43 -1.6403
1.44 -1.6488
1.45 -1.6556
1.46 -1.6605
1.47 -1.6638
1.48 -1.6653
1.49 -1.6652
1.5 -1.6637
1.51 -1.661
1.52 -1.6575
1.53 -1.6536
1.54 -1.6497
1.55 -1.6463
1.56 -1.6437
1.57 -1.6421
1.58 -1.6413
1.59 -1.6413
1.6 -1.6416
1.61 -1.642
1.62 -1.6424
1.63 -1.6427
1.64 -1.6429
1.65 -1.6429
1.66 -1.6428
1.67 -1.6426
1.68 -1.6423
1.69 -1.6418
1.7 -1.6414
1.71 -1.6411
1.72 -1.6409
1.73 -1.6407
1.74 -1.6406
1.75 -1.6403
1.76 -1.6397
1.77 -1.6387
1.78 -1.6372
1.79 -1.6351
1.8 -1.6324
1.81 -1.629
1.82 -1.6251
1.83 -1.6206
1.84 -1.6155
1.85 -1.6099
1.86 -1.6039
1.87 -1.5977
1.88 -1.5915
1.89 -1.5855
1.9 -1.5798
1.91 -1.5745
1.92 -1.5696
1.93 -1.5649
1.94 -1.5605
1.95 -1.5562
1.96 -1.552
1.97 -1.5477
1.98 -1.5433
1.99 -1.5388
2 -1.5342
2.01 -1.5297
2.02 -1.5253
2.03 -1.5212
2.04 -1.5175
2.05 -1.5142
2.06 -1.5113
2.07 -1.509
2.08 -1.507
2.09 -1.5054
2.1 -1.5041
2.11 -1.5032
2.12 -1.5026
2.13 -1.5024
2.14 -1.5025
2.15 -1.503
2.16 -1.5037
2.17 -1.5046
2.18 -1.5057
2.19 -1.507
2.2 -1.5084
2.21 -1.5101
2.22 -1.512
2.23 -1.5141
2.24 -1.5166
2.25 -1.5194
2.26 -1.5226
2.27 -1.5259
2.28 -1.5293
2.29 -1.5328
2.3 -1.5362
2.31 -1.5395
2.32 -1.5428
2.33 -1.546
2.34 -1.5492
2.35 -1.5524
2.36 -1.5557
2.37 -1.5592
2.38 -1.563
2.39 -1.5672
2.4 -1.5717
2.41 -1.5765
2.42 -1.5815
2.43 -1.5865
2.44 -1.5913
2.45 -1.5958
2.46 -1.5998
2.47 -1.6031
2.48 -1.6058
2.49 -1.608
2.5 -1.6096
2.51 -1.6109
2.52 -1.6121
2.53 -1.6133
2.54 -1.6148
2.55 -1.6168
2.56 -1.6191
2.57 -1.6218
2.58 -1.6246
2.59 -1.6274
2.6 -1.6301
2.61 -1.6325
2.62 -1.6346
2.63 -1.6362
2.64 -1.6373
2.65 -1.638
2.66 -1.6382
2.67 -1.6379
2.68 -1.6374
2.69 -1.6365
2.7 -1.6356
2.71 -1.6347
2.72 -1.6339
2.73 -1.6333
2.74 -1.633
2.75 -1.6331
2.76 -1.6334
2.77 -1.634
2.78 -1.6349
2.79 -1.636
2.8 -1.6372
2.81 -1.6386
2.82 -1.64
2.83 -1.6415
2.84 -1.6429
2.85 -1.6443
2.86 -1.6455
2.87 -1.6466
2.88 -1.6475
2.89 -1.6483
2.9 -1.6488
2.91 -1.6492
2.92 -1.6493
2.93 -1.6492
2.94 -1.6489
2.95 -1.6484
2.96 -1.6477
2.97 -1.6468
2.98 -1.6459
2.99 -1.6449
3 -1.6438
3.01 -1.6428
3.02 -1.6417
3.03 -1.6404
3.04 -1.6389
3.05 -1.6368
3.06 -1.6343
3.07 -1.6311
3.08 -1.6274
3.09 -1.6234
3.1 -1.6193
3.11 -1.6151
3.12 -1.6112
3.13 -1.6077
3.14 -1.6046
3.15 -1.602
3.16 -1.5998
3.17 -1.598
3.18 -1.5968
3.19 -1.5962
3.2 -1.5962
3.21 -1.5969
3.22 -1.598
3.23 -1.5997
3.24 -1.6017
3.25 -1.6041
3.26 -1.607
3.27 -1.6102
3.28 -1.6137
3.29 -1.6175
3.3 -1.6215
3.31 -1.6255
3.32 -1.6294
3.33 -1.6332
3.34 -1.6368
3.35 -1.64
3.36 -1.643
3.37 -1.6455
3.38 -1.6476
3.39 -1.6492
3.4 -1.6504
3.41 -1.6511
3.42 -1.6513
3.43 -1.651
3.44 -1.6504
3.45 -1.6495
3.46 -1.6483
3.47 -1.6469
3.48 -1.6454
3.49 -1.6436
3.5 -1.6417
3.51 -1.6396
3.52 -1.6375
3.53 -1.6353
3.54 -1.6332
3.55 -1.6312
3.56 -1.6293
3.57 -1.6276
3.58 -1.6261
3.59 -1.6246
3.6 -1.6232
3.61 -1.6217
3.62 -1.6201
3.63 -1.6183
3.64 -1.6162
3.65 -1.6138
3.66 -1.6113
3.67 -1.6086
3.68 -1.606
3.69 -1.6035
3.7 -1.6015
3.71 -1.6
3.72 -1.5992
3.73 -1.5992
3.74 -1.5999
3.75 -1.6013
3.76 -1.6032
3.77 -1.6057
3.78 -1.6088
3.79 -1.6126
3.8 -1.617
3.81 -1.6221
3.82 -1.6276
3.83 -1.6334
3.84 -1.6392
3.85 -1.6448
3.86 -1.6498
3.87 -1.6539
3.88 -1.6567
3.89 -1.6579
3.9 -1.6572
3.91 -1.6545
3.92 -1.6497
3.93 -1.643
3.94 -1.6342
3.95 -1.6235
3.96 -1.6107
3.97 -1.5959
3.98 -1.5788
3.99 -1.5595
4 -1.5376
4.01 -1.5132
4.02 -1.4863
4.03 -1.457
4.04 -1.4257
4.05 -1.3926
4.06 -1.3582
4.07 -1.3229
4.08 -1.2873
4.09 -1.2519
4.1 -1.2169
4.11 -1.1827
4.12 -1.1496
4.13 -1.1177
4.14 -1.0872
4.15 -1.0581
4.16 -1.0305
4.17 -1.0042
4.18 -0.97901
4.19 -0.95471
4.2 -0.93121
4.21 -0.90852
4.22 -0.88673
4.23 -0.86605
4.24 -0.84676
4.25 -0.82911
4.26 -0.81329
4.27 -0.79937
4.28 -0.78736
4.29 -0.77716
4.3 -0.76867
4.31 -0.76177
4.32 -0.75633
4.33 -0.75226
4.34 -0.74941
4.35 -0.74765
4.36 -0.74674
4.37 -0.74645
4.38 -0.74654
4.39 -0.74686
4.4 -0.74742
4.41 -0.74835
4.42 -0.74989
4.43 -0.7523
4.44 -0.75587
4.45 -0.76089
4.46 -0.76761
4.47 -0.77615
4.48 -0.78656
4.49 -0.79881
4.5 -0.81286
4.51 -0.82862
4.52 -0.84602
4.53 -0.86489
4.54 -0.88497
4.55 -0.90589
4.56 -0.92726
4.57 -0.94868
4.58 -0.96979
4.59 -0.99033
4.6 -1.0101
4.61 -1.0289
4.62 -1.0466
4.63 -1.0629
4.64 -1.0777
4.65 -1.091
4.66 -1.1025
4.67 -1.1123
4.68 -1.1205
4.69 -1.1273
4.7 -1.1328
4.71 -1.137
4.72 -1.1399
4.73 -1.1413
4.74 -1.1412
4.75 -1.1395
4.76 -1.1361
4.77 -1.1306
4.78 -1.1231
4.79 -1.1133
4.8 -1.1012
4.81 -1.0869
4.82 -1.0702
4.83 -1.0513
4.84 -1.0306
4.85 -1.0082
4.86 -0.98485
4.87 -0.96093
4.88 -0.93696
4.89 -0.9133
4.9 -0.89019
4.91 -0.86777
4.92 -0.8461
4.93 -0.82524
4.94 -0.80528
4.95 -0.78645
4.96 -0.76904
4.97 -0.75338
4.98 -0.73977
4.99 -0.72842
5 -0.71939
5.01 -0.7126
5.02 -0.70786
5.03 -0.70492
5.04 -0.70357
5.05 -0.7038
5.06 -0.70577
5.07 -0.70977
5.08 -0.71613
5.09 -0.72509
5.1 -0.73674
5.11 -0.75099
5.12 -0.76756
5.13 -0.78613
5.14 -0.80631
5.15 -0.82787
5.16 -0.85069
5.17 -0.87478
5.18 -0.90017
5.19 -0.92687
5.2 -0.95489
5.21 -0.9842
5.22 -1.0148
5.23 -1.0467
5.24 -1.0799
5.25 -1.1144
5.26 -1.1498
5.27 -1.186
5.28 -1.2224
5.29 -1.2584
5.3 -1.2932
5.31 -1.3262
5.32 -1.3565
5.33 -1.3839
5.34 -1.408
5.35 -1.4292
5.36 -1.4476
5.37 -1.4637
5.38 -1.4776
5.39 -1.4897
5.4 -1.5001
5.41 -1.509
5.42 -1.5166
5.43 -1.523
5.44 -1.5284
5.45 -1.5328
5.46 -1.5363
5.47 -1.5388
5.48 -1.5403
5.49 -1.5407
5.5 -1.5401
5.51 -1.5387
5.52 -1.5367
5.53 -1.5343
5.54 -1.5318
5.55 -1.5294
5.56 -1.5274
5.57 -1.5258
5.58 -1.5249
5.59 -1.5248
5.6 -1.5255
5.61 -1.527
5.62 -1.5291
5.63 -1.5315
5.64 -1.5341
5.65 -1.5366
5.66 -1.539
5.67 -1.5412
5.68 -1.543
5.69 -1.5443
5.7 -1.5449
5.71 -1.5449
5.72 -1.5442
5.73 -1.543
5.74 -1.5416
5.75 -1.54
5.76 -1.5384
5.77 -1.5369
5.78 -1.5356
5.79 -1.5345
5.8 -1.534
5.81 -1.5342
5.82 -1.535
5.83 -1.5366
5.84 -1.5386
5.85 -1.5411
5.86 -1.5438
5.87 -1.5466
5.88 -1.5493
5.89 -1.5517
5.9 -1.5539
5.91 -1.5556
5.92 -1.5568
5.93 -1.5572
5.94 -1.557
5.95 -1.556
5.96 -1.5543
5.97 -1.5519
5.98 -1.5489
5.99 -1.5453
6 -1.5414
6.01 -1.5371
6.02 -1.5327
6.03 -1.5283
6.04 -1.524
6.05 -1.5198
6.06 -1.5156
6.07 -1.5114
6.08 -1.5071
6.09 -1.5027
6.1 -1.4982
6.11 -1.4936
6.12 -1.4891
6.13 -1.4848
6.14 -1.4808
6.15 -1.4774
6.16 -1.4745
6.17 -1.4723
6.18 -1.4707
6.19 -1.4698
6.2 -1.4696
6.21 -1.47
6.22 -1.4711
6.23 -1.4728
6.24 -1.4749
6.25 -1.4775
6.26 -1.4804
6.27 -1.4836
6.28 -1.487
6.29 -1.4906
6.3 -1.4942
6.31 -1.4978
6.32 -1.5013
6.33 -1.5046
6.34 -1.5077
6.35 -1.5105
6.36 -1.5132
6.37 -1.5157
6.38 -1.5181
6.39 -1.5205
6.4 -1.523
6.41 -1.5256
6.42 -1.5283
6.43 -1.5312
6.44 -1.5341
6.45 -1.5373
6.46 -1.5406
6.47 -1.5441
6.48 -1.5478
6.49 -1.5517
6.5 -1.5557
6.51 -1.5597
6.52 -1.5638
6.53 -1.5678
6.54 -1.5716
6.55 -1.5754
6.56 -1.579
6.57 -1.5825
6.58 -1.586
6.59 -1.5896
6.6 -1.5933
6.61 -1.5973
6.62 -1.6014
6.63 -1.6059
6.64 -1.6105
6.65 -1.6152
6.66 -1.6199
6.67 -1.6245
6.68 -1.6288
6.69 -1.6327
6.7 -1.6364
6.71 -1.6396
6.72 -1.6426
6.73 -1.6453
6.74 -1.6477
6.75 -1.6498
6.76 -1.6517
6.77 -1.6535
6.78 -1.6553
6.79 -1.6571
6.8 -1.659
6.81 -1.6611
6.82 -1.6635
6.83 -1.6662
6.84 -1.6693
6.85 -1.6727
6.86 -1.6763
6.87 -1.68
6.88 -1.6837
6.89 -1.6872
6.9 -1.6905
6.91 -1.6934
6.92 -1.6958
6.93 -1.6977
6.94 -1.699
6.95 -1.6998
6.96 -1.7002
6.97 -1.7003
6.98 -1.7004
6.99 -1.7005
7 -1.7007
7.01 -1.7011
7.02 -1.7016
7.03 -1.7022
7.04 -1.7026
7.05 -1.7027
7.06 -1.7024
7.07 -1.7014
7.08 -1.6994
7.09 -1.6963
7.1 -1.6921
7.11 -1.6867
7.12 -1.6803
7.13 -1.673
7.14 -1.6651
7.15 -1.6566
7.16 -1.6476
7.17 -1.6384
7.18 -1.629
7.19 -1.6197
7.2 -1.6108
7.21 -1.6023
7.22 -1.5945
7.23 -1.5874
7.24 -1.5812
7.25 -1.5758
7.26 -1.5711
7.27 -1.567
7.28 -1.5633
7.29 -1.5597
7.3 -1.5564
7.31 -1.553
7.32 -1.5497
7.33 -1.5464
7.34 -1.5432
7.35 -1.5402
7.36 -1.5373
7.37 -1.5345
7.38 -1.5319
7.39 -1.5293
7.4 -1.5267
7.41 -1.524
7.42 -1.5211
7.43 -1.5179
7.44 -1.5146
7.45 -1.5111
7.46 -1.5074
7.47 -1.5038
7.48 -1.5002
7.49 -1.4967
7.5 -1.4932
7.51 -1.4896
7.52 -1.4861
7.53 -1.4825
7.54 -1.4788
7.55 -1.4751
7.56 -1.4716
7.57 -1.4683
7.58 -1.4654
7.59 -1.4631
7.6 -1.4615
7.61 -1.4607
7.62 -1.4606
7.63 -1.4611
7.64 -1.4622
7.65 -1.4638
7.66 -1.4656
7.67 -1.4677
7.68 -1.4699
7.69 -1.472
7.7 -1.4741
7.71 -1.4761
7.72 -1.4778
7.73 -1.4793
7.74 -1.4805
7.75 -1.4816
7.76 -1.4827
7.77 -1.4838
7.78 -1.485
7.79 -1.4864
7.8 -1.4881
7.81 -1.4901
7.82 -1.4924
7.83 -1.4949
7.84 -1.4976
7.85 -1.5003
7.86 -1.5031
7.87 -1.5058
7.88 -1.5084
7.89 -1.5107
7.9 -1.5128
7.91 -1.5146
7.92 -1.5162
7.93 -1.5176
7.94 -1.5189
7.95 -1.52
7.96 -1.521
7.97 -1.5218
7.98 -1.5226
7.99 -1.5233
8 -1.524
8.01 -1.5247
8.02 -1.5254
8.03 -1.5262
8.04 -1.5271
8.05 -1.5279
8.06 -1.5288
8.07 -1.5297
8.08 -1.5305
8.09 -1.5313
8.1 -1.5321
8.11 -1.5329
8.12 -1.5336
8.13 -1.5344
8.14 -1.5352
8.15 -1.5361
8.16 -1.5369
8.17 -1.5379
8.18 -1.5389
8.19 -1.5401
8.2 -1.5413
8.21 -1.5426
8.22 -1.5439
8.23 -1.5452
8.24 -1.5465
8.25 -1.5477
8.26 -1.5489
8.27 -1.5499
8.28 -1.5507
8.29 -1.5513
8.3 -1.5517
8.31 -1.552
8.32 -1.552
8.33 -1.5519
8.34 -1.5518
8.35 -1.5516
8.36 -1.5515
8.37 -1.5514
8.38 -1.5514
8.39 -1.5515
8.4 -1.5515
8.41 -1.5516
8.42 -1.5515
8.43 -1.5514
8.44 -1.5512
8.45 -1.551
8.46 -1.5507
8.47 -1.5504
8.48 -1.5501
8.49 -1.5499
8.5 -1.5497
8.51 -1.5496
8.52 -1.5496
8.53 -1.5496
8.54 -1.5497
8.55 -1.5498
8.56 -1.5499
8.57 -1.55
8.58 -1.5501
8.59 -1.5501
8.6 -1.5501
8.61 -1.5501
8.62 -1.55
8.63 -1.55
8.64 -1.55
8.65 -1.55
8.66 -1.5501
8.67 -1.5504
8.68 -1.5507
8.69 -1.5512
8.7 -1.5516
8.71 -1.5521
8.72 -1.5524
8.73 -1.5527
8.74 -1.5528
8.75 -1.5529
8.76 -1.5529
8.77 -1.5529
8.78 -1.5528
8.79 -1.5527
8.8 -1.5525
8.81 -1.5522
8.82 -1.552
8.83 -1.5518
8.84 -1.5516
8.85 -1.5514
8.86 -1.5513
8.87 -1.5511
8.88 -1.551
8.89 -1.551
8.9 -1.5509
8.91 -1.5508
8.92 -1.5507
8.93 -1.5506
8.94 -1.5502
8.95 -1.5496
8.96 -1.5488
8.97 -1.5478
8.98 -1.5464
8.99 -1.5448
9 -1.5429
9.01 -1.5408
9.02 -1.5383
9.03 -1.5357
9.04 -1.5329
9.05 -1.5301
9.06 -1.5271
9.07 -1.524
9.08 -1.5207
9.09 -1.5172
9.1 -1.5135
9.11 -1.5096
9.12 -1.5058
9.13 -1.5022
9.14 -1.4989
9.15 -1.496
9.16 -1.4936
9.17 -1.4916
9.18 -1.4902
9.19 -1.4893
9.2 -1.4887
9.21 -1.4885
9.22 -1.4887
9.23 -1.4891
9.24 -1.4897
9.25 -1.4904
9.26 -1.4912
9.27 -1.4921
9.28 -1.4932
9.29 -1.4943
9.3 -1.4955
9.31 -1.4969
9.32 -1.4983
9.33 -1.4997
9.34 -1.5011
9.35 -1.5024
9.36 -1.5035
9.37 -1.5044
9.38 -1.5051
9.39 -1.5056
9.4 -1.5058
9.41 -1.5058
9.42 -1.5057
9.43 -1.5054
9.44 -1.505
9.45 -1.5045
9.46 -1.5037
9.47 -1.5029
9.48 -1.5019
9.49 -1.5009
9.5 -1.4999
9.51 -1.4991
9.52 -1.4983
9.53 -1.4978
9.54 -1.4974
9.55 -1.4973
9.56 -1.4974
9.57 -1.4977
9.58 -1.4983
9.59 -1.499
9.6 -1.4999
9.61 -1.501
9.62 -1.5022
9.63 -1.5037
9.64 -1.5053
9.65 -1.507
9.66 -1.5088
9.67 -1.5105
9.68 -1.5122
9.69 -1.5136
9.7 -1.5148
9.71 -1.5157
9.72 -1.5162
9.73 -1.5163
9.74 -1.5161
9.75 -1.5155
9.76 -1.5146
9.77 -1.5134
9.78 -1.5121
9.79 -1.5108
9.8 -1.5093
9.81 -1.5079
9.82 -1.5065
9.83 -1.505
9.84 -1.5036
9.85 -1.5022
9.86 -1.501
9.87 -1.5001
9.88 -1.4996
9.89 -1.4995
9.9 -1.4999
9.91 -1.5007
9.92 -1.5021
9.93 -1.5038
9.94 -1.506
9.95 -1.5086
9.96 -1.5115
9.97 -1.5146
9.98 -1.5178
9.99 -1.521
10 -1.5239
10.01 -1.5267
10.02 -1.5292
10.03 -1.5315
10.04 -1.5336
10.05 -1.5355
10.06 -1.5372
10.07 -1.5386
10.08 -1.5397
10.09 -1.5405
10.1 -1.5409
10.11 -1.541
10.12 -1.5408
10.13 -1.5404
10.14 -1.5398
10.15 -1.5391
10.16 -1.5385
10.17 -1.5381
10.18 -1.5379
10.19 -1.5379
10.2 -1.5382
10.21 -1.5387
10.22 -1.5394
10.23 -1.5402
10.24 -1.541
10.25 -1.5417
10.26 -1.5424
10.27 -1.5429
10.28 -1.5432
10.29 -1.5433
10.3 -1.5432
10.31 -1.5427
10.32 -1.5421
10.33 -1.5412
10.34 -1.54
10.35 -1.5387
10.36 -1.5372
10.37 -1.5354
10.38 -1.5336
10.39 -1.5317
10.4 -1.5298
10.41 -1.5282
10.42 -1.5268
10.43 -1.5258
10.44 -1.5251
10.45 -1.5248
10.46 -1.5249
10.47 -1.5254
10.48 -1.5262
10.49 -1.5274
10.5 -1.5289
10.51 -1.5306
10.52 -1.5325
10.53 -1.5343
10.54 -1.536
10.55 -1.5375
10.56 -1.5389
10.57 -1.5399
10.58 -1.5407
10.59 -1.5413
10.6 -1.5417
10.61 -1.542
10.62 -1.5423
10.63 -1.5425
10.64 -1.5426
10.65 -1.5428
10.66 -1.5429
10.67 -1.543
10.68 -1.5431
10.69 -1.5433
10.7 -1.5435
10.71 -1.5439
10.72 -1.5443
10.73 -1.545
10.74 -1.5459
10.75 -1.547
10.76 -1.5483
10.77 -1.5497
10.78 -1.5512
10.79 -1.5527
10.8 -1.5541
10.81 -1.5555
10.82 -1.5567
10.83 -1.5577
10.84 -1.5586
10.85 -1.5592
10.86 -1.5595
10.87 -1.5597
10.88 -1.5597
10.89 -1.5596
10.9 -1.5594
10.91 -1.5591
10.92 -1.5588
10.93 -1.5584
10.94 -1.558
10.95 -1.5575
10.96 -1.557
10.97 -1.5564
10.98 -1.5557
10.99 -1.5549
11 -1.554
11.01 -1.5528
11.02 -1.5515
11.03 -1.55
11.04 -1.5484
11.05 -1.5467
11.06 -1.5449
11.07 -1.5431
11.08 -1.5411
11.09 -1.5391
11.1 -1.5369
11.11 -1.5346
11.12 -1.532
11.13 -1.5293
11.14 -1.5264
11.15 -1.5233
11.16 -1.5202
11.17 -1.517
11.18 -1.5139
11.19 -1.511
11.2 -1.5083
11.21 -1.5059
11.22 -1.5037
11.23 -1.5018
11.24 -1.5003
11.25 -1.499
11.26 -1.498
11.27 -1.4972
11.28 -1.4964
11.29 -1.4956
11.3 -1.4945
11.31 -1.4933
11.32 -1.4918
11.33 -1.4903
11.34 -1.4887
11.35 -1.4873
11.36 -1.4861
11.37 -1.4851
11.38 -1.4845
11.39 -1.4842
11.4 -1.4841
11.41 -1.4843
11.42 -1.4846
11.43 -1.485
11.44 -1.4856
11.45 -1.4863
11.46 -1.4872
11.47 -1.4882
11.48 -1.4893
11.49 -1.4904
11.5 -1.4914
11.51 -1.4922
11.52 -1.4927
11.53 -1.4929
11.54 -1.4929
11.55 -1.4925
11.56 -1.492
11.57 -1.4913
11.58 -1.4904
11.59 -1.4893
11.6 -1.4882
11.61 -1.4869
11.62 -1.4856
11.63 -1.4842
11.64 -1.4828
11.65 -1.4814
11.66 -1.4803
11.67 -1.4793
11.68 -1.4786
11.69 -1.4783
11.7 -1.4783
11.71 -1.4788
11.72 -1.4797
11.73 -1.4808
11.74 -1.4821
11.75 -1.4835
11.76 -1.4851
11.77 -1.4866
11.78 -1.4883
11.79 -1.4902
11.8 -1.4922
11.81 -1.4944
11.82 -1.4969
11.83 -1.4993
11.84 -1.5017
11.85 -1.5036
11.86 -1.505
11.87 -1.5057
11.88 -1.5058
11.89 -1.5054
11.9 -1.5047
11.91 -1.5038
11.92 -1.5028
11.93 -1.5019
11.94 -1.5011
11.95 -1.5005
11.96 -1.5
11.97 -1.4996
11.98 -1.4993
11.99 -1.499
12 -1.4989
12.01 -1.4989
12.02 -1.499
12.03 -1.4992
12.04 -1.4995
12.05 -1.4998
12.06 -1.5001
12.07 -1.5004
12.08 -1.5007
12.09 -1.501
12.1 -1.5011
12.11 -1.5013
12.12 -1.5013
12.13 -1.5014
12.14 -1.5015
12.15 -1.5017
12.16 -1.5018
12.17 -1.5019
12.18 -1.502
12.19 -1.5021
12.2 -1.5022
12.21 -1.5024
12.22 -1.5026
12.23 -1.5029
12.24 -1.5032
12.25 -1.5036
12.26 -1.504
12.27 -1.5044
12.28 -1.5049
12.29 -1.5052
12.3 -1.5054
12.31 -1.5055
12.32 -1.5055
12.33 -1.5053
12.34 -1.5051
12.35 -1.5047
12.36 -1.5041
12.37 -1.5034
12.38 -1.5025
12.39 -1.5014
12.4 -1.5001
12.41 -1.4986
12.42 -1.4971
12.43 -1.4956
12.44 -1.4941
12.45 -1.4928
12.46 -1.4917
12.47 -1.4909
12.48 -1.4903
12.49 -1.4899
12.5 -1.4898
12.51 -1.4897
12.52 -1.4898
12.53 -1.4899
12.54 -1.4901
12.55 -1.4904
12.56 -1.4907
12.57 -1.4911
12.58 -1.4916
12.59 -1.4921
12.6 -1.4927
12.61 -1.4932
12.62 -1.4938
12.63 -1.4944
12.64 -1.4949
12.65 -1.4952
12.66 -1.4955
12.67 -1.4956
12.68 -1.4956
12.69 -1.4955
12.7 -1.4953
12.71 -1.4951
12.72 -1.4948
12.73 -1.4945
12.74 -1.4941
12.75 -1.4938
12.76 -1.4934
12.77 -1.493
12.78 -1.4926
12.79 -1.4923
12.8 -1.4921
12.81 -1.4919
12.82 -1.4918
12.83 -1.4916
12.84 -1.4914
12.85 -1.4911
12.86 -1.4907
12.87 -1.4904
12.88 -1.4901
12.89 -1.4899
12.9 -1.4897
12.91 -1.4896
12.92 -1.4895
12.93 -1.4895
12.94 -1.4895
12.95 -1.4895
12.96 -1.4894
12.97 -1.4892
12.98 -1.489
12.99 -1.4886
13 -1.4882
13.01 -1.4876
13.02 -1.487
13.03 -1.4862
13.04 -1.4855
13.05 -1.4848
13.06 -1.4842
13.07 -1.4837
13.08 -1.4833
13.09 -1.4831
13.1 -1.4829
13.11 -1.4828
13.12 -1.4828
13.13 -1.4828
13.14 -1.4828
13.15 -1.4828
13.16 -1.4828
13.17 -1.4828
13.18 -1.4829
13.19 -1.4829
13.2 -1.4829
13.21 -1.4828
13.22 -1.4827
13.23 -1.4826
13.24 -1.4825
13.25 -1.4823
13.26 -1.4822
13.27 -1.482
13.28 -1.4819
13.29 -1.4819
13.3 -1.4819
13.31 -1.4819
13.32 -1.482
13.33 -1.4821
13.34 -1.4822
13.35 -1.4824
13.36 -1.4825
13.37 -1.4826
13.38 -1.4827
13.39 -1.4828
13.4 -1.4829
13.41 -1.483
13.42 -1.483
13.43 -1.483
13.44 -1.483
13.45 -1.4828
13.46 -1.4827
13.47 -1.4824
13.48 -1.4822
13.49 -1.4819
13.5 -1.4816
13.51 -1.4813
13.52 -1.4809
13.53 -1.4805
13.54 -1.4801
13.55 -1.4797
13.56 -1.4792
13.57 -1.4788
13.58 -1.4783
13.59 -1.4778
13.6 -1.4772
13.61 -1.4766
13.62 -1.4759
13.63 -1.4752
13.64 -1.4745
13.65 -1.4739
13.66 -1.4732
13.67 -1.4726
13.68 -1.4719
13.69 -1.4712
13.7 -1.4705
13.71 -1.4698
13.72 -1.4691
13.73 -1.4684
13.74 -1.4678
13.75 -1.4671
13.76 -1.4666
13.77 -1.466
13.78 -1.4656
13.79 -1.4653
13.8 -1.465
13.81 -1.4648
13.82 -1.4645
13.83 -1.4643
13.84 -1.464
13.85 -1.4638
13.86 -1.4635
13.87 -1.4633
13.88 -1.4631
13.89 -1.4631
13.9 -1.463
13.91 -1.463
13.92 -1.4629
13.93 -1.4628
13.94 -1.4627
13.95 -1.4625
13.96 -1.4622
13.97 -1.4619
13.98 -1.4615
13.99 -1.4611
14 -1.4606
14.01 -1.4602
14.02 -1.4598
14.03 -1.4595
14.04 -1.4592
14.05 -1.459
14.06 -1.4589
14.07 -1.4589
14.08 -1.4588
14.09 -1.4589
14.1 -1.4589
14.11 -1.459
14.12 -1.4591
14.13 -1.4592
14.14 -1.4594
14.15 -1.4595
14.16 -1.4596
14.17 -1.4598
14.18 -1.46
14.19 -1.4603
14.2 -1.4606
14.21 -1.4609
14.22 -1.4611
14.23 -1.4614
14.24 -1.4615
14.25 -1.4617
14.26 -1.4618
14.27 -1.462
14.28 -1.4621
14.29 -1.4624
14.3 -1.4626
14.31 -1.4629
14.32 -1.4632
14.33 -1.4635
14.34 -1.4637
14.35 -1.464
14.36 -1.4642
14.37 -1.4644
14.38 -1.4645
14.39 -1.4646
14.4 -1.4646
14.41 -1.4645
14.42 -1.4644
14.43 -1.4643
14.44 -1.4642
14.45 -1.4641
14.46 -1.4639
14.47 -1.4637
14.48 -1.4635
14.49 -1.4634
14.5 -1.4633
14.51 -1.4632
14.52 -1.4632
14.53 -1.4632
14.54 -1.4633
14.55 -1.4634
14.56 -1.4635
14.57 -1.4637
14.58 -1.4638
14.59 -1.4639
14.6 -1.4639
14.61 -1.4639
14.62 -1.4639
14.63 -1.4639
14.64 -1.464
14.65 -1.4641
14.66 -1.4643
14.67 -1.4645
14.68 -1.4648
14.69 -1.4651
14.7 -1.4654
14.71 -1.4656
14.72 -1.4658
14.73 -1.4659
14.74 -1.466
14.75 -1.4661
14.76 -1.4661
14.77 -1.4662
14.78 -1.4662
14.79 -1.4661
14.8 -1.466
14.81 -1.4659
14.82 -1.4659
14.83 -1.4658
14.84 -1.4658
14.85 -1.4657
14.86 -1.4658
14.87 -1.4659
14.88 -1.466
14.89 -1.4662
14.9 -1.4663
14.91 -1.4664
14.92 -1.4665
14.93 -1.4666
14.94 -1.4666
14.95 -1.4665
14.96 -1.4664
14.97 -1.4662
14.98 -1.4659
14.99 -1.4657
15 -1.4654
15.01 -1.4652
15.02 -1.465
15.03 -1.4648
15.04 -1.4645
15.05 -1.4643
15.06 -1.4642
15.07 -1.464
15.08 -1.4639
15.09 -1.4638
15.1 -1.4638
15.11 -1.4638
15.12 -1.4638
15.13 -1.4638
15.14 -1.4639
15.15 -1.464
15.16 -1.4641
15.17 -1.4643
15.18 -1.4645
15.19 -1.4646
15.2 -1.4648
15.21 -1.4648
15.22 -1.4648
15.23 -1.4648
15.24 -1.4648
15.25 -1.4648
15.26 -1.4648
15.27 -1.4647
15.28 -1.4647
15.29 -1.4647
15.3 -1.4647
15.31 -1.4647
15.32 -1.4646
15.33 -1.4646
15.34 -1.4646
15.35 -1.4646
15.36 -1.4648
15.37 -1.465
15.38 -1.4653
15.39 -1.4656
15.4 -1.4659
15.41 -1.4662
15.42 -1.4665
15.43 -1.4668
15.44 -1.4671
15.45 -1.4674
15.46 -1.4677
15.47 -1.468
15.48 -1.4684
15.49 -1.4688
15.5 -1.4693
15.51 -1.4698
15.52 -1.4704
15.53 -1.471
15.54 -1.4717
15.55 -1.4723
15.56 -1.473
15.57 -1.4736
15.58 -1.4743
15.59 -1.4749
15.6 -1.4756
15.61 -1.4763
15.62 -1.4771
15.63 -1.478
15.64 -1.479
15.65 -1.4801
15.66 -1.4813
15.67 -1.4825
15.68 -1.4838
15.69 -1.4852
15.7 -1.4867
15.71 -1.4882
15.72 -1.4899
15.73 -1.4918
15.74 -1.4937
15.75 -1.4958
15.76 -1.4981
15.77 -1.5003
15.78 -1.5026
15.79 -1.5048
15.8 -1.5069
15.81 -1.509
15.82 -1.5109
15.83 -1.5128
15.84 -1.5146
15.85 -1.5164
15.86 -1.5181
15.87 -1.5198
15.88 -1.5213
15.89 -1.5228
15.9 -1.5243
15.91 -1.5257
15.92 -1.5272
15.93 -1.5288
15.94 -1.5304
15.95 -1.5321
15.96 -1.5339
15.97 -1.5356
15.98 -1.5375
15.99 -1.5395
16 -1.5415
16.01 -1.5438
16.02 -1.5462
16.03 -1.5489
16.04 -1.5519
16.05 -1.555
16.06 -1.5581
16.07 -1.5613
16.08 -1.5643
16.09 -1.5671
16.1 -1.5698
16.11 -1.5723
16.12 -1.5747
16.13 -1.577
16.14 -1.5792
16.15 -1.5813
16.16 -1.5831
16.17 -1.5845
16.18 -1.5856
16.19 -1.5864
16.2 -1.587
16.21 -1.5874
16.22 -1.5876
16.23 -1.5878
16.24 -1.5879
16.25 -1.588
16.26 -1.588
16.27 -1.588
16.28 -1.5879
16.29 -1.5878
16.3 -1.5876
16.31 -1.5873
16.32 -1.5871
16.33 -1.5868
16.34 -1.5865
16.35 -1.5861
16.36 -1.5858
16.37 -1.5854
16.38 -1.585
16.39 -1.5847
16.4 -1.5845
16.41 -1.5845
16.42 -1.5848
16.43 -1.5855
16.44 -1.5867
16.45 -1.5884
16.46 -1.5906
16.47 -1.5933
16.48 -1.5965
16.49 -1.6002
16.5 -1.6044
16.51 -1.6088
16.52 -1.6135
16.53 -1.6182
16.54 -1.623
16.55 -1.6277
16.56 -1.6325
16.57 -1.6374
16.58 -1.6425
16.59 -1.6479
16.6 -1.6535
16.61 -1.6592
16.62 -1.6649
16.63 -1.6703
16.64 -1.6752
16.65 -1.6796
16.66 -1.6834
16.67 -1.6867
16.68 -1.6894
16.69 -1.6917
16.7 -1.6936
16.71 -1.6951
16.72 -1.6963
16.73 -1.6972
16.74 -1.6977
16.75 -1.6977
16.76 -1.6973
16.77 -1.6963
16.78 -1.695
16.79 -1.6932
16.8 -1.6913
16.81 -1.6891
16.82 -1.6869
16.83 -1.6847
16.84 -1.6825
16.85 -1.6804
16.86 -1.6782
16.87 -1.676
16.88 -1.6738
16.89 -1.6717
16.9 -1.6695
16.91 -1.6674
16.92 -1.6654
16.93 -1.6635
16.94 -1.6617
16.95 -1.66
16.96 -1.6584
16.97 -1.6569
16.98 -1.6553
16.99 -1.6536
17 -1.6519
17.01 -1.6501
17.02 -1.6483
17.03 -1.6464
17.04 -1.6446
17.05 -1.6427
17.06 -1.6407
17.07 -1.6388
17.08 -1.6367
17.09 -1.6344
17.1 -1.632
17.11 -1.6293
17.12 -1.6264
17.13 -1.6232
17.14 -1.6197
17.15 -1.6158
17.16 -1.6118
17.17 -1.6076
17.18 -1.6034
17.19 -1.5992
17.2 -1.5952
17.21 -1.5915
17.22 -1.5882
17.23 -1.5853
17.24 -1.583
17.25 -1.5812
17.26 -1.58
17.27 -1.5793
17.28 -1.5792
17.29 -1.5794
17.3 -1.5798
17.31 -1.5804
17.32 -1.5811
17.33 -1.5817
17.34 -1.5821
17.35 -1.5824
17.36 -1.5826
17.37 -1.5827
17.38 -1.5828
17.39 -1.5831
17.4 -1.5837
17.41 -1.5845
17.42 -1.5856
17.43 -1.587
17.44 -1.5886
17.45 -1.5903
17.46 -1.5921
17.47 -1.594
17.48 -1.5959
17.49 -1.5977
17.5 -1.5996
17.51 -1.6014
17.52 -1.6031
17.53 -1.6048
17.54 -1.6063
17.55 -1.6078
17.56 -1.6091
17.57 -1.6104
17.58 -1.6115
17.59 -1.6126
17.6 -1.6135
17.61 -1.6143
17.62 -1.615
17.63 -1.6157
17.64 -1.6162
17.65 -1.6168
17.66 -1.6173
17.67 -1.6178
17.68 -1.6184
17.69 -1.6191
17.7 -1.62
17.71 -1.6211
17.72 -1.6225
17.73 -1.6242
17.74 -1.6262
17.75 -1.6284
17.76 -1.6308
17.77 -1.6333
17.78 -1.636
17.79 -1.6387
17.8 -1.6415
17.81 -1.6443
17.82 -1.6472
17.83 -1.6501
17.84 -1.6531
17.85 -1.6562
17.86 -1.6595
17.87 -1.6629
17.88 -1.6664
17.89 -1.6698
17.9 -1.6732
17.91 -1.6764
17.92 -1.6793
17.93 -1.6821
17.94 -1.6845
17.95 -1.6867
17.96 -1.6886
17.97 -1.6902
17.98 -1.6912
17.99 -1.6919
18 -1.692
18.01 -1.6916
18.02 -1.6907
18.03 -1.6893
18.04 -1.6874
18.05 -1.685
18.06 -1.682
18.07 -1.6784
18.08 -1.6743
18.09 -1.6698
18.1 -1.6649
18.11 -1.6597
18.12 -1.6542
18.13 -1.6485
18.14 -1.6426
18.15 -1.6366
18.16 -1.6303
18.17 -1.624
18.18 -1.6175
18.19 -1.6108
18.2 -1.6039
18.21 -1.5968
18.22 -1.5897
18.23 -1.5825
18.24 -1.5754
18.25 -1.5685
18.26 -1.5619
18.27 -1.5556
18.28 -1.5497
18.29 -1.5443
18.3 -1.5394
18.31 -1.5349
18.32 -1.5308
18.33 -1.527
18.34 -1.5234
18.35 -1.52
18.36 -1.5165
18.37 -1.5131
18.38 -1.5096
18.39 -1.5061
18.4 -1.5028
18.41 -1.4998
18.42 -1.4971
18.43 -1.4948
18.44 -1.4928
18.45 -1.4911
18.46 -1.4897
18.47 -1.4884
18.48 -1.4873
18.49 -1.4863
18.5 -1.4853
18.51 -1.4845
18.52 -1.4837
18.53 -1.483
18.54 -1.4824
18.55 -1.482
18.56 -1.4818
18.57 -1.4819
18.58 -1.4821
18.59 -1.4825
18.6 -1.4831
18.61 -1.484
18.62 -1.485
18.63 -1.4863
18.64 -1.4876
18.65 -1.489
18.66 -1.4905
18.67 -1.4919
18.68 -1.4931
18.69 -1.4942
18.7 -1.4951
18.71 -1.4957
18.72 -1.4963
18.73 -1.4967
18.74 -1.4972
18.75 -1.4977
18.76 -1.4984
18.77 -1.4993
18.78 -1.5004
18.79 -1.5017
18.8 -1.5032
18.81 -1.5048
18.82 -1.5065
18.83 -1.5083
18.84 -1.5102
18.85 -1.5124
18.86 -1.5148
18.87 -1.5176
18.88 -1.5209
18.89 -1.5245
18.9 -1.5285
18.91 -1.5328
18.92 -1.5373
18.93 -1.5417
18.94 -1.5461
18.95 -1.5504
18.96 -1.5545
18.97 -1.5583
18.98 -1.5618
18.99 -1.5651
19 -1.5681
19.01 -1.5709
19.02 -1.5735
19.03 -1.576
19.04 -1.5784
19.05 -1.5807
19.06 -1.5829
19.07 -1.5849
19.08 -1.5867
19.09 -1.5883
19.1 -1.5895
19.11 -1.5904
19.12 -1.5907
19.13 -1.5905
19.14 -1.5897
19.15 -1.5882
19.16 -1.5862
19.17 -1.5838
19.18 -1.581
19.19 -1.5779
19.2 -1.5746
19.21 -1.5709
19.22 -1.5669
19.23 -1.5626
19.24 -1.5579
19.25 -1.5526
19.26 -1.5465
19.27 -1.5396
19.28 -1.5318
19.29 -1.5231
19.3 -1.5137
19.31 -1.5038
19.32 -1.4936
19.33 -1.4835
19.34 -1.4738
19.35 -1.4648
19.36 -1.4569
19.37 -1.4502
19.38 -1.4448
19.39 -1.4407
19.4 -1.438
19.41 -1.4366
19.42 -1.4364
19.43 -1.4375
19.44 -1.4397
19.45 -1.4429
19.46 -1.4468
19.47 -1.4509
19.48 -1.4548
19.49 -1.4577
19.5 -1.459
19.51 -1.4577
19.52 -1.4536
19.53 -1.4468
19.54 -1.4376
19.55 -1.426
19.56 -1.4124
19.57 -1.3969
19.58 -1.3799
19.59 -1.3621
19.6 -1.3441
19.61 -1.3263
19.62 -1.3092
19.63 -1.293
19.64 -1.2773
19.65 -1.2618
19.66 -1.2462
19.67 -1.2303
19.68 -1.2141
19.69 -1.1976
19.7 -1.1808
19.71 -1.1636
19.72 -1.1461
19.73 -1.1283
19.74 -1.1101
19.75 -1.0916
19.76 -1.073
19.77 -1.0542
19.78 -1.0353
19.79 -1.0164
19.8 -0.99748
19.81 -0.97865
19.82 -0.95998
19.83 -0.9416
19.84 -0.9236
19.85 -0.90609
19.86 -0.88915
19.87 -0.87281
19.88 -0.85707
19.89 -0.84188
19.9 -0.82722
19.91 -0.81312
19.92 -0.79965
19.93 -0.78693
19.94 -0.77504
19.95 -0.76409
19.96 -0.75421
19.97 -0.74554
19.98 -0.73822
19.99 -0.7324
20 -0.72815
20.01 -0.72539
20.02 -0.72395
20.03 -0.7236
20.04 -0.72406
20.05 -0.725
20.06 -0.7261
20.07 -0.72701
20.08 -0.72746
20.09 -0.72734
20.1 -0.72674
20.11 -0.72589
20.12 -0.72502
20.13 -0.72431
20.14 -0.72391
20.15 -0.72391
20.16 -0.72428
20.17 -0.72494
20.18 -0.72575
20.19 -0.72657
20.2 -0.72732
20.21 -0.72798
20.22 -0.72856
20.23 -0.72907
20.24 -0.72955
20.25 -0.73004
20.26 -0.73058
20.27 -0.73121
20.28 -0.73187
20.29 -0.73251
20.3 -0.73301
20.31 -0.73331
20.32 -0.73336
20.33 -0.73316
20.34 -0.73272
20.35 -0.73205
20.36 -0.73118
20.37 -0.73011
20.38 -0.72883
20.39 -0.7273
20.4 -0.72554
20.41 -0.72361
20.42 -0.72167
20.43 -0.7199
20.44 -0.71843
20.45 -0.71729
20.46 -0.71644
20.47 -0.71576
20.48 -0.71516
20.49 -0.71459
20.5 -0.71401
20.51 -0.71341
20.52 -0.71288
20.53 -0.71258
20.54 -0.71279
20.55 -0.71376
20.56 -0.71576
20.57 -0.71901
20.58 -0.72369
20.59 -0.72989
20.6 -0.73766
20.61 -0.74698
20.62 -0.75782
20.63 -0.77006
20.64 -0.78352
20.65 -0.79804
20.66 -0.81347
20.67 -0.82981
20.68 -0.84721
20.69 -0.86595
20.7 -0.88631
20.71 -0.90846
20.72 -0.93236
20.73 -0.95781
20.74 -0.98441
20.75 -1.0117
20.76 -1.0392
20.77 -1.0667
20.78 -1.0939
20.79 -1.1209
20.8 -1.1476
20.81 -1.174
20.82 -1.2003
20.83 -1.2262
20.84 -1.2516
20.85 -1.2765
20.86 -1.3007
20.87 -1.3242
20.88 -1.3469
20.89 -1.3688
20.9 -1.3897
20.91 -1.4093
20.92 -1.4275
20.93 -1.4442
20.94 -1.4594
20.95 -1.4729
20.96 -1.4846
20.97 -1.4944
20.98 -1.5021
20.99 -1.5077
21 -1.5116
21.01 -1.5143
21.02 -1.5161
21.03 -1.5176
21.04 -1.5188
21.05 -1.5199
21.06 -1.521
21.07 -1.5219
21.08 -1.5226
21.09 -1.5229
21.1 -1.5227
21.11 -1.5219
21.12 -1.5207
21.13 -1.519
21.14 -1.5169
21.15 -1.5144
21.16 -1.5117
21.17 -1.5091
21.18 -1.5067
21.19 -1.5048
21.2 -1.5034
21.21 -1.5026
21.22 -1.5022
21.23 -1.5023
21.24 -1.5029
21.25 -1.5042
21.26 -1.5062
21.27 -1.5091
21.28 -1.5126
21.29 -1.5167
21.3 -1.5212
21.31 -1.5259
21.32 -1.5308
21.33 -1.5356
21.34 -1.5404
21.35 -1.5451
21.36 -1.5495
21.37 -1.5536
21.38 -1.5573
21.39 -1.5606
21.4 -1.5634
21.41 -1.5657
21.42 -1.5675
21.43 -1.5688
21.44 -1.5695
21.45 -1.5698
21.46 -1.5696
21.47 -1.5689
21.48 -1.5675
21.49 -1.5655
21.5 -1.5629
21.51 -1.5596
21.52 -1.5558
21.53 -1.5516
21.54 -1.547
21.55 -1.5421
21.56 -1.5372
21.57 -1.5322
21.58 -1.5273
21.59 -1.5227
21.6 -1.5185
21.61 -1.5147
21.62 -1.5115
21.63 -1.509
21.64 -1.5072
21.65 -1.5062
21.66 -1.5059
21.67 -1.5062
21.68 -1.5072
21.69 -1.5088
21.7 -1.5107
21.71 -1.513
21.72 -1.5155
21.73 -1.5182
21.74 -1.521
21.75 -1.5238
21.76 -1.5266
21.77 -1.5293
21.78 -1.5319
21.79 -1.5344
21.8 -1.5368
21.81 -1.539
21.82 -1.5409
21.83 -1.5427
21.84 -1.5443
21.85 -1.5456
21.86 -1.5466
21.87 -1.5473
21.88 -1.5476
21.89 -1.5475
21.9 -1.547
21.91 -1.5462
21.92 -1.5452
21.93 -1.5439
21.94 -1.5425
21.95 -1.5411
21.96 -1.5397
21.97 -1.5385
21.98 -1.5372
21.99 -1.5361
22 -1.535
22.01 -1.5339
22.02 -1.5328
22.03 -1.5316
22.04 -1.5304
22.05 -1.5292
22.06 -1.5279
22.07 -1.5265
22.08 -1.5253
22.09 -1.5242
22.1 -1.5235
22.11 -1.5232
22.12 -1.5235
22.13 -1.5244
22.14 -1.5258
22.15 -1.5275
22.16 -1.5294
22.17 -1.5313
22.18 -1.5331
22.19 -1.5348
22.2 -1.5364
22.21 -1.5378
22.22 -1.539
22.23 -1.5401
22.24 -1.5409
22.25 -1.5418
22.26 -1.5427
22.27 -1.5437
22.28 -1.545
22.29 -1.5464
22.3 -1.5479
22.31 -1.5494
22.32 -1.5507
22.33 -1.5518
22.34 -1.5527
22.35 -1.5533
22.36 -1.5537
22.37 -1.5538
22.38 -1.5537
22.39 -1.5534
22.4 -1.5529
22.41 -1.5522
22.42 -1.5515
22.43 -1.5506
22.44 -1.5495
22.45 -1.5481
22.46 -1.5466
22.47 -1.5447
22.48 -1.5425
22.49 -1.54
22.5 -1.5372
22.51 -1.5341
22.52 -1.5307
22.53 -1.5269
22.54 -1.5229
22.55 -1.5186
22.56 -1.514
22.57 -1.5093
22.58 -1.5046
22.59 -1.4998
22.6 -1.4951
22.61 -1.4904
22.62 -1.4858
22.63 -1.4815
22.64 -1.4775
22.65 -1.4739
22.66 -1.4707
22.67 -1.4678
22.68 -1.4652
22.69 -1.4629
22.7 -1.4608
22.71 -1.4588
22.72 -1.457
22.73 -1.4552
22.74 -1.4536
22.75 -1.4519
22.76 -1.4501
22.77 -1.4483
22.78 -1.4462
22.79 -1.444
22.8 -1.4415
22.81 -1.439
22.82 -1.4366
22.83 -1.4345
22.84 -1.4327
22.85 -1.4313
22.86 -1.4304
22.87 -1.4298
22.88 -1.4296
22.89 -1.4297
22.9 -1.4299
22.91 -1.4303
22.92 -1.4308
22.93 -1.4314
22.94 -1.4318
22.95 -1.4322
22.96 -1.4325
22.97 -1.4326
22.98 -1.4326
22.99 -1.4325
23 -1.4323
23.01 -1.4322
23.02 -1.432
23.03 -1.4318
23.04 -1.4317
23.05 -1.4315
23.06 -1.4315
23.07 -1.4315
23.08 -1.4317
23.09 -1.432
23.1 -1.4326
23.11 -1.4334
23.12 -1.4344
23.13 -1.4356
23.14 -1.4369
23.15 -1.4383
23.16 -1.4397
23.17 -1.441
23.18 -1.4423
23.19 -1.4435
23.2 -1.4446
23.21 -1.4457
23.22 -1.4468
23.23 -1.448
23.24 -1.4493
23.25 -1.4509
23.26 -1.4528
23.27 -1.4551
23.28 -1.458
23.29 -1.4612
23.3 -1.4648
23.31 -1.4686
23.32 -1.4724
23.33 -1.4761
23.34 -1.4798
23.35 -1.4833
23.36 -1.4868
23.37 -1.4902
23.38 -1.4935
23.39 -1.4969
23.4 -1.5005
23.41 -1.5043
23.42 -1.5084
23.43 -1.5129
23.44 -1.5175
23.45 -1.5223
23.46 -1.5271
23.47 -1.532
23.48 -1.5368
23.49 -1.5416
23.5 -1.5464
23.51 -1.5512
23.52 -1.5559
23.53 -1.5606
23.54 -1.5652
23.55 -1.5697
23.56 -1.574
23.57 -1.578
23.58 -1.5818
23.59 -1.5854
23.6 -1.5887
23.61 -1.5918
23.62 -1.5948
23.63 -1.5976
23.64 -1.6003
23.65 -1.6028
23.66 -1.605
23.67 -1.6069
23.68 -1.6083
23.69 -1.6092
23.7 -1.6097
23.71 -1.6098
23.72 -1.6097
23.73 -1.6094
23.74 -1.6091
23.75 -1.6089
23.76 -1.6089
23.77 -1.609
23.78 -1.6095
23.79 -1.6102
23.8 -1.6113
23.81 -1.6128
23.82 -1.6148
23.83 -1.6174
23.84 -1.6204
23.85 -1.6239
23.86 -1.6276
23.87 -1.6315
23.88 -1.6352
23.89 -1.6385
23.9 -1.6413
23.91 -1.6436
23.92 -1.6453
23.93 -1.6466
23.94 -1.6475
23.95 -1.6481
23.96 -1.6484
23.97 -1.6483
23.98 -1.6476
23.99 -1.6462
24 -1.6438
24.01 -1.6399
24.02 -1.6342
24.03 -1.6259
24.04 -1.6142
24.05 -1.5988
24.06 -1.5801
24.07 -1.5586
24.08 -1.5351
24.09 -1.5103
24.1 -1.4848
24.11 -1.4592
24.12 -1.434
24.13 -1.4093
24.14 -1.3853
24.15 -1.3619
24.16 -1.3389
24.17 -1.3159
24.18 -1.2926
24.19 -1.2685
24.2 -1.2434
24.21 -1.2171
24.22 -1.1899
24.23 -1.1619
24.24 -1.1336
24.25 -1.1053
24.26 -1.0775
24.27 -1.0506
24.28 -1.0249
24.29 -1.0005
24.3 -0.97735
24.31 -0.95532
24.32 -0.9342
24.33 -0.91374
24.34 -0.89369
24.35 -0.87389
24.36 -0.85424
24.37 -0.83476
24.38 -0.81568
24.39 -0.79731
24.4 -0.78007
24.41 -0.76429
24.42 -0.75015
24.43 -0.73772
24.44 -0.72698
24.45 -0.718
24.46 -0.71088
24.47 -0.70574
24.48 -0.7026
24.49 -0.70128
24.5 -0.70147
24.51 -0.70284
24.52 -0.70511
24.53 -0.70816
24.54 -0.71194
24.55 -0.71647
24.56 -0.72174
24.57 -0.72768
24.58 -0.73417
24.59 -0.74102
24.6 -0.74805
24.61 -0.75509
24.62 -0.76196
24.63 -0.76848
24.64 -0.77448
24.65 -0.77981
24.66 -0.78442
24.67 -0.78833
24.68 -0.79159
24.69 -0.79422
24.7 -0.79623
24.71 -0.79764
24.72 -0.79854
24.73 -0.79901
24.74 -0.79917
24.75 -0.79909
24.76 -0.79876
24.77 -0.79815
24.78 -0.79722
24.79 -0.79591
24.8 -0.7942
24.81 -0.79209
24.82 -0.78967
24.83 -0.78711
24.84 -0.78464
24.85 -0.78244
24.86 -0.78067
24.87 -0.77941
24.88 -0.7787
24.89 -0.77854
24.9 -0.77898
24.91 -0.7801
24.92 -0.78202
24.93 -0.78482
24.94 -0.78858
24.95 -0.79337
24.96 -0.79932
24.97 -0.80658
24.98 -0.81532
24.99 -0.82567
25 -0.83768
25.01 -0.85137
25.02 -0.86664
25.03 -0.88337
25.04 -0.90138
25.05 -0.92049
25.06 -0.94049
25.07 -0.96119
25.08 -0.98248
25.09 -1.0044
25.1 -1.027
25.11 -1.0504
25.12 -1.0748
25.13 -1.1002
25.14 -1.1262
25.15 -1.1528
25.16 -1.1798
25.17 -1.2068
25.18 -1.2339
25.19 -1.2608
25.2 -1.2876
25.21 -1.314
25.22 -1.3402
25.23 -1.366
25.24 -1.3912
25.25 -1.4155
25.26 -1.4387
25.27 -1.4602
25.28 -1.4798
25.29 -1.4971
25.3 -1.5121
25.31 -1.5246
25.32 -1.5347
25.33 -1.5424
25.34 -1.5476
25.35 -1.5504
25.36 -1.5508
25.37 -1.5489
25.38 -1.545
25.39 -1.5393
25.4 -1.532
25.41 -1.5234
25.42 -1.5136
25.43 -1.5029
25.44 -1.4918
25.45 -1.4806
25.46 -1.4698
25.47 -1.4598
25.48 -1.451
25.49 -1.4432
25.5 -1.4366
25.51 -1.431
25.52 -1.4265
25.53 -1.4228
25.54 -1.42
25.55 -1.4179
25.56 -1.4164
25.57 -1.4154
25.58 -1.4148
25.59 -1.4144
25.6 -1.4143
25.61 -1.4144
25.62 -1.4147
25.63 -1.4152
25.64 -1.416
25.65 -1.4171
25.66 -1.4184
25.67 -1.4199
25.68 -1.4216
25.69 -1.4233
25.7 -1.4251
25.71 -1.4268
25.72 -1.4283
25.73 -1.4296
25.74 -1.4307
25.75 -1.4316
25.76 -1.4323
25.77 -1.4329
25.78 -1.4334
25.79 -1.4338
25.8 -1.4339
25.81 -1.4336
25.82 -1.433
25.83 -1.432
25.84 -1.4304
25.85 -1.4284
25.86 -1.4258
25.87 -1.4228
25.88 -1.4194
25.89 -1.4159
25.9 -1.4122
25.91 -1.4085
25.92 -1.4048
25.93 -1.4012
25.94 -1.3975
25.95 -1.3937
25.96 -1.3898
25.97 -1.3858
25.98 -1.3817
25.99 -1.3776
26 -1.3736
26.01 -1.3698
26.02 -1.3664
26.03 -1.3634
26.04 -1.361
26.05 -1.3592
26.06 -1.3581
26.07 -1.3578
26.08 -1.3583
26.09 -1.3595
26.1 -1.3615
26.11 -1.364
26.12 -1.3669
26.13 -1.3702
26.14 -1.3738
26.15 -1.3777
26.16 -1.3818
26.17 -1.3863
26.18 -1.3912
26.19 -1.3965
26.2 -1.4023
26.21 -1.4086
26.22 -1.4151
26.23 -1.4219
26.24 -1.4288
26.25 -1.4357
26.26 -1.4423
26.27 -1.4485
26.28 -1.4541
26.29 -1.459
26.3 -1.4632
26.31 -1.4667
26.32 -1.4697
26.33 -1.4723
26.34 -1.4749
26.35 -1.4776
26.36 -1.4807
26.37 -1.4843
26.38 -1.4884
26.39 -1.493
26.4 -1.4983
26.41 -1.504
26.42 -1.51
26.43 -1.5163
26.44 -1.5226
26.45 -1.5287
26.46 -1.5347
26.47 -1.5405
26.48 -1.5461
26.49 -1.5516
26.5 -1.5571
26.51 -1.5624
26.52 -1.5678
26.53 -1.573
26.54 -1.5782
26.55 -1.5834
26.56 -1.5886
26.57 -1.5938
26.58 -1.5991
26.59 -1.6045
26.6 -1.6099
26.61 -1.6153
26.62 -1.6207
26.63 -1.6261
26.64 -1.6313
26.65 -1.6363
26.66 -1.6411
26.67 -1.6454
26.68 -1.6493
26.69 -1.6528
26.7 -1.6559
26.71 -1.6585
26.72 -1.6608
26.73 -1.6626
26.74 -1.664
26.75 -1.6648
26.76 -1.665
26.77 -1.6644
26.78 -1.6628
26.79 -1.6603
26.8 -1.6567
26.81 -1.652
26.82 -1.6463
26.83 -1.6395
26.84 -1.6318
26.85 -1.6234
26.86 -1.6144
26.87 -1.605
26.88 -1.5955
26.89 -1.5859
26.9 -1.5763
26.91 -1.5669
26.92 -1.5575
26.93 -1.5483
26.94 -1.5392
26.95 -1.5304
26.96 -1.5218
26.97 -1.5135
26.98 -1.5058
26.99 -1.4988
27 -1.4925
27.01 -1.487
27.02 -1.4825
27.03 -1.4789
27.04 -1.4762
27.05 -1.4743
27.06 -1.4732
27.07 -1.473
27.08 -1.4736
27.09 -1.4749
27.1 -1.477
27.11 -1.4796
27.12 -1.4826
27.13 -1.4857
27.14 -1.4889
27.15 -1.4919
27.16 -1.4948
27.17 -1.4974
27.18 -1.4999
27.19 -1.5024
27.2 -1.5049
27.21 -1.5075
27.22 -1.5102
27.23 -1.5128
27.24 -1.5155
27.25 -1.5182
27.26 -1.521
27.27 -1.5238
27.28 -1.5268
27.29 -1.53
27.3 -1.5332
27.31 -1.5363
27.32 -1.5394
27.33 -1.5422
27.34 -1.5448
27.35 -1.5471
27.36 -1.5489
27.37 -1.5504
27.38 -1.5514
27.39 -1.5522
27.4 -1.5526
27.41 -1.5527
27.42 -1.5527
27.43 -1.5524
27.44 -1.5519
27.45 -1.5511
27.46 -1.5502
27.47 -1.549
27.48 -1.5476
27.49 -1.5458
27.5 -1.5437
27.51 -1.5413
27.52 -1.5385
27.53 -1.5356
27.54 -1.5324
27.55 -1.5291
27.56 -1.5258
27.57 -1.5225
27.58 -1.5192
27.59 -1.516
27.6 -1.5127
27.61 -1.5096
27.62 -1.5065
27.63 -1.5037
27.64 -1.5012
27.65 -1.4992
27.66 -1.4978
27.67 -1.4974
27.68 -1.4977
27.69 -1.499
27.7 -1.5011
27.71 -1.504
27.72 -1.5076
27.73 -1.5117
27.74 -1.5162
27.75 -1.5211
27.76 -1.5262
27.77 -1.5315
27.78 -1.5369
27.79 -1.5423
27.8 -1.5476
27.81 -1.5527
27.82 -1.5577
27.83 -1.5626
27.84 -1.5675
27.85 -1.5725
27.86 -1.5778
27.87 -1.5835
27.88 -1.5896
27.89 -1.5963
27.9 -1.6034
27.91 -1.6109
27.92 -1.6187
27.93 -1.6265
27.94 -1.6341
27.95 -1.6413
27.96 -1.648
27.97 -1.6538
27.98 -1.6584
27.99 -1.6616
28 -1.6631
28.01 -1.6626
28.02 -1.6595
28.03 -1.6535
28.04 -1.644
28.05 -1.6302
28.06 -1.6117
28.07 -1.5886
28.08 -1.5613
28.09 -1.5308
28.1 -1.4983
28.11 -1.465
28.12 -1.4321
28.13 -1.4008
28.14 -1.3717
28.15 -1.345
28.16 -1.3204
28.17 -1.297
28.18 -1.2742
28.19 -1.2515
28.2 -1.2285
28.21 -1.2052
28.22 -1.1815
28.23 -1.1576
28.24 -1.1336
28.25 -1.1094
28.26 -1.0852
28.27 -1.0613
28.28 -1.0377
28.29 -1.0148
28.3 -0.99279
28.31 -0.97175
28.32 -0.95179
28.33 -0.93295
28.34 -0.91518
28.35 -0.89833
28.36 -0.88223
28.37 -0.86673
28.38 -0.8518
28.39 -0.83754
28.4 -0.82418
28.41 -0.81202
28.42 -0.80132
28.43 -0.79223
28.44 -0.78481
28.45 -0.77901
28.46 -0.77464
28.47 -0.77141
28.48 -0.76903
28.49 -0.7673
28.5 -0.76615
28.51 -0.76566
28.52 -0.76595
28.53 -0.76715
28.54 -0.76936
28.55 -0.77274
28.56 -0.77742
28.57 -0.78351
28.58 -0.79107
28.59 -0.80004
28.6 -0.81026
28.61 -0.82146
28.62 -0.83328
28.63 -0.84536
28.64 -0.8574
28.65 -0.86924
28.66 -0.88074
28.67 -0.8918
28.68 -0.90228
28.69 -0.91206
28.7 -0.92105
28.71 -0.9292
28.72 -0.9365
28.73 -0.94292
28.74 -0.94836
28.75 -0.95268
28.76 -0.95568
28.77 -0.95718
28.78 -0.95711
28.79 -0.95551
28.8 -0.95253
28.81 -0.94839
28.82 -0.94328
28.83 -0.93745
28.84 -0.93114
28.85 -0.92461
28.86 -0.9181
28.87 -0.91187
28.88 -0.90613
28.89 -0.90105
28.9 -0.89677
28.91 -0.89341
28.92 -0.89105
28.93 -0.88975
28.94 -0.88948
28.95 -0.89014
28.96 -0.89156
28.97 -0.89359
28.98 -0.89607
28.99 -0.89885
29 -0.90178
29.01 -0.90473
29.02 -0.90766
29.03 -0.91066
29.04 -0.9139
29.05 -0.91764
29.06 -0.92219
29.07 -0.92787
29.08 -0.93495
29.09 -0.94357
29.1 -0.95384
29.11 -0.96578
29.12 -0.97944
29.13 -0.99488
29.14 -1.0122
29.15 -1.0317
29.16 -1.0533
29.17 -1.077
29.18 -1.1029
29.19 -1.1305
29.2 -1.1596
29.21 -1.1898
29.22 -1.2204
29.23 -1.251
29.24 -1.2811
29.25 -1.3104
29.26 -1.3386
29.27 -1.3654
29.28 -1.3906
29.29 -1.4141
29.3 -1.4359
29.31 -1.4558
29.32 -1.4742
29.33 -1.491
29.34 -1.5063
29.35 -1.5201
29.36 -1.5322
29.37 -1.5425
29.38 -1.551
29.39 -1.5578
29.4 -1.5627
29.41 -1.5661
29.42 -1.5682
29.43 -1.5689
29.44 -1.5683
29.45 -1.5665
29.46 -1.5634
29.47 -1.5593
29.48 -1.5545
29.49 -1.5491
29.5 -1.5434
29.51 -1.5376
29.52 -1.532
29.53 -1.5265
29.54 -1.5215
29.55 -1.5169
29.56 -1.5129
29.57 -1.5094
29.58 -1.5063
29.59 -1.5035
29.6 -1.5009
29.61 -1.4987
29.62 -1.4967
29.63 -1.4951
29.64 -1.4937
29.65 -1.4924
29.66 -1.4913
29.67 -1.4901
29.68 -1.489
29.69 -1.488
29.7 -1.4872
29.71 -1.4867
29.72 -1.4866
29.73 -1.487
29.74 -1.4877
29.75 -1.4888
29.76 -1.4899
29.77 -1.4911
29.78 -1.492
29.79 -1.4928
29.8 -1.4933
29.81 -1.4937
29.82 -1.494
29.83 -1.4943
29.84 -1.4946
29.85 -1.495
29.86 -1.4955
29.87 -1.496
29.88 -1.4966
29.89 -1.4972
29.9 -1.4976
29.91 -1.4978
29.92 -1.4978
29.93 -1.4975
29.94 -1.4971
29.95 -1.4964
29.96 -1.4957
29.97 -1.4949
29.98 -1.4941
29.99 -1.4935
30 -1.4929
30.01 -1.4924
30.02 -1.4919
30.03 -1.4915
30.04 -1.491
30.05 -1.4906
30.06 -1.4902
30.07 -1.4898
30.08 -1.4896
30.09 -1.4895
30.1 -1.4896
30.11 -1.4898
30.12 -1.4902
30.13 -1.4906
30.14 -1.4912
30.15 -1.4918
30.16 -1.4924
30.17 -1.493
30.18 -1.4935
30.19 -1.494
30.2 -1.4944
30.21 -1.4948
30.22 -1.495
30.23 -1.4953
30.24 -1.4955
30.25 -1.4958
30.26 -1.4959
30.27 -1.4961
30.28 -1.4961
30.29 -1.4961
30.3 -1.496
30.31 -1.4959
30.32 -1.4958
30.33 -1.4957
30.34 -1.4956
30.35 -1.4954
30.36 -1.4951
30.37 -1.4948
30.38 -1.4944
30.39 -1.4939
30.4 -1.4934
30.41 -1.4929
30.42 -1.4924
30.43 -1.492
30.44 -1.4917
30.45 -1.4915
30.46 -1.4915
30.47 -1.4916
30.48 -1.4918
30.49 -1.4921
30.5 -1.4924
30.51 -1.4928
30.52 -1.4931
30.53 -1.4933
30.54 -1.4934
30.55 -1.4934
30.56 -1.4933
30.57 -1.4931
30.58 -1.4929
30.59 -1.4927
30.6 -1.4925
30.61 -1.4923
30.62 -1.4921
30.63 -1.4919
30.64 -1.4916
30.65 -1.4913
30.66 -1.491
30.67 -1.4907
30.68 -1.4904
30.69 -1.4901
30.7 -1.4899
30.71 -1.4896
30.72 -1.4893
30.73 -1.489
30.74 -1.4885
30.75 -1.488
30.76 -1.4875
30.77 -1.4869
30.78 -1.4864
30.79 -1.486
30.8 -1.4856
30.81 -1.4854
30.82 -1.4852
30.83 -1.4851
30.84 -1.4851
30.85 -1.4852
30.86 -1.4853
30.87 -1.4855
30.88 -1.4857
30.89 -1.4859
30.9 -1.486
30.91 -1.4862
30.92 -1.4862
30.93 -1.4863
30.94 -1.4863
30.95 -1.4864
30.96 -1.4865
30.97 -1.4866
30.98 -1.4867
30.99 -1.4869
31 -1.4871
31.01 -1.4874
31.02 -1.4877
31.03 -1.4881
31.04 -1.4885
31.05 -1.4888
31.06 -1.4892
31.07 -1.4896
31.08 -1.4898
31.09 -1.49
31.1 -1.49
31.11 -1.4899
31.12 -1.4897
31.13 -1.4894
31.14 -1.4891
31.15 -1.4886
31.16 -1.4882
31.17 -1.4878
31.18 -1.4873
31.19 -1.4869
31.2 -1.4866
31.21 -1.4863
31.22 -1.486
31.23 -1.4858
31.24 -1.4857
31.25 -1.4855
31.26 -1.4854
31.27 -1.4854
31.28 -1.4853
31.29 -1.4853
31.3 -1.4853
31.31 -1.4854
31.32 -1.4855
31.33 -1.4857
31.34 -1.486
31.35 -1.4863
31.36 -1.4866
31.37 -1.4869
31.38 -1.4871
31.39 -1.4874
31.4 -1.4876
31.41 -1.4879
31.42 -1.4881
31.43 -1.4885
31.44 -1.4889
31.45 -1.4895
31.46 -1.4902
31.47 -1.491
31.48 -1.4919
31.49 -1.4928
31.5 -1.4936
31.51 -1.4944
31.52 -1.4951
31.53 -1.4957
31.54 -1.4962
31.55 -1.4966
31.56 -1.497
31.57 -1.4973
31.58 -1.4977
31.59 -1.498
31.6 -1.4983
31.61 -1.4987
31.62 -1.4992
31.63 -1.4998
31.64 -1.5005
31.65 -1.5012
31.66 -1.5019
31.67 -1.5025
31.68 -1.5031
31.69 -1.5037
31.7 -1.5041
31.71 -1.5045
31.72 -1.5048
31.73 -1.505
31.74 -1.505
31.75 -1.505
31.76 -1.505
31.77 -1.5048
31.78 -1.5047
31.79 -1.5045
31.8 -1.5043
31.81 -1.5043
31.82 -1.5042
31.83 -1.5042
31.84 -1.5042
31.85 -1.5042
31.86 -1.5041
31.87 -1.504
31.88 -1.5039
31.89 -1.5038
31.9 -1.5037
31.91 -1.5035
31.92 -1.5034
31.93 -1.5032
31.94 -1.5031
31.95 -1.5029
31.96 -1.5028
31.97 -1.5027
31.98 -1.5026
31.99 -1.5025
32 -1.5024
32.01 -1.5024
32.02 -1.5024
32.03 -1.5024
32.04 -1.5024
32.05 -1.5025
32.06 -1.5026
32.07 -1.5027
32.08 -1.5028
32.09 -1.5029
32.1 -1.503
32.11 -1.5031
32.12 -1.5033
32.13 -1.5034
32.14 -1.5036
32.15 -1.5037
32.16 -1.5037
32.17 -1.5037
32.18 -1.5036
32.19 -1.5035
32.2 -1.5034
32.21 -1.5033
32.22 -1.5032
32.23 -1.5031
32.24 -1.503
32.25 -1.503
32.26 -1.503
32.27 -1.5029
32.28 -1.5029
32.29 -1.5029
32.3 -1.5028
32.31 -1.5027
32.32 -1.5027
32.33 -1.5026
32.34 -1.5025
32.35 -1.5025
32.36 -1.5025
32.37 -1.5026
32.38 -1.5027
32.39 -1.5028
32.4 -1.503
32.41 -1.5031
32.42 -1.5031
32.43 -1.5031
32.44 -1.503
32.45 -1.5028
32.46 -1.5027
32.47 -1.5027
32.48 -1.5027
32.49 -1.5028
32.5 -1.5029
32.51 -1.5031
32.52 -1.5033
32.53 -1.5035
32.54 -1.5037
32.55 -1.5038
32.56 -1.5039
32.57 -1.5039
32.58 -1.5038
32.59 -1.5037
32.6 -1.5036
32.61 -1.5036
32.62 -1.5036
32.63 -1.5036
32.64 -1.5036
32.65 -1.5036
32.66 -1.5036
32.67 -1.5035
32.68 -1.5035
32.69 -1.5034
32.7 -1.5033
32.71 -1.5032
32.72 -1.503
32.73 -1.5029
32.74 -1.5027
32.75 -1.5025
32.76 -1.5023
32.77 -1.5022
32.78 -1.502
32.79 -1.5019
32.8 -1.5019
32.81 -1.5019
32.82 -1.5021
32.83 -1.5023
32.84 -1.5026
32.85 -1.5029
32.86 -1.5032
32.87 -1.5035
32.88 -1.5039
32.89 -1.5042
32.9 -1.5046
32.91 -1.505
32.92 -1.5055
32.93 -1.506
32.94 -1.5066
32.95 -1.5071
32.96 -1.5075
32.97 -1.5079
32.98 -1.5081
32.99 -1.5083
33 -1.5083
33.01 -1.5083
33.02 -1.5082
33.03 -1.508
33.04 -1.5078
33.05 -1.5075
33.06 -1.5073
33.07 -1.5071
33.08 -1.5069
33.09 -1.5067
33.1 -1.5066
33.11 -1.5066
33.12 -1.5066
33.13 -1.5068
33.14 -1.507
33.15 -1.5073
33.16 -1.5076
33.17 -1.508
33.18 -1.5084
33.19 -1.5088
33.2 -1.5092
33.21 -1.5095
33.22 -1.5097
33.23 -1.5099
33.24 -1.51
33.25 -1.5101
33.26 -1.5101
33.27 -1.5102
33.28 -1.5102
33.29 -1.5102
33.3 -1.5102
33.31 -1.5102
33.32 -1.5102
33.33 -1.5102
33.34 -1.5101
33.35 -1.5101
33.36 -1.5101
33.37 -1.5102
33.38 -1.5102
33.39 -1.5102
33.4 -1.5103
33.41 -1.5102
33.42 -1.5102
33.43 -1.5102
33.44 -1.5102
33.45 -1.5102
33.46 -1.5103
33.47 -1.5104
33.48 -1.5106
33.49 -1.5107
33.5 -1.5108
33.51 -1.5109
33.52 -1.511
33.53 -1.511
33.54 -1.5111
33.55 -1.5111
33.56 -1.5113
33.57 -1.5114
33.58 -1.5115
33.59 -1.5115
33.6 -1.5116
33.61 -1.5117
33.62 -1.5119
33.63 -1.5121
33.64 -1.5122
33.65 -1.5124
33.66 -1.5126
33.67 -1.5128
33.68 -1.5131
33.69 -1.5134
33.7 -1.5137
33.71 -1.5139
33.72 -1.514
33.73 -1.5141
33.74 -1.5142
33.75 -1.5143
33.76 -1.5143
33.77 -1.5143
33.78 -1.5144
33.79 -1.5144
33.8 -1.5144
33.81 -1.5144
33.82 -1.5145
33.83 -1.5145
33.84 -1.5145
33.85 -1.5146
33.86 -1.5147
33.87 -1.5149
33.88 -1.515
33.89 -1.5152
33.9 -1.5153
33.91 -1.5154
33.92 -1.5155
33.93 -1.5155
33.94 -1.5156
33.95 -1.5157
33.96 -1.5158
33.97 -1.5159
33.98 -1.516
33.99 -1.5161
34 -1.5162
34.01 -1.5163
34.02 -1.5164
34.03 -1.5165
34.04 -1.5165
34.05 -1.5165
34.06 -1.5165
34.07 -1.5165
34.08 -1.5165
34.09 -1.5163
34.1 -1.5162
34.11 -1.5159
34.12 -1.5157
34.13 -1.5155
34.14 -1.5153
34.15 -1.5152
34.16 -1.5151
34.17 -1.5151
34.18 -1.5152
34.19 -1.5152
34.2 -1.5152
34.21 -1.5152
34.22 -1.5152
34.23 -1.5152
34.24 -1.5152
34.25 -1.5152
34.26 -1.5152
34.27 -1.5151
34.28 -1.5151
34.29 -1.5151
34.3 -1.515
34.31 -1.515
34.32 -1.515
34.33 -1.515
34.34 -1.5151
34.35 -1.5151
34.36 -1.5152
34.37 -1.5153
34.38 -1.5153
34.39 -1.5154
34.4 -1.5154
34.41 -1.5154
34.42 -1.5154
34.43 -1.5154
34.44 -1.5154
34.45 -1.5153
34.46 -1.5152
34.47 -1.5152
34.48 -1.5151
34.49 -1.515
34.5 -1.515
34.51 -1.515
34.52 -1.5151
34.53 -1.5152
34.54 -1.5153
34.55 -1.5154
34.56 -1.5155
34.57 -1.5155
34.58 -1.5156
34.59 -1.5157
34.6 -1.5158
34.61 -1.5159
34.62 -1.516
34.63 -1.5162
34.64 -1.5163
34.65 -1.5164
34.66 -1.5165
34.67 -1.5166
34.68 -1.5167
34.69 -1.5168
34.7 -1.5168
34.71 -1.5169
34.72 -1.5169
34.73 -1.517
34.74 -1.5171
34.75 -1.5171
34.76 -1.5172
34.77 -1.5173
34.78 -1.5175
34.79 -1.5176
34.8 -1.5176
34.81 -1.5176
34.82 -1.5176
34.83 -1.5174
34.84 -1.5173
34.85 -1.5171
34.86 -1.5169
34.87 -1.5168
34.88 -1.5168
34.89 -1.5169
34.9 -1.5171
34.91 -1.5173
34.92 -1.5176
34.93 -1.518
34.94 -1.5184
34.95 -1.5188
34.96 -1.5193
34.97 -1.5197
34.98 -1.5201
34.99 -1.5204
35 -1.5207
35.01 -1.521
35.02 -1.5213
35.03 -1.5216
35.04 -1.5218
35.05 -1.522
35.06 -1.5222
35.07 -1.5223
35.08 -1.5224
35.09 -1.5224
35.1 -1.5224
35.11 -1.5223
35.12 -1.5222
35.13 -1.5221
35.14 -1.522
35.15 -1.5219
35.16 -1.5219
35.17 -1.5218
35.18 -1.5217
35.19 -1.5216
35.2 -1.5215
35.21 -1.5214
35.22 -1.5213
35.23 -1.5212
35.24 -1.5211
35.25 -1.5211
35.26 -1.5211
35.27 -1.5211
35.28 -1.5211
35.29 -1.5212
35.3 -1.5213
35.31 -1.5214
35.32 -1.5216
35.33 -1.5217
35.34 -1.5217
35.35 -1.5216
35.36 -1.5215
35.37 -1.5214
35.38 -1.5212
35.39 -1.5211
35.4 -1.5211
35.41 -1.521
35.42 -1.5209
35.43 -1.5209
35.44 -1.5208
35.45 -1.5208
35.46 -1.5209
35.47 -1.5209
35.48 -1.5209
35.49 -1.521
35.5 -1.5211
35.51 -1.5212
35.52 -1.5213
35.53 -1.5213
35.54 -1.5213
35.55 -1.5213
35.56 -1.5212
35.57 -1.5211
35.58 -1.521
35.59 -1.521
35.6 -1.521
35.61 -1.521
35.62 -1.5211
35.63 -1.5212
35.64 -1.5213
35.65 -1.5214
35.66 -1.5216
35.67 -1.5217
35.68 -1.5217
35.69 -1.5218
35.7 -1.5218
35.71 -1.5217
35.72 -1.5216
35.73 -1.5215
35.74 -1.5213
35.75 -1.5211
35.76 -1.5209
35.77 -1.5207
35.78 -1.5205
35.79 -1.5204
35.8 -1.5203
35.81 -1.5203
35.82 -1.5203
35.83 -1.5203
35.84 -1.5204
35.85 -1.5205
35.86 -1.5207
35.87 -1.521
35.88 -1.5213
35.89 -1.5216
35.9 -1.522
35.91 -1.5225
35.92 -1.5229
35.93 -1.5233
35.94 -1.5236
35.95 -1.5238
35.96 -1.524
35.97 -1.524
35.98 -1.5241
35.99 -1.5241
36 -1.524
36.01 -1.5239
36.02 -1.5238
36.03 -1.5236
36.04 -1.5233
36.05 -1.5231
36.06 -1.5228
36.07 -1.5226
36.08 -1.5224
36.09 -1.5222
36.1 -1.5222
36.11 -1.5223
36.12 -1.5224
36.13 -1.5226
36.14 -1.5228
36.15 -1.523
36.16 -1.5232
36.17 -1.5234
36.18 -1.5236
