0 0.07475
0.01 0.073827
0.02 0.072896
0.03 0.071968
0.04 0.071058
0.05 0.070175
0.06 0.069331
0.07 0.068532
0.08 0.067785
0.09 0.067091
0.1 0.066452
0.11 0.06587
0.12 0.065347
0.13 0.064883
0.14 0.064479
0.15 0.064138
0.16 0.063859
0.17 0.063642
0.18 0.063484
0.19 0.063383
0.2 0.063334
0.21 0.06333
0.22 0.063364
0.23 0.063429
0.24 0.063518
0.25 0.063625
0.26 0.063743
0.27 0.063868
0.28 0.063997
0.29 0.064128
0.3 0.064256
0.31 0.064379
0.32 0.064495
0.33 0.064603
0.34 0.064701
0.35 0.064791
0.36 0.064875
0.37 0.064959
0.38 0.065048
0.39 0.065145
0.4 0.065256
0.41 0.065383
0.42 0.06553
0.43 0.065699
0.44 0.065894
0.45 0.066119
0.46 0.066379
0.47 0.066674
0.48 0.067005
0.49 0.067372
0.5 0.067774
0.51 0.068211
0.52 0.06868
0.53 0.069181
0.54 0.069708
0.55 0.070258
0.56 0.070822
0.57 0.071393
0.58 0.071964
0.59 0.072525
0.6 0.073072
0.61 0.073598
0.62 0.074102
0.63 0.074578
0.64 0.075027
0.65 0.075444
0.66 0.075827
0.67 0.076173
0.68 0.076478
0.69 0.076738
0.7 0.076948
0.71 0.077108
0.72 0.077219
0.73 0.077285
0.74 0.077312
0.75 0.07731
0.76 0.077285
0.77 0.077245
0.78 0.077198
0.79 0.077148
0.8 0.077097
0.81 0.07705
0.82 0.077007
0.83 0.076971
0.84 0.07694
0.85 0.076915
0.86 0.076894
0.87 0.076875
0.88 0.076856
0.89 0.076833
0.9 0.076804
0.91 0.076766
0.92 0.076718
0.93 0.076658
0.94 0.076588
0.95 0.076507
0.96 0.076413
0.97 0.076304
0.98 0.076178
0.99 0.076034
1 0.075869
1.01 0.075685
1.02 0.075483
1.03 0.075266
1.04 0.075038
1.05 0.074803
1.06 0.074562
1.07 0.074319
1.08 0.074077
1.09 0.073842
1.1 0.073622
1.11 0.073423
1.12 0.073253
1.13 0.073121
1.14 0.07303
1.15 0.072986
1.16 0.072991
1.17 0.073046
1.18 0.07315
1.19 0.073301
1.2 0.073495
1.21 0.073729
1.22 0.074
1.23 0.074303
1.24 0.074636
1.25 0.074995
1.26 0.075377
1.27 0.07578
1.28 0.076203
1.29 0.076648
1.3 0.077114
1.31 0.077602
1.32 0.078114
1.33 0.078649
1.34 0.079207
1.35 0.079784
1.36 0.080375
1.37 0.080972
1.38 0.081562
1.39 0.082132
1.4 0.082667
1.41 0.083154
1.42 0.083581
1.43 0.083941
1.44 0.084229
1.45 0.084444
1.46 0.084589
1.47 0.084669
1.48 0.084689
1.49 0.084654
1.5 0.08457
1.51 0.084445
1.52 0.084284
1.53 0.084094
1.54 0.083883
1.55 0.083659
1.56 0.083427
1.57 0.083194
1.58 0.08296
1.59 0.082728
1.6 0.082502
1.61 0.082284
1.62 0.082079
1.63 0.081892
1.64 0.081729
1.65 0.081599
1.66 0.081506
1.67 0.081453
1.68 0.081437
1.69 0.081451
1.7 0.081482
1.71 0.081517
1.72 0.081541
1.73 0.081542
1.74 0.081507
1.75 0.081428
1.76 0.081298
1.77 0.081115
1.78 0.080878
1.79 0.08059
1.8 0.080255
1.81 0.079879
1.82 0.079467
1.83 0.079027
1.84 0.078567
1.85 0.078091
1.86 0.077607
1.87 0.077121
1.88 0.07664
1.89 0.076169
1.9 0.075715
1.91 0.075284
1.92 0.07488
1.93 0.074504
1.94 0.074159
1.95 0.073842
1.96 0.073552
1.97 0.073286
1.98 0.07304
1.99 0.07281
2 0.072591
2.01 0.072379
2.02 0.07217
2.03 0.071964
2.04 0.071761
2.05 0.07156
2.06 0.071362
2.07 0.071164
2.08 0.070963
2.09 0.070756
2.1 0.07054
2.11 0.070311
2.12 0.070066
2.13 0.0698
2.14 0.069511
2.15 0.069199
2.16 0.068865
2.17 0.068512
2.18 0.068143
2.19 0.06776
2.2 0.067367
2.21 0.066965
2.22 0.066556
2.23 0.06614
2.24 0.065716
2.25 0.065284
2.26 0.064844
2.27 0.064394
2.28 0.063934
2.29 0.063464
2.3 0.062985
2.31 0.062499
2.32 0.06201
2.33 0.061522
2.34 0.061038
2.35 0.060564
2.36 0.060102
2.37 0.059654
2.38 0.059221
2.39 0.058803
2.4 0.058403
2.41 0.05802
2.42 0.057655
2.43 0.057308
2.44 0.056982
2.45 0.056677
2.46 0.056396
2.47 0.056139
2.48 0.055904
2.49 0.055689
2.5 0.055493
2.51 0.05531
2.52 0.05514
2.53 0.054983
2.54 0.054839
2.55 0.05471
2.56 0.054595
2.57 0.054498
2.58 0.05442
2.59 0.054362
2.6 0.054324
2.61 0.054306
2.62 0.054304
2.63 0.054316
2.64 0.054342
2.65 0.054383
2.66 0.054442
2.67 0.05452
2.68 0.054621
2.69 0.054748
2.7 0.054902
2.71 0.055085
2.72 0.055297
2.73 0.055535
2.74 0.0558
2.75 0.056089
2.76 0.056398
2.77 0.056724
2.78 0.057061
2.79 0.057407
2.8 0.057757
2.81 0.058112
2.82 0.058472
2.83 0.058838
2.84 0.059211
2.85 0.059589
2.86 0.059971
2.87 0.06035
2.88 0.060721
2.89 0.061077
2.9 0.061409
2.91 0.061714
2.92 0.061985
2.93 0.062222
2.94 0.062421
2.95 0.062584
2.96 0.062708
2.97 0.062791
2.98 0.062829
2.99 0.062816
3 0.06275
3.01 0.06263
3.02 0.062459
3.03 0.062245
3.04 0.061999
3.05 0.061733
3.06 0.06146
3.07 0.061192
3.08 0.060935
3.09 0.060696
3.1 0.060477
3.11 0.060282
3.12 0.060111
3.13 0.059968
3.14 0.059858
3.15 0.059786
3.16 0.059763
3.17 0.059798
3.18 0.059903
3.19 0.060085
3.2 0.06035
3.21 0.0607
3.22 0.061135
3.23 0.061651
3.24 0.062242
3.25 0.062902
3.26 0.063625
3.27 0.064405
3.28 0.065237
3.29 0.066116
3.3 0.067036
3.31 0.067989
3.32 0.068963
3.33 0.069946
3.34 0.070924
3.35 0.071884
3.36 0.072813
3.37 0.073699
3.38 0.074532
3.39 0.075299
3.4 0.075992
3.41 0.076607
3.42 0.077143
3.43 0.077605
3.44 0.077999
3.45 0.078334
3.46 0.078618
3.47 0.078858
3.48 0.07906
3.49 0.079225
3.5 0.079357
3.51 0.079455
3.52 0.079518
3.53 0.079542
3.54 0.079525
3.55 0.07946
3.56 0.079347
3.57 0.079185
3.58 0.078979
3.59 0.078739
3.6 0.078475
3.61 0.0782
3.62 0.077925
3.63 0.077659
3.64 0.077411
3.65 0.077184
3.66 0.076979
3.67 0.076795
3.68 0.07663
3.69 0.076479
3.7 0.076339
3.71 0.076204
3.72 0.07607
3.73 0.075934
3.74 0.075791
3.75 0.075638
3.76 0.075473
3.77 0.075297
3.78 0.075109
3.79 0.074912
3.8 0.074705
3.81 0.074491
3.82 0.074272
3.83 0.074052
3.84 0.073833
3.85 0.07362
3.86 0.073415
3.87 0.073221
3.88 0.073035
3.89 0.07286
3.9 0.072691
3.91 0.072529
3.92 0.072369
3.93 0.072208
3.94 0.072043
3.95 0.071869
3.96 0.071686
3.97 0.071492
3.98 0.071287
3.99 0.071071
4 0.070848
4.01 0.07062
4.02 0.07039
4.03 0.07016
4.04 0.069934
4.05 0.069711
4.06 0.069491
4.07 0.069276
4.08 0.069067
4.09 0.068867
4.1 0.068674
4.11 0.068487
4.12 0.068302
4.13 0.068113
4.14 0.067915
4.15 0.067699
4.16 0.06746
4.17 0.067191
4.18 0.066889
4.19 0.066555
4.2 0.066194
4.21 0.065808
4.22 0.065401
4.23 0.064974
4.24 0.06453
4.25 0.064072
4.26 0.063604
4.27 0.063129
4.28 0.06265
4.29 0.062172
4.3 0.061701
4.31 0.061246
4.32 0.060814
4.33 0.060413
4.34 0.060049
4.35 0.059727
4.36 0.059451
4.37 0.059223
4.38 0.059043
4.39 0.058908
4.4 0.058811
4.41 0.058746
4.42 0.058705
4.43 0.058679
4.44 0.05866
4.45 0.05864
4.46 0.05861
4.47 0.058563
4.48 0.05849
4.49 0.058387
4.5 0.05825
4.51 0.058079
4.52 0.057872
4.53 0.057631
4.54 0.057356
4.55 0.057048
4.56 0.056708
4.57 0.056337
4.58 0.055939
4.59 0.055517
4.6 0.055074
4.61 0.054616
4.62 0.054154
4.63 0.053696
4.64 0.053257
4.65 0.052846
4.66 0.052473
4.67 0.052139
4.68 0.051844
4.69 0.051582
4.7 0.051343
4.71 0.051119
4.72 0.050903
4.73 0.050689
4.74 0.050474
4.75 0.050257
4.76 0.050038
4.77 0.049818
4.78 0.049597
4.79 0.049377
4.8 0.049159
4.81 0.048946
4.82 0.048742
4.83 0.04855
4.84 0.048372
4.85 0.048211
4.86 0.048067
4.87 0.047943
4.88 0.04784
4.89 0.047763
4.9 0.047715
4.91 0.047701
4.92 0.047721
4.93 0.04777
4.94 0.04784
4.95 0.04792
4.96 0.047998
4.97 0.048066
4.98 0.048122
4.99 0.048165
5 0.048199
5.01 0.048225
5.02 0.048245
5.03 0.048255
5.04 0.048252
5.05 0.048232
5.06 0.048194
5.07 0.048141
5.08 0.048081
5.09 0.048022
5.1 0.047974
5.11 0.047944
5.12 0.04794
5.13 0.047968
5.14 0.048031
5.15 0.048132
5.16 0.048272
5.17 0.048451
5.18 0.048668
5.19 0.048923
5.2 0.049217
5.21 0.04955
5.22 0.049924
5.23 0.050342
5.24 0.050803
5.25 0.051307
5.26 0.051848
5.27 0.052418
5.28 0.053008
5.29 0.053612
5.3 0.054223
5.31 0.054837
5.32 0.055452
5.33 0.056065
5.34 0.056675
5.35 0.057279
5.36 0.057873
5.37 0.058453
5.38 0.059013
5.39 0.059548
5.4 0.060052
5.41 0.060518
5.42 0.060939
5.43 0.061308
5.44 0.061619
5.45 0.061871
5.46 0.062063
5.47 0.062197
5.48 0.062277
5.49 0.06231
5.5 0.062307
5.51 0.062278
5.52 0.062232
5.53 0.062178
5.54 0.062124
5.55 0.062074
5.56 0.062027
5.57 0.061981
5.58 0.061929
5.59 0.061866
5.6 0.061786
5.61 0.061685
5.62 0.061562
5.63 0.061419
5.64 0.061255
5.65 0.061076
5.66 0.060885
5.67 0.060689
5.68 0.060494
5.69 0.060308
5.7 0.060136
5.71 0.059983
5.72 0.05985
5.73 0.059737
5.74 0.059641
5.75 0.05956
5.76 0.059489
5.77 0.059428
5.78 0.059377
5.79 0.059335
5.8 0.059304
5.81 0.059285
5.82 0.059278
5.83 0.059281
5.84 0.059292
5.85 0.059307
5.86 0.059326
5.87 0.059345
5.88 0.059365
5.89 0.059384
5.9 0.059397
5.91 0.0594
5.92 0.059384
5.93 0.059341
5.94 0.059262
5.95 0.059138
5.96 0.058964
5.97 0.058736
5.98 0.058454
5.99 0.058118
6 0.057727
6.01 0.057281
6.02 0.05678
6.03 0.056228
6.04 0.055628
6.05 0.054985
6.06 0.054307
6.07 0.0536
6.08 0.052873
6.09 0.052138
6.1 0.051405
6.11 0.050684
6.12 0.049987
6.13 0.049318
6.14 0.048682
6.15 0.048082
6.16 0.047519
6.17 0.046994
6.18 0.046507
6.19 0.046056
6.2 0.04564
6.21 0.045256
6.22 0.044904
6.23 0.044581
6.24 0.044285
6.25 0.044011
6.26 0.043754
6.27 0.043505
6.28 0.043254
6.29 0.04299
6.3 0.042702
6.31 0.04238
6.32 0.042017
6.33 0.041604
6.34 0.04114
6.35 0.040623
6.36 0.040054
6.37 0.039437
6.38 0.038773
6.39 0.038063
6.4 0.037311
6.41 0.036519
6.42 0.035688
6.43 0.034824
6.44 0.033931
6.45 0.033016
6.46 0.032088
6.47 0.031157
6.48 0.030235
6.49 0.029335
6.5 0.028469
6.51 0.027647
6.52 0.02688
6.53 0.026172
6.54 0.025525
6.55 0.024937
6.56 0.024405
6.57 0.023927
6.58 0.023498
6.59 0.023119
6.6 0.022787
6.61 0.0225
6.62 0.022258
6.63 0.022056
6.64 0.021895
6.65 0.021771
6.66 0.021686
6.67 0.021642
6.68 0.02164
6.69 0.021682
6.7 0.02177
6.71 0.021904
6.72 0.022083
6.73 0.022307
6.74 0.022573
6.75 0.022877
6.76 0.023214
6.77 0.023576
6.78 0.023955
6.79 0.024342
6.8 0.024727
6.81 0.025103
6.82 0.025463
6.83 0.025804
6.84 0.026122
6.85 0.026417
6.86 0.026689
6.87 0.026943
6.88 0.027181
6.89 0.027411
6.9 0.027637
6.91 0.027864
6.92 0.028093
6.93 0.028325
6.94 0.02856
6.95 0.028797
6.96 0.029033
6.97 0.029265
6.98 0.029489
6.99 0.029698
7 0.029891
7.01 0.030063
7.02 0.030215
7.03 0.030348
7.04 0.030461
7.05 0.030556
7.06 0.030631
7.07 0.030686
7.08 0.030716
7.09 0.03072
7.1 0.030701
7.11 0.030662
7.12 0.03061
7.13 0.030555
7.14 0.030503
7.15 0.030463
7.16 0.030441
7.17 0.030442
7.18 0.030472
7.19 0.030536
7.2 0.030638
7.21 0.03078
7.22 0.030963
7.23 0.031184
7.24 0.031442
7.25 0.031734
7.26 0.032062
7.27 0.032425
7.28 0.032823
7.29 0.033257
7.3 0.033724
7.31 0.034219
7.32 0.034734
7.33 0.035265
7.34 0.035803
7.35 0.036342
7.36 0.03688
7.37 0.037412
7.38 0.037938
7.39 0.038458
7.4 0.038975
7.41 0.039488
7.42 0.039994
7.43 0.040491
7.44 0.040976
7.45 0.041446
7.46 0.041898
7.47 0.04233
7.48 0.042742
7.49 0.043133
7.5 0.043504
7.51 0.043856
7.52 0.044187
7.53 0.044496
7.54 0.044777
7.55 0.045027
7.56 0.04524
7.57 0.045411
7.58 0.045535
7.59 0.045607
7.6 0.045625
7.61 0.04559
7.62 0.045503
7.63 0.045371
7.64 0.045202
7.65 0.045005
7.66 0.044792
7.67 0.044577
7.68 0.044372
7.69 0.044191
7.7 0.044046
7.71 0.043945
7.72 0.043896
7.73 0.043901
7.74 0.04396
7.75 0.044071
7.76 0.044228
7.77 0.044424
7.78 0.044653
7.79 0.044905
7.8 0.045173
7.81 0.045452
7.82 0.045738
7.83 0.046029
7.84 0.046324
7.85 0.046624
7.86 0.046929
7.87 0.04724
7.88 0.047553
7.89 0.047867
7.9 0.048177
7.91 0.04848
7.92 0.048771
7.93 0.049048
7.94 0.049309
7.95 0.049555
7.96 0.049789
7.97 0.050012
7.98 0.050229
7.99 0.050441
8 0.050649
8.01 0.050855
8.02 0.051056
8.03 0.051251
8.04 0.051436
8.05 0.051608
8.06 0.051762
8.07 0.051897
8.08 0.052011
8.09 0.052106
8.1 0.052185
8.11 0.052251
8.12 0.052305
8.13 0.05235
8.14 0.052386
8.15 0.052416
8.16 0.05244
8.17 0.052462
8.18 0.052484
8.19 0.05251
8.2 0.052543
8.21 0.052585
8.22 0.05264
8.23 0.052707
8.24 0.052786
8.25 0.052876
8.26 0.052972
8.27 0.053069
8.28 0.053162
8.29 0.053243
8.3 0.053309
8.31 0.053356
8.32 0.053382
8.33 0.053389
8.34 0.05338
8.35 0.053359
8.36 0.053331
8.37 0.053301
8.38 0.053271
8.39 0.053242
8.4 0.053214
8.41 0.053188
8.42 0.053161
8.43 0.053133
8.44 0.053104
8.45 0.053075
8.46 0.053046
8.47 0.053018
8.48 0.052992
8.49 0.052971
8.5 0.052956
8.51 0.052948
8.52 0.052946
8.53 0.052951
8.54 0.052961
8.55 0.052974
8.56 0.052987
8.57 0.052997
8.58 0.053001
8.59 0.052998
8.6 0.052988
8.61 0.052971
8.62 0.052948
8.63 0.052922
8.64 0.052896
8.65 0.052871
8.66 0.052849
8.67 0.052831
8.68 0.052818
8.69 0.052807
8.7 0.052799
8.71 0.052791
8.72 0.052783
8.73 0.052773
8.74 0.052759
8.75 0.052741
8.76 0.052719
8.77 0.052691
8.78 0.052657
8.79 0.052618
8.8 0.052572
8.81 0.05252
8.82 0.052464
8.83 0.052405
8.84 0.052344
8.85 0.052281
8.86 0.052217
8.87 0.052153
8.88 0.05209
8.89 0.05203
8.9 0.051976
8.91 0.051927
8.92 0.051885
8.93 0.051847
8.94 0.051813
8.95 0.051784
8.96 0.051759
8.97 0.05174
8.98 0.051729
8.99 0.05173
9 0.051745
9.01 0.051774
9.02 0.05182
9.03 0.051881
9.04 0.051955
9.05 0.052037
9.06 0.052128
9.07 0.052228
9.08 0.052343
9.09 0.052478
9.1 0.052639
9.11 0.05283
9.12 0.053052
9.13 0.053308
9.14 0.053596
9.15 0.053915
9.16 0.054263
9.17 0.054633
9.18 0.055021
9.19 0.055421
9.2 0.055825
9.21 0.056231
9.22 0.056638
9.23 0.057045
9.24 0.057455
9.25 0.057871
9.26 0.058294
9.27 0.058725
9.28 0.059163
9.29 0.059606
9.3 0.060048
9.31 0.060484
9.32 0.060904
9.33 0.061302
9.34 0.061667
9.35 0.061994
9.36 0.062276
9.37 0.06251
9.38 0.062697
9.39 0.062836
9.4 0.06293
9.41 0.062981
9.42 0.062993
9.43 0.062969
9.44 0.062915
9.45 0.062836
9.46 0.062737
9.47 0.062623
9.48 0.062497
9.49 0.062363
9.5 0.062222
9.51 0.062074
9.52 0.061921
9.53 0.061762
9.54 0.0616
9.55 0.061437
9.56 0.061275
9.57 0.061117
9.58 0.060968
9.59 0.06083
9.6 0.060707
9.61 0.0606
9.62 0.060512
9.63 0.060441
9.64 0.060387
9.65 0.060351
9.66 0.060332
9.67 0.06033
9.68 0.060342
9.69 0.060368
9.7 0.060405
9.71 0.06045
9.72 0.060498
9.73 0.060546
9.74 0.06059
9.75 0.060626
9.76 0.060652
9.77 0.06067
9.78 0.060681
9.79 0.060689
9.8 0.060702
9.81 0.060728
9.82 0.060775
9.83 0.060852
9.84 0.060968
9.85 0.06113
9.86 0.061343
9.87 0.061609
9.88 0.061928
9.89 0.062298
9.9 0.062715
9.91 0.063173
9.92 0.063669
9.93 0.064197
9.94 0.06475
9.95 0.065324
9.96 0.06591
9.97 0.0665
9.98 0.067087
9.99 0.067657
10 0.068201
10.01 0.068704
10.02 0.069154
10.03 0.06954
10.04 0.069853
10.05 0.070087
10.06 0.070236
10.07 0.070301
10.08 0.070284
10.09 0.07019
10.1 0.070025
10.11 0.069795
10.12 0.069508
10.13 0.069172
10.14 0.068795
10.15 0.068386
10.16 0.067952
10.17 0.067502
10.18 0.067041
10.19 0.066576
10.2 0.066113
10.21 0.065658
10.22 0.065218
10.23 0.0648
10.24 0.06441
10.25 0.064053
10.26 0.063736
10.27 0.06346
10.28 0.063229
10.29 0.063043
10.3 0.0629
10.31 0.062799
10.32 0.062736
10.33 0.06271
10.34 0.062719
10.35 0.062764
10.36 0.062841
10.37 0.062949
10.38 0.063081
10.39 0.06323
10.4 0.063383
10.41 0.063531
10.42 0.063663
10.43 0.063771
10.44 0.063853
10.45 0.063906
10.46 0.063935
10.47 0.063946
10.48 0.063948
10.49 0.06395
10.5 0.063962
10.51 0.06399
10.52 0.064041
10.53 0.064117
10.54 0.064219
10.55 0.064346
10.56 0.064495
10.57 0.064662
10.58 0.064842
10.59 0.06503
10.6 0.065225
10.61 0.065424
10.62 0.065624
10.63 0.065824
10.64 0.066021
10.65 0.066215
10.66 0.066403
10.67 0.066587
10.68 0.066765
10.69 0.066939
10.7 0.067107
10.71 0.067272
10.72 0.067433
10.73 0.06759
10.74 0.067744
10.75 0.067896
10.76 0.068047
10.77 0.068198
10.78 0.068347
10.79 0.068493
10.8 0.068635
10.81 0.068771
10.82 0.068898
10.83 0.069014
10.84 0.069118
10.85 0.069204
10.86 0.06927
10.87 0.069312
10.88 0.069328
10.89 0.069318
10.9 0.069283
10.91 0.069226
10.92 0.069152
10.93 0.069066
10.94 0.068972
10.95 0.068876
10.96 0.068777
10.97 0.068679
10.98 0.068582
10.99 0.068488
11 0.068398
11.01 0.068312
11.02 0.06823
11.03 0.06815
11.04 0.068073
11.05 0.067996
11.06 0.067919
11.07 0.067841
11.08 0.067761
11.09 0.067678
11.1 0.067591
11.11 0.067498
11.12 0.067397
11.13 0.067289
11.14 0.067174
11.15 0.067052
11.16 0.066926
11.17 0.066798
11.18 0.066672
11.19 0.066551
11.2 0.066438
11.21 0.066337
11.22 0.066249
11.23 0.066176
11.24 0.06612
11.25 0.066081
11.26 0.066061
11.27 0.066062
11.28 0.066089
11.29 0.066145
11.3 0.066232
11.31 0.066353
11.32 0.066507
11.33 0.066692
11.34 0.066908
11.35 0.06715
11.36 0.067417
11.37 0.067707
11.38 0.068016
11.39 0.068344
11.4 0.068689
11.41 0.069052
11.42 0.06943
11.43 0.069823
11.44 0.070227
11.45 0.070637
11.46 0.071047
11.47 0.071453
11.48 0.071848
11.49 0.072229
11.5 0.072592
11.51 0.072936
11.52 0.07326
11.53 0.073565
11.54 0.073852
11.55 0.074126
11.56 0.074389
11.57 0.074646
11.58 0.074899
11.59 0.075153
11.6 0.075412
11.61 0.075677
11.62 0.07595
11.63 0.07623
11.64 0.076515
11.65 0.076803
11.66 0.077093
11.67 0.077381
11.68 0.077668
11.69 0.077954
11.7 0.078239
11.71 0.078524
11.72 0.078811
11.73 0.079103
11.74 0.079401
11.75 0.079709
11.76 0.080029
11.77 0.080361
11.78 0.080705
11.79 0.081056
11.8 0.081411
11.81 0.081763
11.82 0.082109
11.83 0.082443
11.84 0.08276
11.85 0.083055
11.86 0.083327
11.87 0.083573
11.88 0.083793
11.89 0.083987
11.9 0.084158
11.91 0.084312
11.92 0.084452
11.93 0.084584
11.94 0.084711
11.95 0.084838
11.96 0.084967
11.97 0.085102
11.98 0.085247
11.99 0.085404
12 0.085573
12.01 0.085752
12.02 0.085938
12.03 0.086126
12.04 0.08631
12.05 0.086487
12.06 0.086652
12.07 0.086803
12.08 0.086937
12.09 0.087051
12.1 0.087145
12.11 0.08722
12.12 0.087278
12.13 0.087324
12.14 0.087361
12.15 0.087393
12.16 0.087423
12.17 0.087454
12.18 0.087485
12.19 0.087514
12.2 0.087536
12.21 0.087547
12.22 0.08754
12.23 0.087509
12.24 0.087449
12.25 0.087356
12.26 0.08723
12.27 0.087068
12.28 0.086873
12.29 0.086646
12.3 0.08639
12.31 0.086109
12.32 0.085806
12.33 0.085484
12.34 0.085146
12.35 0.084795
12.36 0.084434
12.37 0.084066
12.38 0.083693
12.39 0.083315
12.4 0.082935
12.41 0.082553
12.42 0.082175
12.43 0.081804
12.44 0.081442
12.45 0.081092
12.46 0.080758
12.47 0.080443
12.48 0.08015
12.49 0.079879
12.5 0.079632
12.51 0.079405
12.52 0.079198
12.53 0.079007
12.54 0.078829
12.55 0.078662
12.56 0.078503
12.57 0.078351
12.58 0.078205
12.59 0.078065
12.6 0.077935
12.61 0.077815
12.62 0.077708
12.63 0.077615
12.64 0.077538
12.65 0.077477
12.66 0.077432
12.67 0.077401
12.68 0.077383
12.69 0.077378
12.7 0.077382
12.71 0.077392
12.72 0.077406
12.73 0.077419
12.74 0.07743
12.75 0.077439
12.76 0.077444
12.77 0.077447
12.78 0.077449
12.79 0.077452
12.8 0.077456
12.81 0.077461
12.82 0.077468
12.83 0.077475
12.84 0.077479
12.85 0.077479
12.86 0.077473
12.87 0.07746
12.88 0.07744
12.89 0.077412
12.9 0.077379
12.91 0.077343
12.92 0.077305
12.93 0.077268
12.94 0.077233
12.95 0.077204
12.96 0.077181
12.97 0.077165
12.98 0.077155
12.99 0.077149
13 0.077145
13.01 0.077141
13.02 0.077136
13.03 0.07713
13.04 0.077124
13.05 0.077118
13.06 0.077114
13.07 0.077114
13.08 0.07712
13.09 0.077133
13.1 0.077154
13.11 0.07718
13.12 0.07721
13.13 0.07724
13.14 0.077268
13.15 0.077293
13.16 0.077314
13.17 0.07733
13.18 0.077341
13.19 0.077349
13.2 0.077355
13.21 0.077357
13.22 0.077358
13.23 0.077359
13.24 0.07736
13.25 0.077364
13.26 0.077369
13.27 0.077379
13.28 0.077393
13.29 0.077413
13.3 0.077439
13.31 0.077469
13.32 0.077503
13.33 0.077537
13.34 0.077571
13.35 0.077603
13.36 0.077634
13.37 0.077663
13.38 0.077691
13.39 0.077717
13.4 0.07774
13.41 0.077761
13.42 0.077777
13.43 0.077789
13.44 0.077798
13.45 0.077802
13.46 0.077802
13.47 0.077796
13.48 0.077785
13.49 0.077766
13.5 0.077742
13.51 0.077713
13.52 0.077681
13.53 0.077644
13.54 0.077605
13.55 0.077561
13.56 0.077513
13.57 0.077461
13.58 0.077404
13.59 0.077343
13.6 0.077278
13.61 0.07721
13.62 0.077139
13.63 0.077067
13.64 0.076994
13.65 0.076921
13.66 0.076847
13.67 0.076773
13.68 0.076699
13.69 0.076623
13.7 0.076545
13.71 0.076465
13.72 0.076383
13.73 0.076298
13.74 0.07621
13.75 0.076121
13.76 0.076031
13.77 0.075938
13.78 0.075842
13.79 0.075744
13.8 0.075644
13.81 0.075542
13.82 0.07544
13.83 0.07534
13.84 0.075241
13.85 0.075147
13.86 0.075056
13.87 0.074968
13.88 0.074882
13.89 0.074798
13.9 0.074715
13.91 0.074632
13.92 0.074549
13.93 0.074467
13.94 0.074385
13.95 0.074305
13.96 0.074226
13.97 0.074151
13.98 0.07408
13.99 0.074013
14 0.073951
14.01 0.073893
14.02 0.073837
14.03 0.073782
14.04 0.073728
14.05 0.073678
14.06 0.073631
14.07 0.073589
14.08 0.073553
14.09 0.073524
14.1 0.073502
14.11 0.073487
14.12 0.073479
14.13 0.073477
14.14 0.07348
14.15 0.073488
14.16 0.0735
14.17 0.073515
14.18 0.073532
14.19 0.073549
14.2 0.073564
14.21 0.073575
14.22 0.073583
14.23 0.073586
14.24 0.073586
14.25 0.073583
14.26 0.073577
14.27 0.073569
14.28 0.073559
14.29 0.073548
14.3 0.073536
14.31 0.073526
14.32 0.073516
14.33 0.073508
14.34 0.073503
14.35 0.0735
14.36 0.073499
14.37 0.073501
14.38 0.073502
14.39 0.073504
14.4 0.073505
14.41 0.073506
14.42 0.073507
14.43 0.073508
14.44 0.073509
14.45 0.073509
14.46 0.073508
14.47 0.073506
14.48 0.073503
14.49 0.073503
14.5 0.073505
14.51 0.073512
14.52 0.073523
14.53 0.073537
14.54 0.073555
14.55 0.073574
14.56 0.073594
14.57 0.073613
14.58 0.073632
14.59 0.073648
14.6 0.073662
14.61 0.073671
14.62 0.073675
14.63 0.073675
14.64 0.073672
14.65 0.073666
14.66 0.073658
14.67 0.073648
14.68 0.073636
14.69 0.073622
14.7 0.073607
14.71 0.073589
14.72 0.073569
14.73 0.073545
14.74 0.073518
14.75 0.073487
14.76 0.073453
14.77 0.073417
14.78 0.073381
14.79 0.073345
14.8 0.073309
14.81 0.073273
14.82 0.073237
14.83 0.0732
14.84 0.07316
14.85 0.073117
14.86 0.073069
14.87 0.073016
14.88 0.07296
14.89 0.072899
14.9 0.072836
14.91 0.07277
14.92 0.0727
14.93 0.072625
14.94 0.072545
14.95 0.072458
14.96 0.072364
14.97 0.072264
14.98 0.07216
14.99 0.072053
15 0.071944
15.01 0.071834
15.02 0.071725
15.03 0.071618
15.04 0.071512
15.05 0.071409
15.06 0.071307
15.07 0.071208
15.08 0.07111
15.09 0.071014
15.1 0.070919
15.11 0.070825
15.12 0.070731
15.13 0.070637
15.14 0.070543
15.15 0.07045
15.16 0.070356
15.17 0.07026
15.18 0.070163
15.19 0.070066
15.2 0.069969
15.21 0.069876
15.22 0.069787
15.23 0.069705
15.24 0.069631
15.25 0.069565
15.26 0.069506
15.27 0.069455
15.28 0.069408
15.29 0.069364
15.3 0.069321
15.31 0.069277
15.32 0.069231
15.33 0.069181
15.34 0.069127
15.35 0.06907
15.36 0.069009
15.37 0.068947
15.38 0.068885
15.39 0.068825
15.4 0.068768
15.41 0.068714
15.42 0.068662
15.43 0.068612
15.44 0.068561
15.45 0.06851
15.46 0.068457
15.47 0.0684
15.48 0.068339
15.49 0.068273
15.5 0.068201
15.51 0.068123
15.52 0.068039
15.53 0.067951
15.54 0.067859
15.55 0.067762
15.56 0.067658
15.57 0.067547
15.58 0.067426
15.59 0.067295
15.6 0.067153
15.61 0.067
15.62 0.066836
15.63 0.06666
15.64 0.066473
15.65 0.066278
15.66 0.066076
15.67 0.06587
15.68 0.065662
15.69 0.065457
15.7 0.065258
15.71 0.065064
15.72 0.064876
15.73 0.064692
15.74 0.064511
15.75 0.064333
15.76 0.064156
15.77 0.063977
15.78 0.063793
15.79 0.0636
15.8 0.063393
15.81 0.063174
15.82 0.062944
15.83 0.062706
15.84 0.062467
15.85 0.062234
15.86 0.062013
15.87 0.061811
15.88 0.061635
15.89 0.061489
15.9 0.061378
15.91 0.061302
15.92 0.061257
15.93 0.061239
15.94 0.061239
15.95 0.061248
15.96 0.061255
15.97 0.061248
15.98 0.061223
15.99 0.061177
16 0.061113
16.01 0.061036
16.02 0.060952
16.03 0.060868
16.04 0.060792
16.05 0.060733
16.06 0.060697
16.07 0.060688
16.08 0.060705
16.09 0.060747
16.1 0.060807
16.11 0.060879
16.12 0.060954
16.13 0.061022
16.14 0.061075
16.15 0.061107
16.16 0.061114
16.17 0.061095
16.18 0.061054
16.19 0.060995
16.2 0.060927
16.21 0.060855
16.22 0.060785
16.23 0.06072
16.24 0.060659
16.25 0.060603
16.26 0.06055
16.27 0.060501
16.28 0.060458
16.29 0.060425
16.3 0.060403
16.31 0.060397
16.32 0.060407
16.33 0.060434
16.34 0.060475
16.35 0.060531
16.36 0.060599
16.37 0.060679
16.38 0.060771
16.39 0.060875
16.4 0.060991
16.41 0.06112
16.42 0.061262
16.43 0.061416
16.44 0.061579
16.45 0.061749
16.46 0.06192
16.47 0.062088
16.48 0.062251
16.49 0.062408
16.5 0.062561
16.51 0.062712
16.52 0.062868
16.53 0.063036
16.54 0.063224
16.55 0.063439
16.56 0.063689
16.57 0.063977
16.58 0.064302
16.59 0.06466
16.6 0.065047
16.61 0.065458
16.62 0.06589
16.63 0.066339
16.64 0.066805
16.65 0.067287
16.66 0.067781
16.67 0.068281
16.68 0.068778
16.69 0.06926
16.7 0.069714
16.71 0.070131
16.72 0.0705
16.73 0.070815
16.74 0.071074
16.75 0.071274
16.76 0.071415
16.77 0.0715
16.78 0.071529
16.79 0.071507
16.8 0.071438
16.81 0.071327
16.82 0.07118
16.83 0.071003
16.84 0.0708
16.85 0.070576
16.86 0.07033
16.87 0.070063
16.88 0.069774
16.89 0.06946
16.9 0.069123
16.91 0.068762
16.92 0.068379
16.93 0.067979
16.94 0.067565
16.95 0.067142
16.96 0.066713
16.97 0.06628
16.98 0.065842
16.99 0.065397
17 0.064941
17.01 0.064469
17.02 0.063974
17.03 0.06345
17.04 0.062893
17.05 0.062305
17.06 0.061689
17.07 0.06105
17.08 0.060396
17.09 0.059736
17.1 0.059077
17.11 0.058429
17.12 0.057797
17.13 0.057189
17.14 0.056612
17.15 0.056071
17.16 0.055571
17.17 0.055115
17.18 0.054706
17.19 0.054344
17.2 0.054029
17.21 0.053759
17.22 0.053532
17.23 0.053341
17.24 0.05318
17.25 0.053039
17.26 0.052911
17.27 0.052789
17.28 0.052665
17.29 0.052533
17.3 0.05239
17.31 0.052232
17.32 0.052057
17.33 0.051866
17.34 0.051657
17.35 0.051429
17.36 0.05118
17.37 0.050907
17.38 0.05061
17.39 0.050285
17.4 0.04993
17.41 0.049543
17.42 0.049123
17.43 0.048669
17.44 0.048182
17.45 0.047665
17.46 0.047122
17.47 0.046561
17.48 0.04599
17.49 0.045419
17.5 0.044854
17.51 0.044304
17.52 0.043772
17.53 0.043261
17.54 0.042771
17.55 0.042303
17.56 0.041856
17.57 0.04143
17.58 0.041028
17.59 0.040651
17.6 0.040303
17.61 0.039983
17.62 0.039694
17.63 0.039434
17.64 0.039205
17.65 0.039007
17.66 0.038841
17.67 0.038711
17.68 0.038617
17.69 0.03856
17.7 0.038536
17.71 0.038543
17.72 0.038575
17.73 0.038628
17.74 0.038697
17.75 0.038781
17.76 0.038879
17.77 0.038993
17.78 0.039127
17.79 0.039283
17.8 0.039465
17.81 0.039674
17.82 0.039908
17.83 0.040165
17.84 0.040443
17.85 0.040739
17.86 0.041049
17.87 0.041375
17.88 0.041713
17.89 0.042066
17.9 0.042433
17.91 0.042813
17.92 0.043205
17.93 0.043607
17.94 0.044016
17.95 0.044428
17.96 0.044838
17.97 0.045243
17.98 0.045639
17.99 0.046024
18 0.046397
18.01 0.046756
18.02 0.047101
18.03 0.04743
18.04 0.047743
18.05 0.048041
18.06 0.048322
18.07 0.048587
18.08 0.048837
18.09 0.049072
18.1 0.049292
18.11 0.049498
18.12 0.04969
18.13 0.049865
18.14 0.050022
18.15 0.050157
18.16 0.050266
18.17 0.05035
18.18 0.05041
18.19 0.050451
18.2 0.050478
18.21 0.050495
18.22 0.050507
18.23 0.050516
18.24 0.050524
18.25 0.050532
18.26 0.05054
18.27 0.050549
18.28 0.05056
18.29 0.050574
18.3 0.050592
18.31 0.050614
18.32 0.050642
18.33 0.050678
18.34 0.050721
18.35 0.050772
18.36 0.05083
18.37 0.050897
18.38 0.050971
18.39 0.051052
18.4 0.051138
18.41 0.051231
18.42 0.051328
18.43 0.05143
18.44 0.051536
18.45 0.051645
18.46 0.051757
18.47 0.051872
18.48 0.051988
18.49 0.052108
18.5 0.052234
18.51 0.052367
18.52 0.05251
18.53 0.052667
18.54 0.052839
18.55 0.053026
18.56 0.053226
18.57 0.053438
18.58 0.053658
18.59 0.053884
18.6 0.054112
18.61 0.054341
18.62 0.054569
18.63 0.054795
18.64 0.055017
18.65 0.055232
18.66 0.055437
18.67 0.055626
18.68 0.055796
18.69 0.055942
18.7 0.056062
18.71 0.056154
18.72 0.056218
18.73 0.056254
18.74 0.056262
18.75 0.056247
18.76 0.056211
18.77 0.056159
18.78 0.056098
18.79 0.056033
18.8 0.055974
18.81 0.055927
18.82 0.0559
18.83 0.055895
18.84 0.055913
18.85 0.055952
18.86 0.056008
18.87 0.056079
18.88 0.05616
18.89 0.056248
18.9 0.056337
18.91 0.056425
18.92 0.056506
18.93 0.056577
18.94 0.056635
18.95 0.056677
18.96 0.0567
18.97 0.056699
18.98 0.056673
18.99 0.056618
19 0.056529
19.01 0.056405
19.02 0.056242
19.03 0.056039
19.04 0.055795
19.05 0.05551
19.06 0.055189
19.07 0.054835
19.08 0.054454
19.09 0.054053
19.1 0.053636
19.11 0.05321
19.12 0.052778
19.13 0.052344
19.14 0.051912
19.15 0.051483
19.16 0.05106
19.17 0.050644
19.18 0.050234
19.19 0.04983
19.2 0.049432
19.21 0.049037
19.22 0.048645
19.23 0.04825
19.24 0.04785
19.25 0.04744
19.26 0.04702
19.27 0.046586
19.28 0.046138
19.29 0.045677
19.3 0.045202
19.31 0.044716
19.32 0.044222
19.33 0.043725
19.34 0.043229
19.35 0.042739
19.36 0.042258
19.37 0.041788
19.38 0.041332
19.39 0.040891
19.4 0.040466
19.41 0.040058
19.42 0.039664
19.43 0.039285
19.44 0.038917
19.45 0.038561
19.46 0.038216
19.47 0.037885
19.48 0.037568
19.49 0.037271
19.5 0.036997
19.51 0.036751
19.52 0.036537
19.53 0.036359
19.54 0.036219
19.55 0.036118
19.56 0.036054
19.57 0.036025
19.58 0.036023
19.59 0.036045
19.6 0.036084
19.61 0.036138
19.62 0.036207
19.63 0.036291
19.64 0.036394
19.65 0.03652
19.66 0.036672
19.67 0.036851
19.68 0.037058
19.69 0.037291
19.7 0.037545
19.71 0.037818
19.72 0.038104
19.73 0.038401
19.74 0.038704
19.75 0.039009
19.76 0.039312
19.77 0.039612
19.78 0.039905
19.79 0.040193
19.8 0.040475
19.81 0.040756
19.82 0.041039
19.83 0.041324
19.84 0.041613
19.85 0.041901
19.86 0.042184
19.87 0.042453
19.88 0.042701
19.89 0.042917
19.9 0.043092
19.91 0.043217
19.92 0.043288
19.93 0.043301
19.94 0.043257
19.95 0.043161
19.96 0.043019
19.97 0.042839
19.98 0.042632
19.99 0.042406
20 0.042175
20.01 0.041948
20.02 0.041733
20.03 0.041537
20.04 0.041365
20.05 0.04122
20.06 0.041104
20.07 0.041018
20.08 0.040965
20.09 0.040947
20.1 0.040966
20.11 0.041026
20.12 0.041126
20.13 0.041268
20.14 0.041448
20.15 0.041668
20.16 0.041923
20.17 0.042213
20.18 0.042535
20.19 0.042888
20.2 0.043268
20.21 0.043676
20.22 0.04411
20.23 0.044569
20.24 0.045052
20.25 0.045554
20.26 0.04607
20.27 0.046593
20.28 0.047115
20.29 0.047631
20.3 0.048138
20.31 0.048635
20.32 0.049125
20.33 0.049611
20.34 0.050097
20.35 0.050584
20.36 0.051071
20.37 0.051558
20.38 0.05204
20.39 0.052511
20.4 0.052966
20.41 0.053396
20.42 0.053794
20.43 0.054151
20.44 0.054461
20.45 0.054717
20.46 0.054914
20.47 0.055049
20.48 0.055119
20.49 0.055126
20.5 0.055072
20.51 0.054961
20.52 0.0548
20.53 0.054596
20.54 0.054356
20.55 0.054089
20.56 0.0538
20.57 0.053498
20.58 0.053185
20.59 0.052866
20.6 0.052545
20.61 0.052223
20.62 0.0519
20.63 0.051579
20.64 0.051258
20.65 0.050942
20.66 0.050634
20.67 0.050339
20.68 0.05006
20.69 0.049801
20.7 0.049565
20.71 0.049354
20.72 0.049172
20.73 0.049018
20.74 0.048893
20.75 0.048795
20.76 0.048722
20.77 0.048671
20.78 0.048639
20.79 0.048627
20.8 0.048634
20.81 0.048665
20.82 0.048721
20.83 0.048808
20.84 0.048927
20.85 0.049076
20.86 0.049254
20.87 0.049454
20.88 0.04967
20.89 0.049897
20.9 0.050127
20.91 0.050354
20.92 0.050577
20.93 0.05079
20.94 0.050994
20.95 0.051185
20.96 0.051362
20.97 0.051525
20.98 0.05167
20.99 0.051796
21 0.0519
21.01 0.05198
21.02 0.052034
21.03 0.052061
21.04 0.052059
21.05 0.052028
21.06 0.051966
21.07 0.051871
21.08 0.051745
21.09 0.051589
21.1 0.051405
21.11 0.051199
21.12 0.050977
21.13 0.050744
21.14 0.050506
21.15 0.050269
21.16 0.050035
21.17 0.049809
21.18 0.049596
21.19 0.0494
21.2 0.049225
21.21 0.049075
21.22 0.048953
21.23 0.048862
21.24 0.0488
21.25 0.048765
21.26 0.048751
21.27 0.048752
21.28 0.048759
21.29 0.048765
21.3 0.048764
21.31 0.04875
21.32 0.04872
21.33 0.048675
21.34 0.048616
21.35 0.048547
21.36 0.048474
21.37 0.048398
21.38 0.048321
21.39 0.048243
21.4 0.048158
21.41 0.048061
21.42 0.047947
21.43 0.04781
21.44 0.047644
21.45 0.047446
21.46 0.047211
21.47 0.046937
21.48 0.046623
21.49 0.046269
21.5 0.045876
21.51 0.045443
21.52 0.044975
21.53 0.044474
21.54 0.043944
21.55 0.043389
21.56 0.042814
21.57 0.042222
21.58 0.04162
21.59 0.041014
21.6 0.040413
21.61 0.039823
21.62 0.039253
21.63 0.03871
21.64 0.038199
21.65 0.037727
21.66 0.037298
21.67 0.036916
21.68 0.036586
21.69 0.036309
21.7 0.036085
21.71 0.035911
21.72 0.03578
21.73 0.035686
21.74 0.03562
21.75 0.035569
21.76 0.035521
21.77 0.035466
21.78 0.035392
21.79 0.035292
21.8 0.035158
21.81 0.034985
21.82 0.03477
21.83 0.034509
21.84 0.034199
21.85 0.033837
21.86 0.033423
21.87 0.032956
21.88 0.032437
21.89 0.031871
21.9 0.03126
21.91 0.030611
21.92 0.029928
21.93 0.029218
21.94 0.028489
21.95 0.027747
21.96 0.027
21.97 0.026254
21.98 0.025516
21.99 0.02479
22 0.024081
22.01 0.023395
22.02 0.022734
22.03 0.022104
22.04 0.021506
22.05 0.020945
22.06 0.020423
22.07 0.019943
22.08 0.019507
22.09 0.019117
22.1 0.018771
22.11 0.018468
22.12 0.018203
22.13 0.017973
22.14 0.017778
22.15 0.017616
22.16 0.017488
22.17 0.017394
22.18 0.017333
22.19 0.017301
22.2 0.017292
22.21 0.017299
22.22 0.017315
22.23 0.01733
22.24 0.017339
22.25 0.017335
22.26 0.017319
22.27 0.017291
22.28 0.017255
22.29 0.017216
22.3 0.017178
22.31 0.017148
22.32 0.01713
22.33 0.017129
22.34 0.017147
22.35 0.017186
22.36 0.017243
22.37 0.017315
22.38 0.017397
22.39 0.017482
22.4 0.017567
22.41 0.017645
22.42 0.017713
22.43 0.017768
22.44 0.017811
22.45 0.017843
22.46 0.017865
22.47 0.017883
22.48 0.017903
22.49 0.017929
22.5 0.017967
22.51 0.018018
22.52 0.018083
22.53 0.018157
22.54 0.018238
22.55 0.018318
22.56 0.018391
22.57 0.018449
22.58 0.018487
22.59 0.0185
22.6 0.018483
22.61 0.018431
22.62 0.018343
22.63 0.018217
22.64 0.018058
22.65 0.017873
22.66 0.017672
22.67 0.017471
22.68 0.017281
22.69 0.017115
22.7 0.016983
22.71 0.01689
22.72 0.016838
22.73 0.016828
22.74 0.016861
22.75 0.016936
22.76 0.017052
22.77 0.017209
22.78 0.017405
22.79 0.017638
22.8 0.017905
22.81 0.018203
22.82 0.018528
22.83 0.018877
22.84 0.019245
22.85 0.019629
22.86 0.020027
22.87 0.020437
22.88 0.020857
22.89 0.021283
22.9 0.021713
22.91 0.022142
22.92 0.022568
22.93 0.022987
22.94 0.023397
22.95 0.023795
22.96 0.024177
22.97 0.024541
22.98 0.024884
22.99 0.025205
23 0.025505
23.01 0.025786
23.02 0.026051
23.03 0.026305
23.04 0.026557
23.05 0.02681
23.06 0.027071
23.07 0.027342
23.08 0.027622
23.09 0.027911
23.1 0.02821
23.11 0.028516
23.12 0.028828
23.13 0.029145
23.14 0.029461
23.15 0.029775
23.16 0.030081
23.17 0.030378
23.18 0.030663
23.19 0.030936
23.2 0.031196
23.21 0.031445
23.22 0.031682
23.23 0.031909
23.24 0.032128
23.25 0.032342
23.26 0.032555
23.27 0.032768
23.28 0.032985
23.29 0.033205
23.3 0.033428
23.31 0.033655
23.32 0.033885
23.33 0.034118
23.34 0.034354
23.35 0.034592
23.36 0.034833
23.37 0.035075
23.38 0.035316
23.39 0.035555
23.4 0.035789
23.41 0.036015
23.42 0.036232
23.43 0.036436
23.44 0.036625
23.45 0.036795
23.46 0.036943
23.47 0.037065
23.48 0.037158
23.49 0.037222
23.5 0.037253
23.51 0.037253
23.52 0.037221
23.53 0.037159
23.54 0.037069
23.55 0.036954
23.56 0.036818
23.57 0.036664
23.58 0.036496
23.59 0.03632
23.6 0.036139
23.61 0.035957
23.62 0.035777
23.63 0.035601
23.64 0.03543
23.65 0.035263
23.66 0.035097
23.67 0.034933
23.68 0.034769
23.69 0.034603
23.7 0.034435
23.71 0.034266
23.72 0.034096
23.73 0.033921
23.74 0.03374
23.75 0.033548
23.76 0.033339
23.77 0.033106
23.78 0.032841
23.79 0.032537
23.8 0.03219
23.81 0.031795
23.82 0.031353
23.83 0.030866
23.84 0.030339
23.85 0.029781
23.86 0.029197
23.87 0.028598
23.88 0.02799
23.89 0.027381
23.9 0.026779
23.91 0.026188
23.92 0.025611
23.93 0.025049
23.94 0.024499
23.95 0.023959
23.96 0.023425
23.97 0.022894
23.98 0.022364
23.99 0.021834
24 0.021308
24.01 0.02079
24.02 0.020289
24.03 0.01981
24.04 0.019364
24.05 0.018957
24.06 0.018594
24.07 0.018279
24.08 0.018015
24.09 0.017801
24.1 0.017634
24.11 0.017511
24.12 0.017428
24.13 0.017385
24.14 0.017379
24.15 0.017408
24.16 0.01747
24.17 0.017559
24.18 0.017671
24.19 0.017801
24.2 0.01794
24.21 0.018082
24.22 0.018219
24.23 0.018343
24.24 0.018445
24.25 0.018514
24.26 0.018543
24.27 0.018526
24.28 0.018458
24.29 0.018338
24.3 0.018169
24.31 0.017954
24.32 0.017696
24.33 0.017402
24.34 0.017078
24.35 0.016729
24.36 0.016362
24.37 0.015983
24.38 0.015598
24.39 0.015212
24.4 0.014826
24.41 0.014444
24.42 0.014067
24.43 0.013695
24.44 0.013332
24.45 0.012978
24.46 0.012638
24.47 0.012317
24.48 0.012019
24.49 0.011751
24.5 0.011518
24.51 0.011322
24.52 0.011167
24.53 0.011051
24.54 0.010976
24.55 0.010937
24.56 0.010934
24.57 0.010963
24.58 0.011019
24.59 0.011101
24.6 0.011207
24.61 0.011335
24.62 0.011487
24.63 0.011665
24.64 0.011868
24.65 0.012099
24.66 0.012354
24.67 0.012632
24.68 0.012931
24.69 0.013249
24.7 0.013584
24.71 0.013934
24.72 0.014299
24.73 0.014679
24.74 0.015074
24.75 0.015486
24.76 0.015915
24.77 0.016358
24.78 0.016813
24.79 0.017273
24.8 0.017729
24.81 0.018172
24.82 0.018588
24.83 0.018968
24.84 0.0193
24.85 0.019574
24.86 0.019782
24.87 0.019918
24.88 0.019978
24.89 0.01996
24.9 0.019864
24.91 0.019692
24.92 0.019445
24.93 0.019128
24.94 0.018748
24.95 0.018313
24.96 0.017831
24.97 0.017314
24.98 0.016774
24.99 0.016223
25 0.015674
25.01 0.015136
25.02 0.01462
25.03 0.014134
25.04 0.013684
25.05 0.013277
25.06 0.012915
25.07 0.012604
25.08 0.012344
25.09 0.012136
25.1 0.011978
25.11 0.011866
25.12 0.011795
25.13 0.011764
25.14 0.011768
25.15 0.011808
25.16 0.01188
25.17 0.011988
25.18 0.012133
25.19 0.012319
25.2 0.01255
25.21 0.012829
25.22 0.01316
25.23 0.013541
25.24 0.013972
25.25 0.014448
25.26 0.014965
25.27 0.015515
25.28 0.016093
25.29 0.01669
25.3 0.017298
25.31 0.017908
25.32 0.01851
25.33 0.019095
25.34 0.019653
25.35 0.020177
25.36 0.02066
25.37 0.021101
25.38 0.0215
25.39 0.021861
25.4 0.022187
25.41 0.022484
25.42 0.022756
25.43 0.023005
25.44 0.023232
25.45 0.023437
25.46 0.02362
25.47 0.023778
25.48 0.023909
25.49 0.024012
25.5 0.024086
25.51 0.024134
25.52 0.024161
25.53 0.024172
25.54 0.024176
25.55 0.024179
25.56 0.024189
25.57 0.024211
25.58 0.024251
25.59 0.024314
25.6 0.024401
25.61 0.024515
25.62 0.024657
25.63 0.024826
25.64 0.025022
25.65 0.025243
25.66 0.025485
25.67 0.025747
25.68 0.026024
25.69 0.026315
25.7 0.026617
25.71 0.026928
25.72 0.027247
25.73 0.02757
25.74 0.027895
25.75 0.028215
25.76 0.028522
25.77 0.028808
25.78 0.029062
25.79 0.029278
25.8 0.029449
25.81 0.029569
25.82 0.029638
25.83 0.029653
25.84 0.029615
25.85 0.029524
25.86 0.029383
25.87 0.029191
25.88 0.028949
25.89 0.028659
25.9 0.028325
25.91 0.02795
25.92 0.027539
25.93 0.0271
25.94 0.02664
25.95 0.026169
25.96 0.025698
25.97 0.02524
25.98 0.024808
25.99 0.024411
26 0.024058
26.01 0.023757
26.02 0.023512
26.03 0.023324
26.04 0.023193
26.05 0.023115
26.06 0.023088
26.07 0.023108
26.08 0.023168
26.09 0.023265
26.1 0.023393
26.11 0.023548
26.12 0.023727
26.13 0.023923
26.14 0.024132
26.15 0.024348
26.16 0.024565
26.17 0.024779
26.18 0.024986
26.19 0.025182
26.2 0.025366
26.21 0.025537
26.22 0.025695
26.23 0.025839
26.24 0.02597
26.25 0.026087
26.26 0.026189
26.27 0.026273
26.28 0.026339
26.29 0.026384
26.3 0.026408
26.31 0.026411
26.32 0.026392
26.33 0.026355
26.34 0.026302
26.35 0.026238
26.36 0.026168
26.37 0.026098
26.38 0.026033
26.39 0.025977
26.4 0.025934
26.41 0.025906
26.42 0.025897
26.43 0.025909
26.44 0.025946
26.45 0.026013
26.46 0.026112
26.47 0.026242
26.48 0.026402
26.49 0.026589
26.5 0.026802
26.51 0.027038
26.52 0.027297
26.53 0.027576
26.54 0.027874
26.55 0.028188
26.56 0.028515
26.57 0.028853
26.58 0.029197
26.59 0.029545
26.6 0.029897
26.61 0.030249
26.62 0.030604
26.63 0.030962
26.64 0.031323
26.65 0.031689
26.66 0.032062
26.67 0.032441
26.68 0.032828
26.69 0.033226
26.7 0.033633
26.71 0.034052
26.72 0.034481
26.73 0.03492
26.74 0.035366
26.75 0.035816
26.76 0.036268
26.77 0.036718
26.78 0.037164
26.79 0.037602
26.8 0.038029
26.81 0.038438
26.82 0.038824
26.83 0.03918
26.84 0.039496
26.85 0.039763
26.86 0.039975
26.87 0.040125
26.88 0.04021
26.89 0.040229
26.9 0.040179
26.91 0.040059
26.92 0.039867
26.93 0.039603
26.94 0.03927
26.95 0.038872
26.96 0.038417
26.97 0.037915
26.98 0.037377
26.99 0.036817
27 0.036247
27.01 0.03568
27.02 0.035125
27.03 0.034589
27.04 0.034077
27.05 0.03359
27.06 0.033131
27.07 0.032704
27.08 0.032319
27.09 0.031985
27.1 0.031717
27.11 0.031528
27.12 0.031428
27.13 0.031426
27.14 0.031523
27.15 0.031716
27.16 0.031997
27.17 0.032354
27.18 0.032773
27.19 0.033239
27.2 0.033738
27.21 0.034257
27.22 0.034781
27.23 0.035297
27.24 0.035794
27.25 0.03626
27.26 0.036691
27.27 0.037085
27.28 0.037442
27.29 0.037766
27.3 0.038066
27.31 0.03835
27.32 0.038628
27.33 0.038907
27.34 0.039188
27.35 0.039465
27.36 0.039726
27.37 0.039954
27.38 0.040136
27.39 0.040262
27.4 0.040327
27.41 0.040333
27.42 0.040284
27.43 0.040186
27.44 0.040042
27.45 0.039855
27.46 0.039622
27.47 0.039339
27.48 0.039004
27.49 0.038614
27.5 0.038168
27.51 0.037667
27.52 0.037119
27.53 0.036536
27.54 0.03593
27.55 0.035318
27.56 0.034716
27.57 0.03414
27.58 0.033607
27.59 0.033128
27.6 0.03271
27.61 0.032358
27.62 0.032072
27.63 0.031853
27.64 0.031697
27.65 0.031596
27.66 0.031538
27.67 0.031507
27.68 0.031488
27.69 0.031468
27.7 0.031434
27.71 0.031377
27.72 0.031291
27.73 0.031169
27.74 0.031006
27.75 0.030799
27.76 0.030546
27.77 0.030246
27.78 0.029901
27.79 0.029516
27.8 0.029096
27.81 0.028648
27.82 0.028178
27.83 0.027691
27.84 0.027191
27.85 0.026681
27.86 0.026164
27.87 0.025642
27.88 0.025115
27.89 0.024579
27.9 0.024031
27.91 0.023466
27.92 0.022881
27.93 0.022269
27.94 0.021627
27.95 0.02095
27.96 0.020239
27.97 0.019495
27.98 0.018725
27.99 0.017937
28 0.017141
28.01 0.016346
28.02 0.015561
28.03 0.014791
28.04 0.014041
28.05 0.013317
28.06 0.012622
28.07 0.011965
28.08 0.01135
28.09 0.010786
28.1 0.010278
28.11 0.0098308
28.12 0.0094462
28.13 0.0091231
28.14 0.0088573
28.15 0.0086428
28.16 0.0084714
28.17 0.0083335
28.18 0.0082182
28.19 0.0081128
28.2 0.0080047
28.21 0.007882
28.22 0.0077352
28.23 0.0075572
28.24 0.0073444
28.25 0.0070975
28.26 0.0068209
28.27 0.0065221
28.28 0.0062105
28.29 0.0058947
28.3 0.0055819
28.31 0.0052767
28.32 0.0049812
28.33 0.0046955
28.34 0.0044188
28.35 0.0041502
28.36 0.0038885
28.37 0.003632
28.38 0.0033797
28.39 0.0031328
28.4 0.0028948
28.41 0.0026712
28.42 0.0024674
28.43 0.0022872
28.44 0.0021323
28.45 0.0020022
28.46 0.0018947
28.47 0.0018062
28.48 0.0017316
28.49 0.0016653
28.5 0.0016022
28.51 0.0015381
28.52 0.0014706
28.53 0.0013995
28.54 0.0013261
28.55 0.001252
28.56 0.0011796
28.57 0.0011111
28.58 0.0010476
28.59 0.00098911
28.6 0.00093421
28.61 0.00088143
28.62 0.0008301
28.63 0.00078019
28.64 0.00073179
28.65 0.00068471
28.66 0.00063845
28.67 0.00059237
28.68 0.00054598
28.69 0.00049894
28.7 0.00045088
28.71 0.0004011
28.72 0.00034905
28.73 0.00029494
28.74 0.00024036
28.75 0.00018863
28.76 0.00014491
28.77 0.00011562
28.78 0.00010742
28.79 0.00012618
28.8 0.00017633
28.81 0.00026044
28.82 0.00037873
28.83 0.00052887
28.84 0.00070627
28.85 0.00090506
28.86 0.0011189
28.87 0.0013414
28.88 0.0015668
28.89 0.0017905
28.9 0.0020089
28.91 0.0022181
28.92 0.0024132
28.93 0.0025892
28.94 0.002742
28.95 0.0028694
28.96 0.0029703
28.97 0.003044
28.98 0.0030904
28.99 0.0031094
29 0.0031004
29.01 0.0030622
29.02 0.0029932
29.03 0.0028917
29.04 0.0027568
29.05 0.0025879
29.06 0.002385
29.07 0.0021487
29.08 0.0018808
29.09 0.0015846
29.1 0.0012654
29.11 0.00093045
29.12 0.00058886
29.13 0.00025162
29.14 -6.9087e-05
29.15 -0.00036126
29.16 -0.00061504
29.17 -0.00082436
29.18 -0.00098772
29.19 -0.0011077
29.2 -0.0011899
29.21 -0.0012411
29.22 -0.001268
29.23 -0.0012754
29.24 -0.0012662
29.25 -0.0012415
29.26 -0.0012013
29.27 -0.001145
29.28 -0.0010722
29.29 -0.00098322
29.3 -0.00087914
29.31 -0.00076183
29.32 -0.00063353
29.33 -0.00049684
29.34 -0.00035449
29.35 -0.00020913
29.36 -6.3375e-05
29.37 7.9955e-05
29.38 0.00021738
29.39 0.00034445
29.4 0.00045631
29.41 0.00054842
29.42 0.00061623
29.43 0.00065432
29.44 0.00065706
29.45 0.00062005
29.46 0.00054139
29.47 0.00042254
29.48 0.00026858
29.49 8.7295e-05
29.5 -0.00011214
29.51 -0.00032019
29.52 -0.00052805
29.53 -0.0007293
29.54 -0.0009211
29.55 -0.0011046
29.56 -0.0012843
29.57 -0.0014665
29.58 -0.0016578
29.59 -0.0018635
29.6 -0.002086
29.61 -0.0023245
29.62 -0.0025748
29.63 -0.0028299
29.64 -0.0030813
29.65 -0.0033196
29.66 -0.0035355
29.67 -0.00372
29.68 -0.0038651
29.69 -0.0039639
29.7 -0.0040113
29.71 -0.0040053
29.72 -0.0039474
29.73 -0.0038416
29.74 -0.0036936
29.75 -0.0035096
29.76 -0.0032956
29.77 -0.0030566
29.78 -0.0027965
29.79 -0.0025186
29.8 -0.0022257
29.81 -0.0019209
29.82 -0.0016082
29.83 -0.0012929
29.84 -0.00098069
29.85 -0.00067713
29.86 -0.00038667
29.87 -0.00011284
29.88 0.00014165
29.89 0.00037485
29.9 0.00058527
29.91 0.00077168
29.92 0.000933
29.93 0.0010686
29.94 0.0011783
29.95 0.0012625
29.96 0.0013218
29.97 0.0013576
29.98 0.0013718
29.99 0.0013678
30 0.0013496
30.01 0.0013217
30.02 0.0012878
30.03 0.0012509
30.04 0.0012136
30.05 0.0011778
30.06 0.0011444
30.07 0.001113
30.08 0.0010817
30.09 0.0010479
30.1 0.0010086
30.11 0.00096135
30.12 0.00090498
30.13 0.00083923
30.14 0.00076465
30.15 0.00068204
30.16 0.0005921
30.17 0.00049538
30.18 0.0003924
30.19 0.00028377
30.2 0.00017042
30.21 5.366e-05
30.22 -6.4925e-05
30.23 -0.00018347
30.24 -0.0002998
30.25 -0.00041158
30.26 -0.00051667
30.27 -0.00061341
30.28 -0.00070065
30.29 -0.00077761
30.3 -0.00084388
30.31 -0.0008995
30.32 -0.00094492
30.33 -0.00098107
30.34 -0.0010092
30.35 -0.001031
30.36 -0.0010481
30.37 -0.0010623
30.38 -0.0010752
30.39 -0.0010878
30.4 -0.0011003
30.41 -0.001112
30.42 -0.001122
30.43 -0.0011295
30.44 -0.0011345
30.45 -0.0011375
30.46 -0.0011398
30.47 -0.001143
30.48 -0.0011486
30.49 -0.0011574
30.5 -0.00117
30.51 -0.0011872
30.52 -0.0012092
30.53 -0.0012361
30.54 -0.0012679
30.55 -0.0013046
30.56 -0.0013463
30.57 -0.0013929
30.58 -0.0014441
30.59 -0.0014998
30.6 -0.0015597
30.61 -0.0016236
30.62 -0.0016912
30.63 -0.001762
30.64 -0.0018351
30.65 -0.0019099
30.66 -0.0019854
30.67 -0.0020608
30.68 -0.0021347
30.69 -0.0022059
30.7 -0.0022729
30.71 -0.0023342
30.72 -0.0023883
30.73 -0.0024341
30.74 -0.0024713
30.75 -0.0025001
30.76 -0.0025208
30.77 -0.0025341
30.78 -0.0025404
30.79 -0.00254
30.8 -0.0025333
30.81 -0.0025209
30.82 -0.002504
30.83 -0.0024839
30.84 -0.0024621
30.85 -0.00244
30.86 -0.0024186
30.87 -0.0023988
30.88 -0.0023811
30.89 -0.0023655
30.9 -0.0023523
30.91 -0.0023414
30.92 -0.0023329
30.93 -0.0023262
30.94 -0.0023209
30.95 -0.0023164
30.96 -0.0023127
30.97 -0.0023095
30.98 -0.002307
30.99 -0.0023058
31 -0.0023068
31.01 -0.002311
31.02 -0.002319
31.03 -0.0023307
31.04 -0.0023459
31.05 -0.0023645
31.06 -0.0023867
31.07 -0.0024129
31.08 -0.0024438
31.09 -0.0024804
31.1 -0.0025239
31.11 -0.0025753
31.12 -0.0026354
31.13 -0.0027045
31.14 -0.0027823
31.15 -0.0028676
31.16 -0.0029584
31.17 -0.0030523
31.18 -0.0031472
31.19 -0.0032413
31.2 -0.0033335
31.21 -0.0034229
31.22 -0.0035089
31.23 -0.0035917
31.24 -0.0036719
31.25 -0.0037506
31.26 -0.0038294
31.27 -0.0039092
31.28 -0.0039909
31.29 -0.0040749
31.3 -0.004161
31.31 -0.0042491
31.32 -0.0043392
31.33 -0.0044313
31.34 -0.0045257
31.35 -0.0046226
31.36 -0.0047222
31.37 -0.0048243
31.38 -0.0049286
31.39 -0.0050342
31.4 -0.0051406
31.41 -0.005247
31.42 -0.0053529
31.43 -0.0054578
31.44 -0.0055614
31.45 -0.0056635
31.46 -0.005764
31.47 -0.0058623
31.48 -0.0059576
31.49 -0.0060486
31.5 -0.006134
31.51 -0.0062128
31.52 -0.0062847
31.53 -0.0063496
31.54 -0.006408
31.55 -0.0064604
31.56 -0.0065079
31.57 -0.0065518
31.58 -0.0065935
31.59 -0.0066351
31.6 -0.0066785
31.61 -0.0067253
31.62 -0.0067757
31.63 -0.0068294
31.64 -0.0068854
31.65 -0.0069429
31.66 -0.0070007
31.67 -0.0070571
31.68 -0.0071107
31.69 -0.0071601
31.7 -0.0072043
31.71 -0.0072426
31.72 -0.0072738
31.73 -0.0072974
31.74 -0.0073128
31.75 -0.0073204
31.76 -0.0073212
31.77 -0.0073171
31.78 -0.0073102
31.79 -0.0073023
31.8 -0.0072951
31.81 -0.0072899
31.82 -0.0072878
31.83 -0.0072894
31.84 -0.0072953
31.85 -0.0073054
31.86 -0.0073193
31.87 -0.0073366
31.88 -0.0073568
31.89 -0.0073791
31.9 -0.0074022
31.91 -0.0074243
31.92 -0.0074441
31.93 -0.0074605
31.94 -0.0074728
31.95 -0.0074803
31.96 -0.0074823
31.97 -0.0074781
31.98 -0.0074675
31.99 -0.0074507
32 -0.0074283
32.01 -0.007402
32.02 -0.007374
32.03 -0.0073466
32.04 -0.0073222
32.05 -0.007302
32.06 -0.0072865
32.07 -0.0072752
32.08 -0.0072667
32.09 -0.0072596
32.1 -0.007252
32.11 -0.0072432
32.12 -0.007233
32.13 -0.0072225
32.14 -0.0072128
32.15 -0.0072048
32.16 -0.0071993
32.17 -0.0071967
32.18 -0.0071969
32.19 -0.0071997
32.2 -0.0072043
32.21 -0.0072098
32.22 -0.0072146
32.23 -0.0072167
32.24 -0.0072139
32.25 -0.0072044
32.26 -0.007187
32.27 -0.0071615
32.28 -0.0071287
32.29 -0.00709
32.3 -0.0070476
32.31 -0.007004
32.32 -0.0069615
32.33 -0.0069222
32.34 -0.0068878
32.35 -0.0068595
32.36 -0.0068377
32.37 -0.0068226
32.38 -0.0068139
32.39 -0.006811
32.4 -0.0068124
32.41 -0.0068163
32.42 -0.0068211
32.43 -0.0068256
32.44 -0.0068286
32.45 -0.0068293
32.46 -0.0068276
32.47 -0.0068237
32.48 -0.0068185
32.49 -0.0068133
32.5 -0.0068104
32.51 -0.0068119
32.52 -0.00682
32.53 -0.0068365
32.54 -0.0068623
32.55 -0.0068981
32.56 -0.0069441
32.57 -0.0070002
32.58 -0.0070655
32.59 -0.0071386
32.6 -0.0072175
32.61 -0.0072994
32.62 -0.0073817
32.63 -0.0074617
32.64 -0.007537
32.65 -0.0076051
32.66 -0.007664
32.67 -0.0077114
32.68 -0.0077458
32.69 -0.0077658
32.7 -0.0077705
32.71 -0.0077602
32.72 -0.0077358
32.73 -0.0076991
32.74 -0.0076531
32.75 -0.0076015
32.76 -0.007548
32.77 -0.007496
32.78 -0.0074477
32.79 -0.0074039
32.8 -0.0073638
32.81 -0.0073262
32.82 -0.0072894
32.83 -0.0072517
32.84 -0.0072122
32.85 -0.0071703
32.86 -0.0071258
32.87 -0.0070792
32.88 -0.0070309
32.89 -0.0069817
32.9 -0.0069325
32.91 -0.006884
32.92 -0.0068375
32.93 -0.0067944
32.94 -0.0067563
32.95 -0.0067247
32.96 -0.0067003
32.97 -0.0066839
32.98 -0.0066759
32.99 -0.0066764
33 -0.0066856
33.01 -0.0067034
33.02 -0.00673
33.03 -0.0067653
33.04 -0.006809
33.05 -0.0068603
33.06 -0.0069178
33.07 -0.0069799
33.08 -0.0070447
33.09 -0.00711
33.1 -0.0071738
33.11 -0.0072347
33.12 -0.0072921
33.13 -0.007346
33.14 -0.0073971
33.15 -0.0074461
33.16 -0.007494
33.17 -0.0075413
33.18 -0.0075884
33.19 -0.0076355
33.2 -0.0076823
33.21 -0.0077287
33.22 -0.0077743
33.23 -0.0078195
33.24 -0.0078649
33.25 -0.0079116
33.26 -0.0079604
33.27 -0.0080117
33.28 -0.008066
33.29 -0.0081237
33.3 -0.0081847
33.31 -0.0082484
33.32 -0.0083137
33.33 -0.0083793
33.34 -0.0084442
33.35 -0.0085078
33.36 -0.0085696
33.37 -0.0086295
33.38 -0.0086868
33.39 -0.0087409
33.4 -0.0087915
33.41 -0.0088386
33.42 -0.008882
33.43 -0.0089221
33.44 -0.0089589
33.45 -0.0089926
33.46 -0.0090236
33.47 -0.009052
33.48 -0.0090782
33.49 -0.0091024
33.5 -0.0091246
33.51 -0.0091444
33.52 -0.0091615
33.53 -0.0091755
33.54 -0.0091861
33.55 -0.0091932
33.56 -0.0091966
33.57 -0.0091965
33.58 -0.0091934
33.59 -0.0091884
33.6 -0.0091824
33.61 -0.0091765
33.62 -0.0091719
33.63 -0.00917
33.64 -0.0091724
33.65 -0.009181
33.66 -0.0091967
33.67 -0.0092194
33.68 -0.0092482
33.69 -0.0092815
33.7 -0.0093177
33.71 -0.0093558
33.72 -0.009395
33.73 -0.0094349
33.74 -0.0094749
33.75 -0.0095145
33.76 -0.0095535
33.77 -0.0095922
33.78 -0.0096307
33.79 -0.0096694
33.8 -0.0097086
33.81 -0.009748
33.82 -0.0097872
33.83 -0.0098259
33.84 -0.0098639
33.85 -0.0099007
33.86 -0.0099356
33.87 -0.009968
33.88 -0.0099972
33.89 -0.010022
33.9 -0.010043
33.91 -0.010059
33.92 -0.010071
33.93 -0.010079
33.94 -0.010083
33.95 -0.010085
33.96 -0.010084
33.97 -0.010081
33.98 -0.010077
33.99 -0.010072
34 -0.010066
34.01 -0.01006
34.02 -0.010052
34.03 -0.01004
34.04 -0.010026
34.05 -0.010007
34.06 -0.009984
34.07 -0.0099568
34.08 -0.009926
34.09 -0.0098926
34.1 -0.0098581
34.11 -0.0098237
34.12 -0.0097902
34.13 -0.0097582
34.14 -0.0097278
34.15 -0.0096989
34.16 -0.0096711
34.17 -0.0096445
34.18 -0.0096192
34.19 -0.0095954
34.2 -0.0095732
34.21 -0.0095525
34.22 -0.0095334
34.23 -0.0095165
34.24 -0.0095022
34.25 -0.0094918
34.26 -0.0094863
34.27 -0.0094869
34.28 -0.009494
34.29 -0.0095074
34.3 -0.009527
34.31 -0.0095528
34.32 -0.0095844
34.33 -0.0096214
34.34 -0.0096629
34.35 -0.0097086
34.36 -0.0097579
34.37 -0.0098103
34.38 -0.0098648
34.39 -0.0099206
34.4 -0.0099774
34.41 -0.010035
34.42 -0.010092
34.43 -0.01015
34.44 -0.010208
34.45 -0.010265
34.46 -0.010321
34.47 -0.010375
34.48 -0.01043
34.49 -0.010484
34.5 -0.010537
34.51 -0.010587
34.52 -0.010636
34.53 -0.010681
34.54 -0.010722
34.55 -0.010759
34.56 -0.010791
34.57 -0.01082
34.58 -0.010847
34.59 -0.010873
34.6 -0.010898
34.61 -0.010923
34.62 -0.010947
34.63 -0.010971
34.64 -0.010994
34.65 -0.011014
34.66 -0.01103
34.67 -0.011042
34.68 -0.011049
34.69 -0.01105
34.7 -0.011043
34.71 -0.011028
34.72 -0.011005
34.73 -0.010972
34.74 -0.01093
34.75 -0.01088
34.76 -0.010822
34.77 -0.010757
34.78 -0.010689
34.79 -0.010618
34.8 -0.010545
34.81 -0.01047
34.82 -0.010393
34.83 -0.010312
34.84 -0.010228
34.85 -0.01014
34.86 -0.010049
34.87 -0.0099541
34.88 -0.0098576
34.89 -0.0097609
34.9 -0.0096663
34.91 -0.0095765
34.92 -0.0094943
34.93 -0.0094221
34.94 -0.009362
34.95 -0.0093155
34.96 -0.0092829
34.97 -0.0092635
34.98 -0.0092556
34.99 -0.0092565
35 -0.0092638
35.01 -0.0092755
35.02 -0.0092897
35.03 -0.0093056
35.04 -0.0093234
35.05 -0.0093443
35.06 -0.0093703
35.07 -0.0094038
35.08 -0.0094471
35.09 -0.0095014
35.1 -0.0095675
35.11 -0.009645
35.12 -0.0097332
35.13 -0.0098305
35.14 -0.0099354
35.15 -0.010046
35.16 -0.010161
35.17 -0.010278
35.18 -0.010397
35.19 -0.010517
35.2 -0.010638
35.21 -0.010757
35.22 -0.010871
35.23 -0.01098
35.24 -0.011081
35.25 -0.011174
35.26 -0.011257
35.27 -0.01133
35.28 -0.011393
35.29 -0.011446
35.3 -0.011489
35.31 -0.011523
35.32 -0.01155
35.33 -0.011571
35.34 -0.011587
35.35 -0.011597
35.36 -0.011601
35.37 -0.011599
35.38 -0.011591
35.39 -0.011577
35.4 -0.011558
35.41 -0.011535
35.42 -0.011509
35.43 -0.011482
35.44 -0.011455
35.45 -0.011431
35.46 -0.011411
35.47 -0.011398
35.48 -0.011391
35.49 -0.011394
35.5 -0.011406
35.51 -0.011428
35.52 -0.011459
35.53 -0.0115
35.54 -0.011551
35.55 -0.011611
35.56 -0.01168
35.57 -0.011756
35.58 -0.011838
35.59 -0.011923
35.6 -0.012008
35.61 -0.012092
35.62 -0.012172
35.63 -0.012247
35.64 -0.012315
35.65 -0.012376
35.66 -0.012428
35.67 -0.012474
35.68 -0.012514
35.69 -0.012549
35.7 -0.012583
35.71 -0.012616
35.72 -0.012648
35.73 -0.012677
35.74 -0.012701
35.75 -0.012717
35.76 -0.012724
35.77 -0.012719
35.78 -0.012702
35.79 -0.012673
35.8 -0.012633
35.81 -0.012584
35.82 -0.012526
35.83 -0.012463
35.84 -0.012395
35.85 -0.012324
35.86 -0.012252
35.87 -0.012179
35.88 -0.012106
35.89 -0.012036
35.9 -0.011968
35.91 -0.011905
35.92 -0.011849
35.93 -0.011801
35.94 -0.011762
35.95 -0.011732
35.96 -0.011712
35.97 -0.011703
35.98 -0.011702
35.99 -0.01171
36 -0.011724
36.01 -0.011743
36.02 -0.011765
36.03 -0.011788
36.04 -0.011809
36.05 -0.011827
36.06 -0.011842
36.07 -0.011854
36.08 -0.011864
36.09 -0.011871
36.1 -0.011874
36.11 -0.011873
36.12 -0.011865
36.13 -0.011852
36.14 -0.011833
36.15 -0.01181
36.16 -0.011784
36.17 -0.011757
36.18 -0.011729
