0 0.48142
0.01 0.48147
0.02 0.48151
0.03 0.48152
0.04 0.48152
0.05 0.48148
0.06 0.48143
0.07 0.48135
0.08 0.48126
0.09 0.48115
0.1 0.48104
0.11 0.48091
0.12 0.48077
0.13 0.48063
0.14 0.48048
0.15 0.48034
0.16 0.4802
0.17 0.48007
0.18 0.47995
0.19 0.47984
0.2 0.47972
0.21 0.4796
0.22 0.47948
0.23 0.47934
0.24 0.47919
0.25 0.47902
0.26 0.47884
0.27 0.47864
0.28 0.47843
0.29 0.4782
0.3 0.47796
0.31 0.4777
0.32 0.47743
0.33 0.47715
0.34 0.47685
0.35 0.47655
0.36 0.47624
0.37 0.47594
0.38 0.47564
0.39 0.47535
0.4 0.47508
0.41 0.47482
0.42 0.47456
0.43 0.47432
0.44 0.47409
0.45 0.47386
0.46 0.47363
0.47 0.47338
0.48 0.47311
0.49 0.47279
0.5 0.47243
0.51 0.47203
0.52 0.47157
0.53 0.47108
0.54 0.47056
0.55 0.47002
0.56 0.46946
0.57 0.46891
0.58 0.46834
0.59 0.46778
0.6 0.46721
0.61 0.46664
0.62 0.46607
0.63 0.46551
0.64 0.46495
0.65 0.46442
0.66 0.46391
0.67 0.46346
0.68 0.46306
0.69 0.46273
0.7 0.46247
0.71 0.46227
0.72 0.46214
0.73 0.46209
0.74 0.46209
0.75 0.46217
0.76 0.4623
0.77 0.46249
0.78 0.46274
0.79 0.46303
0.8 0.46336
0.81 0.46374
0.82 0.46414
0.83 0.46456
0.84 0.46501
0.85 0.46546
0.86 0.46593
0.87 0.46641
0.88 0.46691
0.89 0.46742
0.9 0.46797
0.91 0.46855
0.92 0.46919
0.93 0.46989
0.94 0.47067
0.95 0.47153
0.96 0.47248
0.97 0.47351
0.98 0.47462
0.99 0.4758
1 0.47703
1.01 0.47829
1.02 0.47956
1.03 0.48081
1.04 0.48203
1.05 0.48319
1.06 0.4843
1.07 0.48535
1.08 0.48633
1.09 0.48727
1.1 0.48816
1.11 0.48902
1.12 0.48985
1.13 0.49067
1.14 0.49148
1.15 0.49227
1.16 0.49305
1.17 0.49381
1.18 0.49453
1.19 0.49521
1.2 0.49582
1.21 0.49638
1.22 0.49687
1.23 0.49732
1.24 0.49772
1.25 0.49811
1.26 0.49847
1.27 0.49884
1.28 0.49919
1.29 0.49955
1.3 0.49989
1.31 0.50021
1.32 0.50049
1.33 0.50073
1.34 0.50092
1.35 0.50105
1.36 0.50111
1.37 0.5011
1.38 0.50102
1.39 0.50088
1.4 0.50068
1.41 0.50043
1.42 0.50014
1.43 0.4998
1.44 0.49943
1.45 0.49903
1.46 0.49859
1.47 0.49811
1.48 0.49759
1.49 0.49702
1.5 0.49641
1.51 0.49574
1.52 0.49503
1.53 0.49426
1.54 0.49345
1.55 0.49259
1.56 0.49169
1.57 0.49074
1.58 0.48976
1.59 0.48874
1.6 0.48767
1.61 0.48657
1.62 0.48542
1.63 0.48425
1.64 0.48305
1.65 0.48184
1.66 0.48065
1.67 0.47948
1.68 0.47835
1.69 0.47729
1.7 0.4763
1.71 0.47542
1.72 0.47464
1.73 0.47399
1.74 0.47347
1.75 0.47308
1.76 0.47284
1.77 0.47273
1.78 0.47276
1.79 0.47294
1.8 0.47324
1.81 0.47367
1.82 0.47422
1.83 0.47487
1.84 0.47561
1.85 0.47643
1.86 0.47732
1.87 0.47827
1.88 0.47927
1.89 0.4803
1.9 0.48137
1.91 0.48246
1.92 0.48355
1.93 0.48464
1.94 0.48571
1.95 0.48676
1.96 0.48778
1.97 0.48877
1.98 0.48972
1.99 0.49065
2 0.49153
2.01 0.49238
2.02 0.49319
2.03 0.49395
2.04 0.49466
2.05 0.49531
2.06 0.49588
2.07 0.49638
2.08 0.4968
2.09 0.49713
2.1 0.49737
2.11 0.49752
2.12 0.4976
2.13 0.49761
2.14 0.49756
2.15 0.49745
2.16 0.49727
2.17 0.49704
2.18 0.49675
2.19 0.4964
2.2 0.49599
2.21 0.49553
2.22 0.49502
2.23 0.49447
2.24 0.49388
2.25 0.49326
2.26 0.49262
2.27 0.49197
2.28 0.4913
2.29 0.49063
2.3 0.48994
2.31 0.48925
2.32 0.48854
2.33 0.48781
2.34 0.48707
2.35 0.48631
2.36 0.48552
2.37 0.48472
2.38 0.48388
2.39 0.48303
2.4 0.48215
2.41 0.48126
2.42 0.48035
2.43 0.47943
2.44 0.47852
2.45 0.47761
2.46 0.47672
2.47 0.47585
2.48 0.475
2.49 0.47417
2.5 0.47337
2.51 0.47259
2.52 0.47184
2.53 0.47112
2.54 0.47043
2.55 0.46977
2.56 0.46914
2.57 0.46855
2.58 0.468
2.59 0.46749
2.6 0.46702
2.61 0.4666
2.62 0.46622
2.63 0.46588
2.64 0.46559
2.65 0.46534
2.66 0.46513
2.67 0.46497
2.68 0.46484
2.69 0.46474
2.7 0.46466
2.71 0.46459
2.72 0.46453
2.73 0.46447
2.74 0.46441
2.75 0.46436
2.76 0.46431
2.77 0.46427
2.78 0.46425
2.79 0.46424
2.8 0.46425
2.81 0.46427
2.82 0.46429
2.83 0.46433
2.84 0.46436
2.85 0.4644
2.86 0.46445
2.87 0.46451
2.88 0.46457
2.89 0.46465
2.9 0.46474
2.91 0.46483
2.92 0.46494
2.93 0.46507
2.94 0.46522
2.95 0.46541
2.96 0.46565
2.97 0.46594
2.98 0.4663
2.99 0.46671
3 0.46718
3.01 0.4677
3.02 0.46826
3.03 0.46885
3.04 0.46947
3.05 0.47011
3.06 0.47077
3.07 0.47145
3.08 0.47217
3.09 0.47292
3.1 0.47369
3.11 0.47448
3.12 0.47527
3.13 0.47603
3.14 0.47676
3.15 0.47744
3.16 0.47807
3.17 0.47863
3.18 0.47914
3.19 0.4796
3.2 0.48001
3.21 0.48037
3.22 0.48069
3.23 0.48097
3.24 0.48121
3.25 0.48143
3.26 0.48163
3.27 0.48182
3.28 0.482
3.29 0.48219
3.3 0.48237
3.31 0.48255
3.32 0.48273
3.33 0.48289
3.34 0.48305
3.35 0.48319
3.36 0.48331
3.37 0.48342
3.38 0.48352
3.39 0.48363
3.4 0.48374
3.41 0.48388
3.42 0.48405
3.43 0.48426
3.44 0.48451
3.45 0.48481
3.46 0.48514
3.47 0.48551
3.48 0.4859
3.49 0.48629
3.5 0.48668
3.51 0.48705
3.52 0.4874
3.53 0.48772
3.54 0.48801
3.55 0.48828
3.56 0.48853
3.57 0.48876
3.58 0.48896
3.59 0.48914
3.6 0.4893
3.61 0.48942
3.62 0.48951
3.63 0.48955
3.64 0.48954
3.65 0.48949
3.66 0.48938
3.67 0.48923
3.68 0.48904
3.69 0.48881
3.7 0.48854
3.71 0.48821
3.72 0.48784
3.73 0.48739
3.74 0.48688
3.75 0.48629
3.76 0.48563
3.77 0.48489
3.78 0.4841
3.79 0.48326
3.8 0.48239
3.81 0.48152
3.82 0.48066
3.83 0.47985
3.84 0.47909
3.85 0.47841
3.86 0.47781
3.87 0.4773
3.88 0.47687
3.89 0.47651
3.9 0.47622
3.91 0.47598
3.92 0.47578
3.93 0.4756
3.94 0.47542
3.95 0.47524
3.96 0.47503
3.97 0.47479
3.98 0.47452
3.99 0.4742
4 0.47385
4.01 0.47344
4.02 0.47298
4.03 0.47247
4.04 0.4719
4.05 0.47129
4.06 0.47064
4.07 0.46996
4.08 0.46925
4.09 0.46854
4.1 0.46782
4.11 0.46711
4.12 0.46641
4.13 0.46573
4.14 0.46507
4.15 0.46443
4.16 0.4638
4.17 0.46319
4.18 0.4626
4.19 0.46202
4.2 0.46146
4.21 0.46093
4.22 0.46041
4.23 0.45993
4.24 0.45949
4.25 0.4591
4.26 0.45876
4.27 0.45847
4.28 0.45826
4.29 0.45811
4.3 0.45803
4.31 0.45803
4.32 0.45809
4.33 0.4582
4.34 0.45836
4.35 0.45855
4.36 0.45875
4.37 0.45897
4.38 0.45919
4.39 0.4594
4.4 0.4596
4.41 0.45979
4.42 0.45995
4.43 0.46008
4.44 0.46016
4.45 0.4602
4.46 0.46019
4.47 0.46012
4.48 0.45999
4.49 0.45981
4.5 0.45958
4.51 0.4593
4.52 0.45898
4.53 0.45863
4.54 0.45824
4.55 0.45783
4.56 0.4574
4.57 0.45696
4.58 0.45651
4.59 0.45606
4.6 0.4556
4.61 0.45516
4.62 0.45473
4.63 0.45432
4.64 0.45393
4.65 0.45357
4.66 0.45325
4.67 0.45296
4.68 0.4527
4.69 0.45248
4.7 0.45229
4.71 0.45213
4.72 0.45199
4.73 0.45189
4.74 0.45183
4.75 0.45179
4.76 0.4518
4.77 0.45184
4.78 0.45193
4.79 0.45207
4.8 0.45225
4.81 0.45249
4.82 0.45279
4.83 0.45314
4.84 0.45356
4.85 0.45404
4.86 0.45459
4.87 0.45519
4.88 0.45586
4.89 0.45659
4.9 0.45739
4.91 0.45824
4.92 0.45916
4.93 0.46014
4.94 0.46117
4.95 0.46225
4.96 0.46337
4.97 0.46454
4.98 0.46575
4.99 0.46699
5 0.46826
5.01 0.46956
5.02 0.47089
5.03 0.47224
5.04 0.47362
5.05 0.47501
5.06 0.47643
5.07 0.47787
5.08 0.47932
5.09 0.48078
5.1 0.48225
5.11 0.48371
5.12 0.48517
5.13 0.48663
5.14 0.48807
5.15 0.48948
5.16 0.49085
5.17 0.49218
5.18 0.49345
5.19 0.49465
5.2 0.49578
5.21 0.49685
5.22 0.49785
5.23 0.49881
5.24 0.49971
5.25 0.50056
5.26 0.50138
5.27 0.50215
5.28 0.50289
5.29 0.5036
5.3 0.50426
5.31 0.50489
5.32 0.50548
5.33 0.50602
5.34 0.50651
5.35 0.50695
5.36 0.50735
5.37 0.50771
5.38 0.50803
5.39 0.50832
5.4 0.50859
5.41 0.50883
5.42 0.50903
5.43 0.50921
5.44 0.50933
5.45 0.50941
5.46 0.50943
5.47 0.50938
5.48 0.50925
5.49 0.50904
5.5 0.50877
5.51 0.50842
5.52 0.50801
5.53 0.50756
5.54 0.50708
5.55 0.50658
5.56 0.50608
5.57 0.50559
5.58 0.50512
5.59 0.50467
5.6 0.50425
5.61 0.50384
5.62 0.50342
5.63 0.50298
5.64 0.50251
5.65 0.50199
5.66 0.50142
5.67 0.50079
5.68 0.50013
5.69 0.49944
5.7 0.49875
5.71 0.49808
5.72 0.49746
5.73 0.49689
5.74 0.49639
5.75 0.49596
5.76 0.49558
5.77 0.49526
5.78 0.49498
5.79 0.49472
5.8 0.49448
5.81 0.49423
5.82 0.49398
5.83 0.49372
5.84 0.49343
5.85 0.49313
5.86 0.49283
5.87 0.49252
5.88 0.49223
5.89 0.49197
5.9 0.49176
5.91 0.49161
5.92 0.49153
5.93 0.49154
5.94 0.49165
5.95 0.49184
5.96 0.49211
5.97 0.49247
5.98 0.49289
5.99 0.49337
6 0.49389
6.01 0.49445
6.02 0.49502
6.03 0.49561
6.04 0.49621
6.05 0.4968
6.06 0.49739
6.07 0.49797
6.08 0.49854
6.09 0.49908
6.1 0.49959
6.11 0.50007
6.12 0.50052
6.13 0.50092
6.14 0.50129
6.15 0.50162
6.16 0.50191
6.17 0.50217
6.18 0.50239
6.19 0.50258
6.2 0.50272
6.21 0.5028
6.22 0.50282
6.23 0.50278
6.24 0.50265
6.25 0.50245
6.26 0.50216
6.27 0.50179
6.28 0.50134
6.29 0.50081
6.3 0.50021
6.31 0.49956
6.32 0.49885
6.33 0.49811
6.34 0.49734
6.35 0.49655
6.36 0.49574
6.37 0.49493
6.38 0.4941
6.39 0.49328
6.4 0.49244
6.41 0.4916
6.42 0.49074
6.43 0.48987
6.44 0.48898
6.45 0.48806
6.46 0.4871
6.47 0.48611
6.48 0.48508
6.49 0.484
6.5 0.48289
6.51 0.48175
6.52 0.48058
6.53 0.47939
6.54 0.47819
6.55 0.47698
6.56 0.47577
6.57 0.47457
6.58 0.47338
6.59 0.47222
6.6 0.47109
6.61 0.47
6.62 0.46896
6.63 0.46797
6.64 0.46702
6.65 0.46612
6.66 0.46524
6.67 0.46438
6.68 0.46354
6.69 0.46269
6.7 0.46184
6.71 0.461
6.72 0.46015
6.73 0.4593
6.74 0.45846
6.75 0.45761
6.76 0.45678
6.77 0.45595
6.78 0.45513
6.79 0.45433
6.8 0.45356
6.81 0.45281
6.82 0.45209
6.83 0.4514
6.84 0.45074
6.85 0.45013
6.86 0.44956
6.87 0.44904
6.88 0.44859
6.89 0.44819
6.9 0.44788
6.91 0.44763
6.92 0.44747
6.93 0.44737
6.94 0.44733
6.95 0.44735
6.96 0.44741
6.97 0.44751
6.98 0.44765
6.99 0.44783
7 0.44805
7.01 0.44833
7.02 0.44868
7.03 0.4491
7.04 0.44961
7.05 0.4502
7.06 0.45089
7.07 0.45165
7.08 0.45248
7.09 0.45337
7.1 0.4543
7.11 0.45526
7.12 0.45627
7.13 0.45731
7.14 0.45839
7.15 0.45952
7.16 0.46069
7.17 0.4619
7.18 0.46314
7.19 0.46438
7.2 0.46563
7.21 0.46687
7.22 0.46809
7.23 0.46929
7.24 0.47047
7.25 0.47164
7.26 0.47278
7.27 0.4739
7.28 0.475
7.29 0.47608
7.3 0.47714
7.31 0.4782
7.32 0.47925
7.33 0.48031
7.34 0.48138
7.35 0.48245
7.36 0.4835
7.37 0.48454
7.38 0.48553
7.39 0.48648
7.4 0.48738
7.41 0.48824
7.42 0.48904
7.43 0.4898
7.44 0.4905
7.45 0.49116
7.46 0.49177
7.47 0.49233
7.48 0.49285
7.49 0.49333
7.5 0.49378
7.51 0.49421
7.52 0.49462
7.53 0.49503
7.54 0.49544
7.55 0.49586
7.56 0.49628
7.57 0.49669
7.58 0.49709
7.59 0.49747
7.6 0.49782
7.61 0.49814
7.62 0.49843
7.63 0.49867
7.64 0.49888
7.65 0.49906
7.66 0.4992
7.67 0.49931
7.68 0.49939
7.69 0.49945
7.7 0.49949
7.71 0.4995
7.72 0.49951
7.73 0.4995
7.74 0.49948
7.75 0.49946
7.76 0.49945
7.77 0.49944
7.78 0.49944
7.79 0.49945
7.8 0.49947
7.81 0.4995
7.82 0.49953
7.83 0.49956
7.84 0.49959
7.85 0.49962
7.86 0.49964
7.87 0.49966
7.88 0.49967
7.89 0.49966
7.9 0.49964
7.91 0.49961
7.92 0.49955
7.93 0.49947
7.94 0.49938
7.95 0.49927
7.96 0.49915
7.97 0.49903
7.98 0.49892
7.99 0.49881
8 0.49872
8.01 0.49862
8.02 0.49853
8.03 0.49843
8.04 0.49833
8.05 0.49821
8.06 0.49809
8.07 0.49794
8.08 0.49779
8.09 0.49763
8.1 0.49747
8.11 0.4973
8.12 0.49713
8.13 0.49696
8.14 0.49679
8.15 0.49662
8.16 0.49646
8.17 0.4963
8.18 0.49614
8.19 0.496
8.2 0.49586
8.21 0.49573
8.22 0.49561
8.23 0.49551
8.24 0.49541
8.25 0.49533
8.26 0.49525
8.27 0.49518
8.28 0.49511
8.29 0.49504
8.3 0.49497
8.31 0.49488
8.32 0.49478
8.33 0.49468
8.34 0.49456
8.35 0.49445
8.36 0.49433
8.37 0.49422
8.38 0.49413
8.39 0.49405
8.4 0.49399
8.41 0.49394
8.42 0.49391
8.43 0.4939
8.44 0.49389
8.45 0.49389
8.46 0.4939
8.47 0.4939
8.48 0.49391
8.49 0.49392
8.5 0.49393
8.51 0.49393
8.52 0.49394
8.53 0.49393
8.54 0.49392
8.55 0.4939
8.56 0.49387
8.57 0.49384
8.58 0.49379
8.59 0.49374
8.6 0.49369
8.61 0.49364
8.62 0.49359
8.63 0.49354
8.64 0.49349
8.65 0.49345
8.66 0.49342
8.67 0.49338
8.68 0.49335
8.69 0.49332
8.7 0.49328
8.71 0.49324
8.72 0.4932
8.73 0.49316
8.74 0.49311
8.75 0.49306
8.76 0.49301
8.77 0.49296
8.78 0.49291
8.79 0.49286
8.8 0.49282
8.81 0.49278
8.82 0.49275
8.83 0.49272
8.84 0.4927
8.85 0.49268
8.86 0.49267
8.87 0.49265
8.88 0.49264
8.89 0.49262
8.9 0.4926
8.91 0.49258
8.92 0.49257
8.93 0.49256
8.94 0.49256
8.95 0.49258
8.96 0.49262
8.97 0.49268
8.98 0.49276
8.99 0.49286
9 0.49297
9.01 0.49307
9.02 0.49315
9.03 0.49321
9.04 0.49323
9.05 0.49321
9.06 0.49315
9.07 0.49304
9.08 0.49287
9.09 0.49266
9.1 0.49239
9.11 0.49207
9.12 0.4917
9.13 0.4913
9.14 0.49085
9.15 0.49037
9.16 0.48987
9.17 0.48933
9.18 0.48878
9.19 0.48822
9.2 0.48765
9.21 0.48709
9.22 0.48655
9.23 0.48604
9.24 0.48556
9.25 0.48513
9.26 0.48476
9.27 0.48443
9.28 0.48417
9.29 0.48395
9.3 0.48378
9.31 0.48365
9.32 0.48357
9.33 0.48352
9.34 0.48351
9.35 0.48353
9.36 0.48358
9.37 0.48365
9.38 0.48374
9.39 0.48385
9.4 0.48398
9.41 0.48412
9.42 0.48427
9.43 0.48442
9.44 0.48457
9.45 0.48472
9.46 0.48486
9.47 0.48499
9.48 0.48511
9.49 0.48522
9.5 0.48532
9.51 0.48542
9.52 0.48551
9.53 0.48561
9.54 0.4857
9.55 0.4858
9.56 0.48589
9.57 0.48599
9.58 0.48607
9.59 0.48615
9.6 0.48622
9.61 0.48627
9.62 0.4863
9.63 0.48632
9.64 0.48632
9.65 0.48631
9.66 0.48629
9.67 0.48627
9.68 0.48625
9.69 0.48625
9.7 0.48627
9.71 0.48631
9.72 0.4864
9.73 0.48652
9.74 0.4867
9.75 0.48693
9.76 0.48722
9.77 0.48755
9.78 0.48794
9.79 0.48836
9.8 0.48883
9.81 0.48932
9.82 0.48984
9.83 0.49037
9.84 0.49092
9.85 0.49147
9.86 0.49201
9.87 0.49254
9.88 0.49305
9.89 0.49352
9.9 0.49394
9.91 0.49432
9.92 0.49463
9.93 0.4949
9.94 0.49512
9.95 0.49528
9.96 0.49541
9.97 0.49549
9.98 0.49554
9.99 0.49556
10 0.49555
10.01 0.49551
10.02 0.49544
10.03 0.49534
10.04 0.49522
10.05 0.49507
10.06 0.49491
10.07 0.49475
10.08 0.49458
10.09 0.49444
10.1 0.49431
10.11 0.49422
10.12 0.49415
10.13 0.49411
10.14 0.4941
10.15 0.49409
10.16 0.49409
10.17 0.49409
10.18 0.49407
10.19 0.49403
10.2 0.49398
10.21 0.49389
10.22 0.49378
10.23 0.49364
10.24 0.49347
10.25 0.49328
10.26 0.49305
10.27 0.4928
10.28 0.49253
10.29 0.49223
10.3 0.49192
10.31 0.4916
10.32 0.49125
10.33 0.49089
10.34 0.49052
10.35 0.49013
10.36 0.48972
10.37 0.48931
10.38 0.4889
10.39 0.48848
10.4 0.48808
10.41 0.48768
10.42 0.4873
10.43 0.48692
10.44 0.48657
10.45 0.48622
10.46 0.48589
10.47 0.48557
10.48 0.48527
10.49 0.48497
10.5 0.4847
10.51 0.48444
10.52 0.4842
10.53 0.48398
10.54 0.48377
10.55 0.48358
10.56 0.4834
10.57 0.48325
10.58 0.48312
10.59 0.48301
10.6 0.48293
10.61 0.48288
10.62 0.48285
10.63 0.48285
10.64 0.48285
10.65 0.48287
10.66 0.48291
10.67 0.48294
10.68 0.48299
10.69 0.48305
10.7 0.48311
10.71 0.48317
10.72 0.48324
10.73 0.48331
10.74 0.48337
10.75 0.48342
10.76 0.48346
10.77 0.48349
10.78 0.4835
10.79 0.48351
10.8 0.4835
10.81 0.4835
10.82 0.48349
10.83 0.48348
10.84 0.48346
10.85 0.48344
10.86 0.48341
10.87 0.48337
10.88 0.48334
10.89 0.48329
10.9 0.48325
10.91 0.4832
10.92 0.48316
10.93 0.48312
10.94 0.48309
10.95 0.48306
10.96 0.48304
10.97 0.48302
10.98 0.483
10.99 0.48299
11 0.48299
11.01 0.48299
11.02 0.483
11.03 0.48302
11.04 0.48304
11.05 0.48307
11.06 0.4831
11.07 0.48313
11.08 0.48316
11.09 0.48318
11.1 0.48319
11.11 0.48318
11.12 0.48314
11.13 0.48309
11.14 0.48303
11.15 0.48295
11.16 0.48287
11.17 0.48278
11.18 0.4827
11.19 0.48263
11.2 0.48258
11.21 0.48254
11.22 0.48251
11.23 0.4825
11.24 0.48252
11.25 0.48255
11.26 0.48261
11.27 0.48269
11.28 0.48281
11.29 0.48295
11.3 0.48312
11.31 0.48332
11.32 0.48354
11.33 0.48379
11.34 0.48406
11.35 0.48434
11.36 0.48463
11.37 0.48492
11.38 0.48522
11.39 0.48551
11.4 0.48579
11.41 0.48607
11.42 0.48635
11.43 0.48662
11.44 0.48688
11.45 0.48714
11.46 0.48739
11.47 0.48763
11.48 0.48784
11.49 0.48804
11.5 0.48823
11.51 0.48841
11.52 0.48858
11.53 0.48877
11.54 0.48897
11.55 0.48919
11.56 0.48944
11.57 0.48972
11.58 0.49001
11.59 0.49031
11.6 0.49061
11.61 0.49092
11.62 0.49121
11.63 0.4915
11.64 0.49178
11.65 0.49204
11.66 0.4923
11.67 0.49254
11.68 0.49276
11.69 0.49297
11.7 0.49314
11.71 0.49329
11.72 0.49339
11.73 0.49346
11.74 0.49348
11.75 0.49347
11.76 0.49342
11.77 0.49335
11.78 0.49327
11.79 0.49317
11.8 0.49306
11.81 0.49295
11.82 0.49284
11.83 0.49274
11.84 0.49265
11.85 0.49257
11.86 0.49252
11.87 0.49248
11.88 0.49246
11.89 0.49247
11.9 0.49249
11.91 0.49252
11.92 0.49257
11.93 0.49261
11.94 0.49265
11.95 0.49269
11.96 0.49272
11.97 0.49274
11.98 0.49275
11.99 0.49274
12 0.49273
12.01 0.4927
12.02 0.49266
12.03 0.4926
12.04 0.49254
12.05 0.49246
12.06 0.49238
12.07 0.49229
12.08 0.49219
12.09 0.49209
12.1 0.49198
12.11 0.49186
12.12 0.49174
12.13 0.4916
12.14 0.49146
12.15 0.4913
12.16 0.49113
12.17 0.49094
12.18 0.49074
12.19 0.49052
12.2 0.49029
12.21 0.49004
12.22 0.48977
12.23 0.48949
12.24 0.4892
12.25 0.4889
12.26 0.48859
12.27 0.48827
12.28 0.48794
12.29 0.4876
12.3 0.48725
12.31 0.4869
12.32 0.48655
12.33 0.48619
12.34 0.48584
12.35 0.48548
12.36 0.48513
12.37 0.48479
12.38 0.48445
12.39 0.48412
12.4 0.4838
12.41 0.48349
12.42 0.4832
12.43 0.48293
12.44 0.48268
12.45 0.48244
12.46 0.48222
12.47 0.48202
12.48 0.48183
12.49 0.48165
12.5 0.48148
12.51 0.48132
12.52 0.48116
12.53 0.48101
12.54 0.48085
12.55 0.48069
12.56 0.48053
12.57 0.48036
12.58 0.48019
12.59 0.48003
12.6 0.47986
12.61 0.4797
12.62 0.47955
12.63 0.47941
12.64 0.47928
12.65 0.47915
12.66 0.47903
12.67 0.47892
12.68 0.47881
12.69 0.4787
12.7 0.47858
12.71 0.47847
12.72 0.47836
12.73 0.47824
12.74 0.47813
12.75 0.47803
12.76 0.47792
12.77 0.47782
12.78 0.47773
12.79 0.47764
12.8 0.47755
12.81 0.47745
12.82 0.47736
12.83 0.47726
12.84 0.47715
12.85 0.47705
12.86 0.47694
12.87 0.47684
12.88 0.47674
12.89 0.47665
12.9 0.47656
12.91 0.47647
12.92 0.47639
12.93 0.47632
12.94 0.47624
12.95 0.47616
12.96 0.47608
12.97 0.476
12.98 0.47592
12.99 0.47583
13 0.47574
13.01 0.47566
13.02 0.47558
13.03 0.4755
13.04 0.47543
13.05 0.47536
13.06 0.47529
13.07 0.47522
13.08 0.47515
13.09 0.47508
13.1 0.475
13.11 0.47492
13.12 0.47484
13.13 0.47477
13.14 0.47469
13.15 0.47461
13.16 0.47454
13.17 0.47448
13.18 0.47442
13.19 0.47436
13.2 0.47432
13.21 0.47428
13.22 0.47424
13.23 0.4742
13.24 0.47416
13.25 0.47412
13.26 0.47408
13.27 0.47403
13.28 0.47398
13.29 0.47393
13.3 0.47387
13.31 0.47381
13.32 0.47374
13.33 0.47368
13.34 0.47361
13.35 0.47354
13.36 0.47347
13.37 0.4734
13.38 0.47334
13.39 0.47327
13.4 0.47321
13.41 0.47316
13.42 0.47311
13.43 0.47306
13.44 0.47302
13.45 0.47298
13.46 0.47294
13.47 0.4729
13.48 0.47287
13.49 0.47283
13.5 0.4728
13.51 0.47277
13.52 0.47273
13.53 0.47269
13.54 0.47266
13.55 0.47262
13.56 0.47258
13.57 0.47253
13.58 0.47249
13.59 0.47245
13.6 0.47241
13.61 0.47237
13.62 0.47234
13.63 0.47231
13.64 0.47228
13.65 0.47226
13.66 0.47223
13.67 0.47222
13.68 0.4722
13.69 0.47218
13.7 0.47217
13.71 0.47216
13.72 0.47215
13.73 0.47214
13.74 0.47213
13.75 0.47213
13.76 0.47212
13.77 0.47211
13.78 0.4721
13.79 0.47208
13.8 0.47207
13.81 0.47205
13.82 0.47203
13.83 0.472
13.84 0.47198
13.85 0.47196
13.86 0.47194
13.87 0.47191
13.88 0.47189
13.89 0.47188
13.9 0.47186
13.91 0.47184
13.92 0.47182
13.93 0.47181
13.94 0.4718
13.95 0.47178
13.96 0.47177
13.97 0.47175
13.98 0.47173
13.99 0.4717
14 0.47167
14.01 0.47163
14.02 0.47159
14.03 0.47155
14.04 0.4715
14.05 0.47145
14.06 0.4714
14.07 0.47135
14.08 0.47129
14.09 0.47124
14.1 0.47119
14.11 0.47113
14.12 0.47108
14.13 0.47104
14.14 0.47099
14.15 0.47095
14.16 0.47092
14.17 0.47089
14.18 0.47087
14.19 0.47086
14.2 0.47085
14.21 0.47084
14.22 0.47083
14.23 0.47081
14.24 0.47079
14.25 0.47076
14.26 0.47073
14.27 0.47069
14.28 0.47065
14.29 0.4706
14.3 0.47056
14.31 0.47051
14.32 0.47046
14.33 0.47041
14.34 0.47037
14.35 0.47033
14.36 0.4703
14.37 0.47028
14.38 0.47027
14.39 0.47027
14.4 0.47027
14.41 0.47028
14.42 0.47029
14.43 0.4703
14.44 0.47032
14.45 0.47033
14.46 0.47035
14.47 0.47037
14.48 0.47038
14.49 0.47039
14.5 0.47039
14.51 0.4704
14.52 0.4704
14.53 0.4704
14.54 0.4704
14.55 0.4704
14.56 0.4704
14.57 0.47039
14.58 0.47039
14.59 0.47037
14.6 0.47035
14.61 0.47032
14.62 0.47029
14.63 0.47025
14.64 0.47022
14.65 0.47018
14.66 0.47013
14.67 0.4701
14.68 0.47006
14.69 0.47003
14.7 0.47
14.71 0.46998
14.72 0.46997
14.73 0.46996
14.74 0.46995
14.75 0.46995
14.76 0.46995
14.77 0.46994
14.78 0.46993
14.79 0.46992
14.8 0.46991
14.81 0.46989
14.82 0.46987
14.83 0.46985
14.84 0.46983
14.85 0.46981
14.86 0.4698
14.87 0.46979
14.88 0.46978
14.89 0.46977
14.9 0.46977
14.91 0.46977
14.92 0.46977
14.93 0.46978
14.94 0.46978
14.95 0.46979
14.96 0.46979
14.97 0.4698
14.98 0.46981
14.99 0.46983
15 0.46985
15.01 0.46987
15.02 0.46991
15.03 0.46994
15.04 0.46998
15.05 0.47002
15.06 0.47006
15.07 0.4701
15.08 0.47014
15.09 0.47017
15.1 0.47021
15.11 0.47023
15.12 0.47026
15.13 0.47028
15.14 0.47029
15.15 0.4703
15.16 0.4703
15.17 0.4703
15.18 0.4703
15.19 0.47029
15.2 0.47029
15.21 0.47028
15.22 0.47028
15.23 0.47028
15.24 0.47027
15.25 0.47028
15.26 0.47028
15.27 0.47029
15.28 0.4703
15.29 0.47032
15.3 0.47034
15.31 0.47036
15.32 0.47038
15.33 0.4704
15.34 0.47042
15.35 0.47044
15.36 0.47046
15.37 0.47049
15.38 0.47051
15.39 0.47054
15.4 0.47057
15.41 0.4706
15.42 0.47064
15.43 0.47067
15.44 0.4707
15.45 0.47073
15.46 0.47076
15.47 0.47079
15.48 0.47081
15.49 0.47084
15.5 0.47087
15.51 0.47091
15.52 0.47095
15.53 0.47099
15.54 0.47105
15.55 0.47111
15.56 0.47117
15.57 0.47124
15.58 0.47133
15.59 0.47142
15.6 0.47152
15.61 0.47165
15.62 0.47179
15.63 0.47196
15.64 0.47217
15.65 0.47241
15.66 0.47268
15.67 0.47301
15.68 0.47337
15.69 0.47378
15.7 0.47423
15.71 0.47471
15.72 0.47523
15.73 0.47577
15.74 0.47634
15.75 0.47692
15.76 0.47751
15.77 0.47813
15.78 0.47877
15.79 0.47944
15.8 0.48014
15.81 0.48086
15.82 0.48159
15.83 0.48234
15.84 0.48309
15.85 0.48383
15.86 0.48456
15.87 0.48527
15.88 0.48596
15.89 0.48662
15.9 0.48725
15.91 0.48784
15.92 0.48841
15.93 0.48893
15.94 0.48943
15.95 0.48989
15.96 0.49033
15.97 0.49075
15.98 0.49115
15.99 0.49154
16 0.4919
16.01 0.49224
16.02 0.49254
16.03 0.49281
16.04 0.49304
16.05 0.49322
16.06 0.49336
16.07 0.49344
16.08 0.49349
16.09 0.49351
16.1 0.49351
16.11 0.4935
16.12 0.49347
16.13 0.49343
16.14 0.49339
16.15 0.49335
16.16 0.49331
16.17 0.49328
16.18 0.49326
16.19 0.49326
16.2 0.49327
16.21 0.49329
16.22 0.49332
16.23 0.49337
16.24 0.49342
16.25 0.49347
16.26 0.49353
16.27 0.49359
16.28 0.49364
16.29 0.49369
16.3 0.49374
16.31 0.49378
16.32 0.49382
16.33 0.49385
16.34 0.49388
16.35 0.4939
16.36 0.49392
16.37 0.49393
16.38 0.49394
16.39 0.49392
16.4 0.4939
16.41 0.49385
16.42 0.49378
16.43 0.49368
16.44 0.49355
16.45 0.4934
16.46 0.49322
16.47 0.49302
16.48 0.4928
16.49 0.49258
16.5 0.49236
16.51 0.49213
16.52 0.49192
16.53 0.49172
16.54 0.49153
16.55 0.49136
16.56 0.4912
16.57 0.49105
16.58 0.49093
16.59 0.49082
16.6 0.49074
16.61 0.49069
16.62 0.49067
16.63 0.49068
16.64 0.49074
16.65 0.49085
16.66 0.49101
16.67 0.49124
16.68 0.49154
16.69 0.49192
16.7 0.49236
16.71 0.49286
16.72 0.49341
16.73 0.49398
16.74 0.49457
16.75 0.49515
16.76 0.4957
16.77 0.49622
16.78 0.4967
16.79 0.49712
16.8 0.49749
16.81 0.49781
16.82 0.49807
16.83 0.49827
16.84 0.49841
16.85 0.49849
16.86 0.49852
16.87 0.49848
16.88 0.49839
16.89 0.49826
16.9 0.49808
16.91 0.49786
16.92 0.49761
16.93 0.49734
16.94 0.49706
16.95 0.49679
16.96 0.49651
16.97 0.49625
16.98 0.49599
16.99 0.49575
17 0.49553
17.01 0.49532
17.02 0.49512
17.03 0.49494
17.04 0.49478
17.05 0.49465
17.06 0.49453
17.07 0.49444
17.08 0.49437
17.09 0.49432
17.1 0.4943
17.11 0.49431
17.12 0.49435
17.13 0.49443
17.14 0.49456
17.15 0.49474
17.16 0.49497
17.17 0.49525
17.18 0.49558
17.19 0.49595
17.2 0.49636
17.21 0.49678
17.22 0.49722
17.23 0.49764
17.24 0.49805
17.25 0.49842
17.26 0.49874
17.27 0.499
17.28 0.49919
17.29 0.49931
17.3 0.49936
17.31 0.49933
17.32 0.49924
17.33 0.49908
17.34 0.49887
17.35 0.49861
17.36 0.49831
17.37 0.49799
17.38 0.49764
17.39 0.49727
17.4 0.49689
17.41 0.4965
17.42 0.4961
17.43 0.4957
17.44 0.4953
17.45 0.49491
17.46 0.49452
17.47 0.49413
17.48 0.49376
17.49 0.49339
17.5 0.49303
17.51 0.49268
17.52 0.49233
17.53 0.49199
17.54 0.49166
17.55 0.49132
17.56 0.49098
17.57 0.49064
17.58 0.49031
17.59 0.48999
17.6 0.48969
17.61 0.4894
17.62 0.48913
17.63 0.48887
17.64 0.48862
17.65 0.48838
17.66 0.48813
17.67 0.48788
17.68 0.48762
17.69 0.48734
17.7 0.48704
17.71 0.4867
17.72 0.48633
17.73 0.48591
17.74 0.48545
17.75 0.48495
17.76 0.48441
17.77 0.48385
17.78 0.48327
17.79 0.48269
17.8 0.48212
17.81 0.48155
17.82 0.481
17.83 0.48047
17.84 0.47996
17.85 0.47948
17.86 0.47904
17.87 0.47863
17.88 0.47827
17.89 0.47796
17.9 0.4777
17.91 0.47751
17.92 0.47739
17.93 0.47733
17.94 0.47734
17.95 0.4774
17.96 0.47753
17.97 0.47771
17.98 0.47794
17.99 0.47824
18 0.47859
18.01 0.479
18.02 0.47948
18.03 0.48002
18.04 0.48062
18.05 0.48129
18.06 0.48201
18.07 0.48279
18.08 0.48361
18.09 0.48447
18.1 0.48536
18.11 0.48628
18.12 0.48723
18.13 0.4882
18.14 0.48919
18.15 0.49019
18.16 0.4912
18.17 0.49221
18.18 0.4932
18.19 0.49416
18.2 0.49509
18.21 0.49597
18.22 0.49679
18.23 0.49755
18.24 0.49827
18.25 0.49893
18.26 0.49955
18.27 0.50013
18.28 0.5007
18.29 0.50124
18.3 0.50177
18.31 0.5023
18.32 0.50283
18.33 0.50336
18.34 0.50389
18.35 0.50442
18.36 0.50495
18.37 0.50546
18.38 0.50595
18.39 0.50642
18.4 0.50686
18.41 0.50727
18.42 0.50765
18.43 0.508
18.44 0.50832
18.45 0.50861
18.46 0.50887
18.47 0.50911
18.48 0.50933
18.49 0.50953
18.5 0.50971
18.51 0.50989
18.52 0.51006
18.53 0.51023
18.54 0.5104
18.55 0.51057
18.56 0.51076
18.57 0.51094
18.58 0.51112
18.59 0.5113
18.6 0.51147
18.61 0.51162
18.62 0.51176
18.63 0.51187
18.64 0.51197
18.65 0.51203
18.66 0.51207
18.67 0.51208
18.68 0.51206
18.69 0.51201
18.7 0.51193
18.71 0.51182
18.72 0.51168
18.73 0.51152
18.74 0.51133
18.75 0.51114
18.76 0.51092
18.77 0.51068
18.78 0.51041
18.79 0.51012
18.8 0.50978
18.81 0.50939
18.82 0.50894
18.83 0.50843
18.84 0.50784
18.85 0.50718
18.86 0.50645
18.87 0.50566
18.88 0.5048
18.89 0.5039
18.9 0.50296
18.91 0.502
18.92 0.50101
18.93 0.50002
18.94 0.49904
18.95 0.49807
18.96 0.49712
18.97 0.49619
18.98 0.49531
18.99 0.49445
19 0.49363
19.01 0.49285
19.02 0.49211
19.03 0.4914
19.04 0.49074
19.05 0.49012
19.06 0.48954
19.07 0.48903
19.08 0.48859
19.09 0.48821
19.1 0.48789
19.11 0.48765
19.12 0.48746
19.13 0.48733
19.14 0.48724
19.15 0.4872
19.16 0.48719
19.17 0.4872
19.18 0.48724
19.19 0.48729
19.2 0.48735
19.21 0.48743
19.22 0.48751
19.23 0.48761
19.24 0.48773
19.25 0.48787
19.26 0.48804
19.27 0.48824
19.28 0.48849
19.29 0.48877
19.3 0.48909
19.31 0.48947
19.32 0.48988
19.33 0.49034
19.34 0.49083
19.35 0.49136
19.36 0.49192
19.37 0.49249
19.38 0.49307
19.39 0.49366
19.4 0.49422
19.41 0.49477
19.42 0.49529
19.43 0.49576
19.44 0.4962
19.45 0.49658
19.46 0.49692
19.47 0.49722
19.48 0.49749
19.49 0.49774
19.5 0.49797
19.51 0.4982
19.52 0.49844
19.53 0.4987
19.54 0.49899
19.55 0.49931
19.56 0.49968
19.57 0.50008
19.58 0.50052
19.59 0.50099
19.6 0.50146
19.61 0.50192
19.62 0.50234
19.63 0.50272
19.64 0.50304
19.65 0.50329
19.66 0.50349
19.67 0.50363
19.68 0.50373
19.69 0.5038
19.7 0.50384
19.71 0.50386
19.72 0.50387
19.73 0.50389
19.74 0.5039
19.75 0.50391
19.76 0.50392
19.77 0.50393
19.78 0.50394
19.79 0.50395
19.8 0.50396
19.81 0.50397
19.82 0.50398
19.83 0.504
19.84 0.50403
19.85 0.50405
19.86 0.50407
19.87 0.5041
19.88 0.50411
19.89 0.50413
19.9 0.50414
19.91 0.50415
19.92 0.50417
19.93 0.50419
19.94 0.50423
19.95 0.5043
19.96 0.50441
19.97 0.50456
19.98 0.50475
19.99 0.50499
20 0.50527
20.01 0.50558
20.02 0.50589
20.03 0.5062
20.04 0.50649
20.05 0.50674
20.06 0.50695
20.07 0.50711
20.08 0.50723
20.09 0.50729
20.1 0.50731
20.11 0.50728
20.12 0.50721
20.13 0.50708
20.14 0.50692
20.15 0.50672
20.16 0.50647
20.17 0.5062
20.18 0.50588
20.19 0.50554
20.2 0.50517
20.21 0.50478
20.22 0.50437
20.23 0.50394
20.24 0.50352
20.25 0.50309
20.26 0.50267
20.27 0.50227
20.28 0.5019
20.29 0.50155
20.3 0.50125
20.31 0.50098
20.32 0.50076
20.33 0.50059
20.34 0.50046
20.35 0.50039
20.36 0.50036
20.37 0.50038
20.38 0.50044
20.39 0.50054
20.4 0.50068
20.41 0.50083
20.42 0.50101
20.43 0.50121
20.44 0.50143
20.45 0.50167
20.46 0.50193
20.47 0.50223
20.48 0.50255
20.49 0.50289
20.5 0.50324
20.51 0.50361
20.52 0.50398
20.53 0.50435
20.54 0.5047
20.55 0.50505
20.56 0.50537
20.57 0.50567
20.58 0.50595
20.59 0.50621
20.6 0.50646
20.61 0.50672
20.62 0.50698
20.63 0.50725
20.64 0.50755
20.65 0.50788
20.66 0.50823
20.67 0.50862
20.68 0.50905
20.69 0.5095
20.7 0.50996
20.71 0.51043
20.72 0.51089
20.73 0.51133
20.74 0.51176
20.75 0.51218
20.76 0.51259
20.77 0.51299
20.78 0.51337
20.79 0.51376
20.8 0.51413
20.81 0.51448
20.82 0.51481
20.83 0.51511
20.84 0.51536
20.85 0.51558
20.86 0.51574
20.87 0.51585
20.88 0.51592
20.89 0.51595
20.9 0.51595
20.91 0.51592
20.92 0.51588
20.93 0.51582
20.94 0.51576
20.95 0.51569
20.96 0.5156
20.97 0.51551
20.98 0.51541
20.99 0.5153
21 0.51517
21.01 0.51503
21.02 0.51486
21.03 0.51467
21.04 0.51444
21.05 0.51419
21.06 0.51391
21.07 0.5136
21.08 0.51327
21.09 0.51291
21.1 0.51252
21.11 0.51211
21.12 0.51168
21.13 0.51121
21.14 0.51071
21.15 0.51018
21.16 0.5096
21.17 0.50899
21.18 0.50834
21.19 0.50766
21.2 0.50695
21.21 0.50621
21.22 0.50546
21.23 0.50469
21.24 0.50391
21.25 0.50314
21.26 0.50236
21.27 0.5016
21.28 0.50085
21.29 0.50012
21.3 0.4994
21.31 0.49871
21.32 0.49805
21.33 0.49741
21.34 0.49679
21.35 0.49621
21.36 0.49565
21.37 0.49513
21.38 0.49464
21.39 0.49419
21.4 0.49377
21.41 0.49339
21.42 0.49306
21.43 0.49277
21.44 0.49253
21.45 0.49234
21.46 0.49221
21.47 0.49214
21.48 0.49213
21.49 0.49218
21.5 0.49227
21.51 0.49242
21.52 0.49262
21.53 0.49285
21.54 0.49314
21.55 0.49346
21.56 0.49383
21.57 0.49423
21.58 0.49467
21.59 0.49514
21.6 0.49564
21.61 0.49615
21.62 0.49668
21.63 0.49721
21.64 0.49774
21.65 0.49826
21.66 0.49875
21.67 0.49923
21.68 0.49967
21.69 0.50008
21.7 0.50046
21.71 0.5008
21.72 0.50111
21.73 0.50138
21.74 0.5016
21.75 0.50179
21.76 0.50193
21.77 0.50201
21.78 0.50204
21.79 0.50202
21.8 0.50193
21.81 0.50179
21.82 0.50161
21.83 0.50139
21.84 0.50115
21.85 0.50089
21.86 0.50063
21.87 0.50037
21.88 0.50012
21.89 0.49988
21.9 0.49966
21.91 0.49947
21.92 0.49931
21.93 0.49919
21.94 0.4991
21.95 0.49905
21.96 0.49903
21.97 0.49905
21.98 0.49909
21.99 0.49915
22 0.49922
22.01 0.49929
22.02 0.49935
22.03 0.49939
22.04 0.4994
22.05 0.49937
22.06 0.49931
22.07 0.49921
22.08 0.49908
22.09 0.49892
22.1 0.49874
22.11 0.49852
22.12 0.49827
22.13 0.498
22.14 0.49769
22.15 0.49734
22.16 0.49697
22.17 0.49657
22.18 0.49613
22.19 0.49568
22.2 0.4952
22.21 0.4947
22.22 0.4942
22.23 0.49369
22.24 0.49318
22.25 0.49267
22.26 0.49217
22.27 0.49168
22.28 0.49121
22.29 0.49079
22.3 0.49041
22.31 0.49008
22.32 0.48983
22.33 0.48964
22.34 0.48953
22.35 0.48949
22.36 0.48951
22.37 0.4896
22.38 0.48974
22.39 0.48992
22.4 0.49015
22.41 0.4904
22.42 0.49068
22.43 0.49098
22.44 0.49129
22.45 0.49163
22.46 0.49198
22.47 0.49233
22.48 0.49267
22.49 0.49301
22.5 0.49334
22.51 0.49366
22.52 0.49396
22.53 0.49426
22.54 0.49455
22.55 0.49484
22.56 0.49512
22.57 0.49538
22.58 0.49563
22.59 0.49586
22.6 0.49606
22.61 0.49624
22.62 0.4964
22.63 0.49655
22.64 0.49669
22.65 0.49683
22.66 0.49698
22.67 0.49713
22.68 0.49729
22.69 0.49745
22.7 0.49762
22.71 0.49779
22.72 0.49796
22.73 0.49814
22.74 0.49833
22.75 0.49854
22.76 0.49877
22.77 0.49901
22.78 0.49926
22.79 0.49951
22.8 0.49976
22.81 0.50001
22.82 0.50026
22.83 0.50049
22.84 0.50072
22.85 0.50094
22.86 0.50117
22.87 0.5014
22.88 0.50165
22.89 0.50191
22.9 0.50218
22.91 0.50248
22.92 0.50279
22.93 0.50312
22.94 0.50346
22.95 0.50383
22.96 0.50423
22.97 0.50466
22.98 0.50511
22.99 0.50559
23 0.50608
23.01 0.50658
23.02 0.50706
23.03 0.50753
23.04 0.50796
23.05 0.50836
23.06 0.50871
23.07 0.50901
23.08 0.50927
23.09 0.50946
23.1 0.50961
23.11 0.50969
23.12 0.50972
23.13 0.50969
23.14 0.5096
23.15 0.50947
23.16 0.50929
23.17 0.50908
23.18 0.50885
23.19 0.50859
23.2 0.50833
23.21 0.50806
23.22 0.50779
23.23 0.5075
23.24 0.5072
23.25 0.50688
23.26 0.50653
23.27 0.50614
23.28 0.5057
23.29 0.50522
23.3 0.5047
23.31 0.50413
23.32 0.50354
23.33 0.50294
23.34 0.50234
23.35 0.50175
23.36 0.50119
23.37 0.50066
23.38 0.50017
23.39 0.49973
23.4 0.49932
23.41 0.49895
23.42 0.49861
23.43 0.49828
23.44 0.49797
23.45 0.49766
23.46 0.49734
23.47 0.49701
23.48 0.49665
23.49 0.49626
23.5 0.49585
23.51 0.4954
23.52 0.49492
23.53 0.49441
23.54 0.49388
23.55 0.49333
23.56 0.49277
23.57 0.49221
23.58 0.49165
23.59 0.49111
23.6 0.49059
23.61 0.49009
23.62 0.48961
23.63 0.48917
23.64 0.48875
23.65 0.48837
23.66 0.48802
23.67 0.48769
23.68 0.48739
23.69 0.48713
23.7 0.4869
23.71 0.4867
23.72 0.48655
23.73 0.48644
23.74 0.48638
23.75 0.48636
23.76 0.48638
23.77 0.48643
23.78 0.48649
23.79 0.48656
23.8 0.48661
23.81 0.48665
23.82 0.48665
23.83 0.48661
23.84 0.48653
23.85 0.48641
23.86 0.48625
23.87 0.48606
23.88 0.48584
23.89 0.4856
23.9 0.48534
23.91 0.48508
23.92 0.48481
23.93 0.48455
23.94 0.48429
23.95 0.48404
23.96 0.4838
23.97 0.48357
23.98 0.48336
23.99 0.48315
24 0.48295
24.01 0.48277
24.02 0.4826
24.03 0.48244
24.04 0.48231
24.05 0.48219
24.06 0.48209
24.07 0.48201
24.08 0.48194
24.09 0.48188
24.1 0.48183
24.11 0.48178
24.12 0.48173
24.13 0.48168
24.14 0.48163
24.15 0.48158
24.16 0.48153
24.17 0.48147
24.18 0.48142
24.19 0.48137
24.2 0.48132
24.21 0.48127
24.22 0.48123
24.23 0.48119
24.24 0.48115
24.25 0.4811
24.26 0.48104
24.27 0.48095
24.28 0.48085
24.29 0.48072
24.3 0.48057
24.31 0.4804
24.32 0.48022
24.33 0.48003
24.34 0.47985
24.35 0.47969
24.36 0.47955
24.37 0.47944
24.38 0.47938
24.39 0.47937
24.4 0.47939
24.41 0.47946
24.42 0.47956
24.43 0.47969
24.44 0.47985
24.45 0.48001
24.46 0.48019
24.47 0.48038
24.48 0.48057
24.49 0.48077
24.5 0.48097
24.51 0.48119
24.52 0.48141
24.53 0.48164
24.54 0.48187
24.55 0.48211
24.56 0.48235
24.57 0.48259
24.58 0.48281
24.59 0.48303
24.6 0.48323
24.61 0.48341
24.62 0.48357
24.63 0.48371
24.64 0.48382
24.65 0.48392
24.66 0.484
24.67 0.48406
24.68 0.4841
24.69 0.48414
24.7 0.48415
24.71 0.48416
24.72 0.48416
24.73 0.48416
24.74 0.48415
24.75 0.48413
24.76 0.48412
24.77 0.4841
24.78 0.48408
24.79 0.48407
24.8 0.48406
24.81 0.48406
24.82 0.48408
24.83 0.48411
24.84 0.48418
24.85 0.48428
24.86 0.48441
24.87 0.48459
24.88 0.48481
24.89 0.48509
24.9 0.48542
24.91 0.4858
24.92 0.48623
24.93 0.4867
24.94 0.4872
24.95 0.4877
24.96 0.48821
24.97 0.4887
24.98 0.48917
24.99 0.48962
25 0.49003
25.01 0.49042
25.02 0.49079
25.03 0.49114
25.04 0.49149
25.05 0.49184
25.06 0.49221
25.07 0.4926
25.08 0.49303
25.09 0.4935
25.1 0.49401
25.11 0.49457
25.12 0.49516
25.13 0.49578
25.14 0.49642
25.15 0.49708
25.16 0.49775
25.17 0.49843
25.18 0.49914
25.19 0.49988
25.2 0.50066
25.21 0.50146
25.22 0.50228
25.23 0.50313
25.24 0.50397
25.25 0.5048
25.26 0.5056
25.27 0.50637
25.28 0.50709
25.29 0.50774
25.3 0.50834
25.31 0.50887
25.32 0.50934
25.33 0.50976
25.34 0.51013
25.35 0.51046
25.36 0.51075
25.37 0.511
25.38 0.51122
25.39 0.5114
25.4 0.51154
25.41 0.51165
25.42 0.51171
25.43 0.51173
25.44 0.51172
25.45 0.51167
25.46 0.51158
25.47 0.51146
25.48 0.51132
25.49 0.51115
25.5 0.51097
25.51 0.51078
25.52 0.51061
25.53 0.51044
25.54 0.51028
25.55 0.51014
25.56 0.51001
25.57 0.50988
25.58 0.50975
25.59 0.50961
25.6 0.50946
25.61 0.50928
25.62 0.50908
25.63 0.50886
25.64 0.50863
25.65 0.50839
25.66 0.50816
25.67 0.50795
25.68 0.50774
25.69 0.50756
25.7 0.50739
25.71 0.50725
25.72 0.50712
25.73 0.50701
25.74 0.50692
25.75 0.50684
25.76 0.50679
25.77 0.50676
25.78 0.50677
25.79 0.50681
25.8 0.5069
25.81 0.50704
25.82 0.50724
25.83 0.50749
25.84 0.5078
25.85 0.50818
25.86 0.50861
25.87 0.50909
25.88 0.50962
25.89 0.51019
25.9 0.5108
25.91 0.51144
25.92 0.5121
25.93 0.51279
25.94 0.51351
25.95 0.51424
25.96 0.515
25.97 0.51576
25.98 0.51654
25.99 0.51732
26 0.5181
26.01 0.51887
26.02 0.51961
26.03 0.52032
26.04 0.52098
26.05 0.52158
26.06 0.5221
26.07 0.52253
26.08 0.52287
26.09 0.5231
26.1 0.52322
26.11 0.52324
26.12 0.52316
26.13 0.52299
26.14 0.52272
26.15 0.52238
26.16 0.52198
26.17 0.52151
26.18 0.521
26.19 0.52046
26.2 0.51988
26.21 0.51928
26.22 0.51867
26.23 0.51805
26.24 0.51744
26.25 0.51682
26.26 0.51621
26.27 0.5156
26.28 0.51499
26.29 0.51438
26.3 0.51377
26.31 0.51316
26.32 0.51254
26.33 0.51194
26.34 0.51135
26.35 0.51079
26.36 0.51026
26.37 0.50978
26.38 0.50933
26.39 0.50893
26.4 0.50855
26.41 0.50821
26.42 0.50788
26.43 0.50755
26.44 0.50721
26.45 0.50685
26.46 0.50647
26.47 0.50606
26.48 0.50563
26.49 0.50518
26.5 0.50473
26.51 0.50429
26.52 0.50385
26.53 0.50344
26.54 0.50305
26.55 0.50269
26.56 0.50235
26.57 0.50205
26.58 0.50175
26.59 0.50147
26.6 0.50119
26.61 0.5009
26.62 0.5006
26.63 0.50029
26.64 0.49997
26.65 0.49964
26.66 0.49932
26.67 0.499
26.68 0.49871
26.69 0.49845
26.7 0.49822
26.71 0.49804
26.72 0.49791
26.73 0.49785
26.74 0.49787
26.75 0.49796
26.76 0.49815
26.77 0.49842
26.78 0.49879
26.79 0.49924
26.8 0.49978
26.81 0.50042
26.82 0.50114
26.83 0.50197
26.84 0.5029
26.85 0.50394
26.86 0.50509
26.87 0.50634
26.88 0.50767
26.89 0.50905
26.9 0.51047
26.91 0.51189
26.92 0.51326
26.93 0.51455
26.94 0.51573
26.95 0.51676
26.96 0.51762
26.97 0.51828
26.98 0.51874
26.99 0.51899
27 0.51904
27.01 0.51893
27.02 0.51867
27.03 0.51831
27.04 0.51789
27.05 0.51745
27.06 0.51703
27.07 0.51665
27.08 0.51634
27.09 0.51611
27.1 0.51597
27.11 0.51593
27.12 0.51599
27.13 0.51615
27.14 0.51643
27.15 0.51681
27.16 0.51728
27.17 0.51784
27.18 0.51847
27.19 0.51915
27.2 0.51989
27.21 0.52066
27.22 0.52147
27.23 0.52232
27.24 0.52321
27.25 0.52414
27.26 0.5251
27.27 0.5261
27.28 0.52711
27.29 0.52815
27.3 0.52918
27.31 0.5302
27.32 0.5312
27.33 0.53215
27.34 0.53305
27.35 0.53386
27.36 0.53459
27.37 0.53521
27.38 0.53571
27.39 0.53608
27.4 0.53631
27.41 0.5364
27.42 0.53635
27.43 0.53617
27.44 0.53586
27.45 0.53544
27.46 0.53491
27.47 0.53431
27.48 0.53365
27.49 0.53295
27.5 0.53223
27.51 0.53152
27.52 0.53084
27.53 0.53021
27.54 0.52966
27.55 0.5292
27.56 0.52882
27.57 0.52854
27.58 0.52833
27.59 0.52819
27.6 0.52811
27.61 0.5281
27.62 0.52813
27.63 0.52821
27.64 0.52832
27.65 0.52842
27.66 0.52849
27.67 0.5285
27.68 0.52841
27.69 0.52818
27.7 0.52782
27.71 0.5273
27.72 0.52663
27.73 0.52584
27.74 0.52496
27.75 0.524
27.76 0.52302
27.77 0.52202
27.78 0.52104
27.79 0.52007
27.8 0.51912
27.81 0.51818
27.82 0.51726
27.83 0.51634
27.84 0.51544
27.85 0.51456
27.86 0.51369
27.87 0.51283
27.88 0.51199
27.89 0.51117
27.9 0.51036
27.91 0.50957
27.92 0.5088
27.93 0.50806
27.94 0.50735
27.95 0.50666
27.96 0.50602
27.97 0.5054
27.98 0.5048
27.99 0.50423
28 0.50369
28.01 0.50317
28.02 0.50268
28.03 0.50223
28.04 0.50184
28.05 0.50152
28.06 0.50129
28.07 0.50114
28.08 0.50108
28.09 0.5011
28.1 0.50119
28.11 0.50135
28.12 0.50156
28.13 0.50181
28.14 0.50209
28.15 0.50238
28.16 0.50269
28.17 0.503
28.18 0.50331
28.19 0.50362
28.2 0.50392
28.21 0.50422
28.22 0.50452
28.23 0.50482
28.24 0.50513
28.25 0.50544
28.26 0.50574
28.27 0.50605
28.28 0.50633
28.29 0.50661
28.3 0.50686
28.31 0.5071
28.32 0.50733
28.33 0.50755
28.34 0.50778
28.35 0.50801
28.36 0.50826
28.37 0.50852
28.38 0.5088
28.39 0.5091
28.4 0.50941
28.41 0.50973
28.42 0.51004
28.43 0.51035
28.44 0.51064
28.45 0.51091
28.46 0.51116
28.47 0.51138
28.48 0.51158
28.49 0.51175
28.5 0.51189
28.51 0.51201
28.52 0.51209
28.53 0.51215
28.54 0.51218
28.55 0.5122
28.56 0.5122
28.57 0.51219
28.58 0.51217
28.59 0.51214
28.6 0.5121
28.61 0.51205
28.62 0.512
28.63 0.51193
28.64 0.51184
28.65 0.51174
28.66 0.51162
28.67 0.51148
28.68 0.51132
28.69 0.51114
28.7 0.51096
28.71 0.51077
28.72 0.51059
28.73 0.51042
28.74 0.51027
28.75 0.51014
28.76 0.51003
28.77 0.50996
28.78 0.50992
28.79 0.50991
28.8 0.50994
28.81 0.51001
28.82 0.51011
28.83 0.51024
28.84 0.51039
28.85 0.51057
28.86 0.51076
28.87 0.51098
28.88 0.51122
28.89 0.51148
28.9 0.51176
28.91 0.51206
28.92 0.51237
28.93 0.5127
28.94 0.51302
28.95 0.51333
28.96 0.51363
28.97 0.51391
28.98 0.51417
28.99 0.51439
29 0.51458
29.01 0.51475
29.02 0.51488
29.03 0.51498
29.04 0.51506
29.05 0.5151
29.06 0.51512
29.07 0.51512
29.08 0.5151
29.09 0.51508
29.1 0.51505
29.11 0.51504
29.12 0.51503
29.13 0.51504
29.14 0.51506
29.15 0.51508
29.16 0.5151
29.17 0.51512
29.18 0.51511
29.19 0.51508
29.2 0.51501
29.21 0.51492
29.22 0.5148
29.23 0.51466
29.24 0.51451
29.25 0.51434
29.26 0.51418
29.27 0.51402
29.28 0.51387
29.29 0.51372
29.3 0.51358
29.31 0.51344
29.32 0.51331
29.33 0.51317
29.34 0.51303
29.35 0.51289
29.36 0.51274
29.37 0.51259
29.38 0.51241
29.39 0.51223
29.4 0.51202
29.41 0.51179
29.42 0.51155
29.43 0.51129
29.44 0.51101
29.45 0.51071
29.46 0.5104
29.47 0.51006
29.48 0.5097
29.49 0.50933
29.5 0.50894
29.51 0.50855
29.52 0.50815
29.53 0.50776
29.54 0.50738
29.55 0.50701
29.56 0.50666
29.57 0.50632
29.58 0.50599
29.59 0.50566
29.6 0.50533
29.61 0.505
29.62 0.50467
29.63 0.50432
29.64 0.50397
29.65 0.5036
29.66 0.50322
29.67 0.50282
29.68 0.50242
29.69 0.50201
29.7 0.50159
29.71 0.50119
29.72 0.50079
29.73 0.50042
29.74 0.50008
29.75 0.49977
29.76 0.49948
29.77 0.49923
29.78 0.49901
29.79 0.49882
29.8 0.49865
29.81 0.4985
29.82 0.49837
29.83 0.49827
29.84 0.49819
29.85 0.49813
29.86 0.49809
29.87 0.49809
29.88 0.4981
29.89 0.49814
29.9 0.49821
29.91 0.4983
29.92 0.49841
29.93 0.49855
29.94 0.4987
29.95 0.49888
29.96 0.49906
29.97 0.49924
29.98 0.49943
29.99 0.49961
30 0.49977
30.01 0.49992
30.02 0.50004
30.03 0.50014
30.04 0.50022
30.05 0.50026
30.06 0.50027
30.07 0.50025
30.08 0.50021
30.09 0.50015
30.1 0.50008
30.11 0.50001
30.12 0.49993
30.13 0.49986
30.14 0.49981
30.15 0.49976
30.16 0.49972
30.17 0.4997
30.18 0.49968
30.19 0.49966
30.2 0.49965
30.21 0.49964
30.22 0.49962
30.23 0.49961
30.24 0.4996
30.25 0.49958
30.26 0.49957
30.27 0.49957
30.28 0.49957
30.29 0.49957
30.3 0.49959
30.31 0.49961
30.32 0.49964
30.33 0.49967
30.34 0.49971
30.35 0.49974
30.36 0.49978
30.37 0.49981
30.38 0.49984
30.39 0.49987
30.4 0.49989
30.41 0.49991
30.42 0.49992
30.43 0.49992
30.44 0.49992
30.45 0.49991
30.46 0.4999
30.47 0.49988
30.48 0.49986
30.49 0.49985
30.5 0.49983
30.51 0.49981
30.52 0.4998
30.53 0.49979
30.54 0.49978
30.55 0.49978
30.56 0.49978
30.57 0.49978
30.58 0.4998
30.59 0.49981
30.6 0.49983
30.61 0.49985
30.62 0.49988
30.63 0.4999
30.64 0.49992
30.65 0.49994
30.66 0.49996
30.67 0.49998
30.68 0.49999
30.69 0.5
30.7 0.5
30.71 0.5
30.72 0.5
30.73 0.49998
30.74 0.49997
30.75 0.49995
30.76 0.49993
30.77 0.4999
30.78 0.49987
30.79 0.49984
30.8 0.4998
30.81 0.49977
30.82 0.49973
30.83 0.4997
30.84 0.49966
30.85 0.49963
30.86 0.49959
30.87 0.49955
30.88 0.4995
30.89 0.49946
30.9 0.49942
30.91 0.49937
30.92 0.49932
30.93 0.49927
30.94 0.49921
30.95 0.49916
30.96 0.4991
30.97 0.49904
30.98 0.49897
30.99 0.49891
31 0.49884
31.01 0.49876
31.02 0.49868
31.03 0.4986
31.04 0.49851
31.05 0.49842
31.06 0.49832
31.07 0.4982
31.08 0.49808
31.09 0.49794
31.1 0.4978
31.11 0.49764
31.12 0.49747
31.13 0.49729
31.14 0.4971
31.15 0.4969
31.16 0.4967
31.17 0.49649
31.18 0.49628
31.19 0.49608
31.2 0.49587
31.21 0.49566
31.22 0.49546
31.23 0.49527
31.24 0.49509
31.25 0.49491
31.26 0.49475
31.27 0.4946
31.28 0.49446
31.29 0.49433
31.3 0.49421
31.31 0.4941
31.32 0.494
31.33 0.4939
31.34 0.4938
31.35 0.49371
31.36 0.49361
31.37 0.4935
31.38 0.49339
31.39 0.49327
31.4 0.49314
31.41 0.49301
31.42 0.49288
31.43 0.49275
31.44 0.49262
31.45 0.49249
31.46 0.49238
31.47 0.49226
31.48 0.49215
31.49 0.49204
31.5 0.49194
31.51 0.49183
31.52 0.49173
31.53 0.49164
31.54 0.49154
31.55 0.49146
31.56 0.49138
31.57 0.4913
31.58 0.49122
31.59 0.49115
31.6 0.49108
31.61 0.49101
31.62 0.49094
31.63 0.49088
31.64 0.49082
31.65 0.49076
31.66 0.4907
31.67 0.49064
31.68 0.49059
31.69 0.49053
31.7 0.49049
31.71 0.49044
31.72 0.4904
31.73 0.49036
31.74 0.49032
31.75 0.4903
31.76 0.49027
31.77 0.49026
31.78 0.49025
31.79 0.49025
31.8 0.49025
31.81 0.49027
31.82 0.49029
31.83 0.49032
31.84 0.49036
31.85 0.49039
31.86 0.49044
31.87 0.49048
31.88 0.49053
31.89 0.49058
31.9 0.49063
31.91 0.49068
31.92 0.49072
31.93 0.49076
31.94 0.4908
31.95 0.49083
31.96 0.49085
31.97 0.49088
31.98 0.4909
31.99 0.49092
32 0.49094
32.01 0.49096
32.02 0.49098
32.03 0.49101
32.04 0.49104
32.05 0.49108
32.06 0.49112
32.07 0.49117
32.08 0.49122
32.09 0.49127
32.1 0.49132
32.11 0.49138
32.12 0.49143
32.13 0.49149
32.14 0.49154
32.15 0.49159
32.16 0.49164
32.17 0.49169
32.18 0.49174
32.19 0.49179
32.2 0.49183
32.21 0.49188
32.22 0.49192
32.23 0.49196
32.24 0.492
32.25 0.49203
32.26 0.49207
32.27 0.4921
32.28 0.49213
32.29 0.49216
32.3 0.4922
32.31 0.49223
32.32 0.49227
32.33 0.49231
32.34 0.49235
32.35 0.4924
32.36 0.49244
32.37 0.49249
32.38 0.49254
32.39 0.49259
32.4 0.49263
32.41 0.49267
32.42 0.4927
32.43 0.49272
32.44 0.49274
32.45 0.49276
32.46 0.49277
32.47 0.49278
32.48 0.49278
32.49 0.49278
32.5 0.49277
32.51 0.49276
32.52 0.49276
32.53 0.49275
32.54 0.49274
32.55 0.49273
32.56 0.49272
32.57 0.49271
32.58 0.4927
32.59 0.49269
32.6 0.49269
32.61 0.49268
32.62 0.49268
32.63 0.49268
32.64 0.49269
32.65 0.49269
32.66 0.4927
32.67 0.49271
32.68 0.49272
32.69 0.49274
32.7 0.49276
32.71 0.49278
32.72 0.4928
32.73 0.49282
32.74 0.49285
32.75 0.49288
32.76 0.49291
32.77 0.49295
32.78 0.49298
32.79 0.49301
32.8 0.49304
32.81 0.49307
32.82 0.49309
32.83 0.4931
32.84 0.49311
32.85 0.4931
32.86 0.49309
32.87 0.49307
32.88 0.49304
32.89 0.49301
32.9 0.49296
32.91 0.49292
32.92 0.49286
32.93 0.49281
32.94 0.49275
32.95 0.49269
32.96 0.49263
32.97 0.49258
32.98 0.49254
32.99 0.4925
33 0.49247
33.01 0.49244
33.02 0.49242
33.03 0.49241
33.04 0.4924
33.05 0.49239
33.06 0.49237
33.07 0.49235
33.08 0.49233
33.09 0.4923
33.1 0.49227
33.11 0.49223
33.12 0.49218
33.13 0.49213
33.14 0.49208
33.15 0.49203
33.16 0.49197
33.17 0.49191
33.18 0.49186
33.19 0.49181
33.2 0.49175
33.21 0.4917
33.22 0.49165
33.23 0.4916
33.24 0.49154
33.25 0.49149
33.26 0.49143
33.27 0.49137
33.28 0.49131
33.29 0.49125
33.3 0.49118
33.31 0.49111
33.32 0.49104
33.33 0.49098
33.34 0.49091
33.35 0.49084
33.36 0.49077
33.37 0.4907
33.38 0.49064
33.39 0.49058
33.4 0.49052
33.41 0.49046
33.42 0.49041
33.43 0.49036
33.44 0.49032
33.45 0.49028
33.46 0.49025
33.47 0.49022
33.48 0.49019
33.49 0.49017
33.5 0.49015
33.51 0.49014
33.52 0.49012
33.53 0.49011
33.54 0.49009
33.55 0.49007
33.56 0.49005
33.57 0.49003
33.58 0.49
33.59 0.48997
33.6 0.48993
33.61 0.4899
33.62 0.48987
33.63 0.48983
33.64 0.48981
33.65 0.48978
33.66 0.48976
33.67 0.48974
33.68 0.48972
33.69 0.48971
33.7 0.4897
33.71 0.48969
33.72 0.48968
33.73 0.48967
33.74 0.48965
33.75 0.48964
33.76 0.48962
33.77 0.4896
33.78 0.48959
33.79 0.48957
33.8 0.48955
33.81 0.48953
33.82 0.48951
33.83 0.48949
33.84 0.48947
33.85 0.48945
33.86 0.48943
33.87 0.4894
33.88 0.48938
33.89 0.48936
33.9 0.48933
33.91 0.48931
33.92 0.48929
33.93 0.48927
33.94 0.48925
33.95 0.48923
33.96 0.48921
33.97 0.4892
33.98 0.4892
33.99 0.4892
34 0.4892
34.01 0.48921
34.02 0.48922
34.03 0.48924
34.04 0.48926
34.05 0.48929
34.06 0.48932
34.07 0.48935
34.08 0.48938
34.09 0.48941
34.1 0.48945
34.11 0.48949
34.12 0.48953
34.13 0.48958
34.14 0.48963
34.15 0.48967
34.16 0.48972
34.17 0.48976
34.18 0.4898
34.19 0.48984
34.2 0.48987
34.21 0.4899
34.22 0.48992
34.23 0.48994
34.24 0.48996
34.25 0.48997
34.26 0.48999
34.27 0.49
34.28 0.49
34.29 0.49
34.3 0.48999
34.31 0.48998
34.32 0.48997
34.33 0.48995
34.34 0.48992
34.35 0.4899
34.36 0.48987
34.37 0.48984
34.38 0.4898
34.39 0.48977
34.4 0.48973
34.41 0.48969
34.42 0.48965
34.43 0.4896
34.44 0.48956
34.45 0.48952
34.46 0.48948
34.47 0.48943
34.48 0.48939
34.49 0.48935
34.5 0.48931
34.51 0.48927
34.52 0.48923
34.53 0.4892
34.54 0.48916
34.55 0.48912
34.56 0.48909
34.57 0.48905
34.58 0.48902
34.59 0.48898
34.6 0.48895
34.61 0.48892
34.62 0.48889
34.63 0.48886
34.64 0.48884
34.65 0.48882
34.66 0.4888
34.67 0.48878
34.68 0.48876
34.69 0.48875
34.7 0.48873
34.71 0.48872
34.72 0.48871
34.73 0.4887
34.74 0.4887
34.75 0.48871
34.76 0.48872
34.77 0.48875
34.78 0.48878
34.79 0.48883
34.8 0.48888
34.81 0.48895
34.82 0.48901
34.83 0.48908
34.84 0.48914
34.85 0.4892
34.86 0.48925
34.87 0.4893
34.88 0.48934
34.89 0.48937
34.9 0.48939
34.91 0.48941
34.92 0.48942
34.93 0.48943
34.94 0.48943
34.95 0.48943
34.96 0.48943
34.97 0.48942
34.98 0.48941
34.99 0.48939
35 0.48936
35.01 0.48933
35.02 0.48928
35.03 0.48923
35.04 0.48916
35.05 0.4891
35.06 0.48902
35.07 0.48895
35.08 0.48888
35.09 0.4888
35.1 0.48873
35.11 0.48866
35.12 0.48859
35.13 0.48852
35.14 0.48846
35.15 0.48839
35.16 0.48833
35.17 0.48827
35.18 0.48821
35.19 0.48815
35.2 0.48809
35.21 0.48804
35.22 0.488
35.23 0.48796
35.24 0.48792
35.25 0.4879
35.26 0.48788
35.27 0.48787
35.28 0.48786
35.29 0.48786
35.3 0.48787
35.31 0.48788
35.32 0.48789
35.33 0.4879
35.34 0.48791
35.35 0.48792
35.36 0.48793
35.37 0.48794
35.38 0.48794
35.39 0.48794
35.4 0.48794
35.41 0.48793
35.42 0.48793
35.43 0.48792
35.44 0.48791
35.45 0.48789
35.46 0.48788
35.47 0.48786
35.48 0.48784
35.49 0.48782
35.5 0.48781
35.51 0.48779
35.52 0.48778
35.53 0.48777
35.54 0.48777
35.55 0.48777
35.56 0.48777
35.57 0.48777
35.58 0.48778
35.59 0.48779
35.6 0.48779
35.61 0.4878
35.62 0.48781
35.63 0.48782
35.64 0.48783
35.65 0.48785
35.66 0.48788
35.67 0.48791
35.68 0.48795
35.69 0.488
35.7 0.48805
35.71 0.48811
35.72 0.48817
35.73 0.48824
35.74 0.48831
35.75 0.48837
35.76 0.48844
35.77 0.4885
35.78 0.48856
35.79 0.48861
35.8 0.48866
35.81 0.48871
35.82 0.48876
35.83 0.4888
35.84 0.48884
35.85 0.48888
35.86 0.48892
35.87 0.48896
35.88 0.489
35.89 0.48904
35.9 0.48908
35.91 0.48911
35.92 0.48914
35.93 0.48917
35.94 0.4892
35.95 0.48922
35.96 0.48924
35.97 0.48926
35.98 0.48928
35.99 0.48929
36 0.4893
36.01 0.48931
36.02 0.48932
36.03 0.48934
36.04 0.48935
36.05 0.48936
36.06 0.48938
36.07 0.4894
36.08 0.48942
36.09 0.48944
36.1 0.48945
36.11 0.48946
36.12 0.48947
36.13 0.48947
36.14 0.48947
36.15 0.48946
36.16 0.48945
36.17 0.48943
36.18 0.48942
