0 -1.2709
0.01 -1.2703
0.02 -1.2697
0.03 -1.269
0.04 -1.2682
0.05 -1.2673
0.06 -1.2664
0.07 -1.2655
0.08 -1.2645
0.09 -1.2635
0.1 -1.2625
0.11 -1.2617
0.12 -1.2608
0.13 -1.2602
0.14 -1.2596
0.15 -1.2592
0.16 -1.259
0.17 -1.259
0.18 -1.2592
0.19 -1.2595
0.2 -1.2598
0.21 -1.2603
0.22 -1.2607
0.23 -1.2612
0.24 -1.2617
0.25 -1.2622
0.26 -1.2626
0.27 -1.263
0.28 -1.2633
0.29 -1.2635
0.3 -1.2637
0.31 -1.2638
0.32 -1.2638
0.33 -1.2637
0.34 -1.2635
0.35 -1.2632
0.36 -1.2628
0.37 -1.2624
0.38 -1.262
0.39 -1.2616
0.4 -1.2613
0.41 -1.2611
0.42 -1.261
0.43 -1.2611
0.44 -1.2612
0.45 -1.2613
0.46 -1.2616
0.47 -1.2619
0.48 -1.2621
0.49 -1.2623
0.5 -1.2624
0.51 -1.2625
0.52 -1.2625
0.53 -1.2625
0.54 -1.2625
0.55 -1.2625
0.56 -1.2626
0.57 -1.2628
0.58 -1.263
0.59 -1.2632
0.6 -1.2634
0.61 -1.2636
0.62 -1.2638
0.63 -1.264
0.64 -1.2642
0.65 -1.2645
0.66 -1.2649
0.67 -1.2653
0.68 -1.2659
0.69 -1.2666
0.7 -1.2674
0.71 -1.2682
0.72 -1.269
0.73 -1.27
0.74 -1.2709
0.75 -1.2719
0.76 -1.2729
0.77 -1.2739
0.78 -1.2749
0.79 -1.2759
0.8 -1.2768
0.81 -1.2778
0.82 -1.2787
0.83 -1.2796
0.84 -1.2806
0.85 -1.2817
0.86 -1.2828
0.87 -1.2841
0.88 -1.2855
0.89 -1.2871
0.9 -1.2888
0.91 -1.2906
0.92 -1.2925
0.93 -1.2945
0.94 -1.2966
0.95 -1.2989
0.96 -1.3013
0.97 -1.3039
0.98 -1.3068
0.99 -1.3098
1 -1.313
1.01 -1.3162
1.02 -1.3195
1.03 -1.3228
1.04 -1.3259
1.05 -1.3288
1.06 -1.3315
1.07 -1.3339
1.08 -1.3361
1.09 -1.338
1.1 -1.3397
1.11 -1.3413
1.12 -1.3429
1.13 -1.3445
1.14 -1.346
1.15 -1.3476
1.16 -1.3492
1.17 -1.3508
1.18 -1.3523
1.19 -1.3536
1.2 -1.3549
1.21 -1.356
1.22 -1.357
1.23 -1.358
1.24 -1.3591
1.25 -1.3603
1.26 -1.3616
1.27 -1.363
1.28 -1.3645
1.29 -1.3662
1.3 -1.368
1.31 -1.3699
1.32 -1.3717
1.33 -1.3736
1.34 -1.3754
1.35 -1.3771
1.36 -1.3786
1.37 -1.3799
1.38 -1.3811
1.39 -1.3821
1.4 -1.3828
1.41 -1.3833
1.42 -1.3837
1.43 -1.3838
1.44 -1.3837
1.45 -1.3835
1.46 -1.383
1.47 -1.3822
1.48 -1.3812
1.49 -1.3798
1.5 -1.378
1.51 -1.3759
1.52 -1.3733
1.53 -1.3703
1.54 -1.3669
1.55 -1.3631
1.56 -1.3592
1.57 -1.3549
1.58 -1.3505
1.59 -1.3459
1.6 -1.3411
1.61 -1.3362
1.62 -1.3312
1.63 -1.3261
1.64 -1.3211
1.65 -1.3162
1.66 -1.3115
1.67 -1.3071
1.68 -1.3029
1.69 -1.2991
1.7 -1.2956
1.71 -1.2923
1.72 -1.2894
1.73 -1.2867
1.74 -1.2843
1.75 -1.2822
1.76 -1.2803
1.77 -1.2788
1.78 -1.2776
1.79 -1.2768
1.8 -1.2764
1.81 -1.2764
1.82 -1.2768
1.83 -1.2776
1.84 -1.2788
1.85 -1.2804
1.86 -1.2822
1.87 -1.2842
1.88 -1.2864
1.89 -1.2887
1.9 -1.2911
1.91 -1.2936
1.92 -1.296
1.93 -1.2984
1.94 -1.3006
1.95 -1.3027
1.96 -1.3047
1.97 -1.3066
1.98 -1.3083
1.99 -1.3099
2 -1.3115
2.01 -1.3129
2.02 -1.3143
2.03 -1.3156
2.04 -1.3168
2.05 -1.3179
2.06 -1.3188
2.07 -1.3194
2.08 -1.3198
2.09 -1.3199
2.1 -1.3196
2.11 -1.3191
2.12 -1.3183
2.13 -1.3173
2.14 -1.316
2.15 -1.3145
2.16 -1.3128
2.17 -1.3108
2.18 -1.3086
2.19 -1.3061
2.2 -1.3033
2.21 -1.3003
2.22 -1.2971
2.23 -1.2936
2.24 -1.2899
2.25 -1.2859
2.26 -1.2818
2.27 -1.2776
2.28 -1.2732
2.29 -1.2687
2.3 -1.2641
2.31 -1.2595
2.32 -1.2548
2.33 -1.25
2.34 -1.2452
2.35 -1.2404
2.36 -1.2356
2.37 -1.2307
2.38 -1.2258
2.39 -1.2209
2.4 -1.216
2.41 -1.2111
2.42 -1.2062
2.43 -1.2013
2.44 -1.1965
2.45 -1.1918
2.46 -1.1871
2.47 -1.1827
2.48 -1.1784
2.49 -1.1742
2.5 -1.1701
2.51 -1.1661
2.52 -1.1621
2.53 -1.1582
2.54 -1.1544
2.55 -1.1506
2.56 -1.147
2.57 -1.1434
2.58 -1.14
2.59 -1.1367
2.6 -1.1337
2.61 -1.1309
2.62 -1.1284
2.63 -1.1263
2.64 -1.1245
2.65 -1.123
2.66 -1.122
2.67 -1.1214
2.68 -1.121
2.69 -1.121
2.7 -1.1212
2.71 -1.1215
2.72 -1.1219
2.73 -1.1222
2.74 -1.1226
2.75 -1.1228
2.76 -1.1231
2.77 -1.1233
2.78 -1.1235
2.79 -1.1238
2.8 -1.124
2.81 -1.1242
2.82 -1.1244
2.83 -1.1247
2.84 -1.1249
2.85 -1.1251
2.86 -1.1254
2.87 -1.1256
2.88 -1.1259
2.89 -1.1263
2.9 -1.1266
2.91 -1.1271
2.92 -1.1275
2.93 -1.1281
2.94 -1.1287
2.95 -1.1294
2.96 -1.1302
2.97 -1.1311
2.98 -1.1322
2.99 -1.1335
3 -1.1349
3.01 -1.1366
3.02 -1.1383
3.03 -1.1403
3.04 -1.1425
3.05 -1.1448
3.06 -1.1474
3.07 -1.1501
3.08 -1.153
3.09 -1.1561
3.1 -1.1593
3.11 -1.1627
3.12 -1.1662
3.13 -1.1697
3.14 -1.1732
3.15 -1.1766
3.16 -1.18
3.17 -1.1834
3.18 -1.1867
3.19 -1.1901
3.2 -1.1934
3.21 -1.1967
3.22 -1.2
3.23 -1.2032
3.24 -1.2065
3.25 -1.2097
3.26 -1.213
3.27 -1.2164
3.28 -1.2197
3.29 -1.2232
3.3 -1.2268
3.31 -1.2304
3.32 -1.234
3.33 -1.2377
3.34 -1.2413
3.35 -1.245
3.36 -1.2486
3.37 -1.2523
3.38 -1.2559
3.39 -1.2595
3.4 -1.2631
3.41 -1.2667
3.42 -1.2702
3.43 -1.2736
3.44 -1.277
3.45 -1.2803
3.46 -1.2835
3.47 -1.2866
3.48 -1.2897
3.49 -1.2927
3.5 -1.2955
3.51 -1.2982
3.52 -1.3007
3.53 -1.3031
3.54 -1.3052
3.55 -1.3071
3.56 -1.3088
3.57 -1.3102
3.58 -1.3114
3.59 -1.3124
3.6 -1.3132
3.61 -1.3139
3.62 -1.3143
3.63 -1.3147
3.64 -1.3149
3.65 -1.315
3.66 -1.3151
3.67 -1.3151
3.68 -1.315
3.69 -1.3149
3.7 -1.3146
3.71 -1.3141
3.72 -1.3135
3.73 -1.3126
3.74 -1.3114
3.75 -1.3099
3.76 -1.3081
3.77 -1.306
3.78 -1.3035
3.79 -1.3009
3.8 -1.2981
3.81 -1.2952
3.82 -1.2924
3.83 -1.2898
3.84 -1.2874
3.85 -1.2853
3.86 -1.2834
3.87 -1.2819
3.88 -1.2806
3.89 -1.2796
3.9 -1.2787
3.91 -1.278
3.92 -1.2774
3.93 -1.277
3.94 -1.2766
3.95 -1.2763
3.96 -1.2761
3.97 -1.2759
3.98 -1.2757
3.99 -1.2756
4 -1.2755
4.01 -1.2754
4.02 -1.2751
4.03 -1.2748
4.04 -1.2742
4.05 -1.2734
4.06 -1.2725
4.07 -1.2714
4.08 -1.2702
4.09 -1.269
4.1 -1.2678
4.11 -1.2667
4.12 -1.2656
4.13 -1.2645
4.14 -1.2634
4.15 -1.2624
4.16 -1.2613
4.17 -1.2601
4.18 -1.259
4.19 -1.2577
4.2 -1.2565
4.21 -1.2552
4.22 -1.2539
4.23 -1.2526
4.24 -1.2514
4.25 -1.2502
4.26 -1.2491
4.27 -1.2481
4.28 -1.2473
4.29 -1.2466
4.3 -1.2462
4.31 -1.2461
4.32 -1.2464
4.33 -1.247
4.34 -1.2479
4.35 -1.2492
4.36 -1.2507
4.37 -1.2523
4.38 -1.2541
4.39 -1.2559
4.4 -1.2577
4.41 -1.2593
4.42 -1.2609
4.43 -1.2622
4.44 -1.2634
4.45 -1.2643
4.46 -1.265
4.47 -1.2655
4.48 -1.2657
4.49 -1.2656
4.5 -1.2653
4.51 -1.2647
4.52 -1.264
4.53 -1.263
4.54 -1.2619
4.55 -1.2606
4.56 -1.2591
4.57 -1.2575
4.58 -1.2559
4.59 -1.2541
4.6 -1.2522
4.61 -1.2503
4.62 -1.2483
4.63 -1.2463
4.64 -1.2442
4.65 -1.2422
4.66 -1.2403
4.67 -1.2384
4.68 -1.2366
4.69 -1.2348
4.7 -1.233
4.71 -1.2313
4.72 -1.2297
4.73 -1.2282
4.74 -1.2268
4.75 -1.2255
4.76 -1.2244
4.77 -1.2235
4.78 -1.2227
4.79 -1.2222
4.8 -1.2218
4.81 -1.2216
4.82 -1.2216
4.83 -1.2218
4.84 -1.2222
4.85 -1.2228
4.86 -1.2237
4.87 -1.2248
4.88 -1.2261
4.89 -1.2277
4.9 -1.2296
4.91 -1.2319
4.92 -1.2345
4.93 -1.2375
4.94 -1.2408
4.95 -1.2444
4.96 -1.2481
4.97 -1.2521
4.98 -1.2561
4.99 -1.2602
5 -1.2643
5.01 -1.2685
5.02 -1.2727
5.03 -1.2769
5.04 -1.281
5.05 -1.285
5.06 -1.2889
5.07 -1.2926
5.08 -1.2962
5.09 -1.2997
5.1 -1.3031
5.11 -1.3063
5.12 -1.3096
5.13 -1.3128
5.14 -1.3161
5.15 -1.3194
5.16 -1.3228
5.17 -1.3262
5.18 -1.3297
5.19 -1.3331
5.2 -1.3366
5.21 -1.3401
5.22 -1.3435
5.23 -1.347
5.24 -1.3505
5.25 -1.3539
5.26 -1.3573
5.27 -1.3605
5.28 -1.3637
5.29 -1.3667
5.3 -1.3697
5.31 -1.3724
5.32 -1.3751
5.33 -1.3776
5.34 -1.3801
5.35 -1.3823
5.36 -1.3844
5.37 -1.3863
5.38 -1.388
5.39 -1.3895
5.4 -1.3909
5.41 -1.392
5.42 -1.3929
5.43 -1.3936
5.44 -1.3941
5.45 -1.3944
5.46 -1.3944
5.47 -1.3941
5.48 -1.3935
5.49 -1.3926
5.5 -1.3914
5.51 -1.39
5.52 -1.3882
5.53 -1.3863
5.54 -1.3842
5.55 -1.3821
5.56 -1.38
5.57 -1.378
5.58 -1.3759
5.59 -1.374
5.6 -1.372
5.61 -1.37
5.62 -1.3679
5.63 -1.3657
5.64 -1.3632
5.65 -1.3605
5.66 -1.3576
5.67 -1.3544
5.68 -1.3511
5.69 -1.3478
5.7 -1.3445
5.71 -1.3413
5.72 -1.3382
5.73 -1.3354
5.74 -1.3327
5.75 -1.3303
5.76 -1.3279
5.77 -1.3257
5.78 -1.3235
5.79 -1.3215
5.8 -1.3195
5.81 -1.3177
5.82 -1.3159
5.83 -1.3143
5.84 -1.3128
5.85 -1.3113
5.86 -1.3099
5.87 -1.3085
5.88 -1.3073
5.89 -1.3061
5.9 -1.3051
5.91 -1.3043
5.92 -1.3037
5.93 -1.3033
5.94 -1.3032
5.95 -1.3032
5.96 -1.3035
5.97 -1.3038
5.98 -1.3043
5.99 -1.3049
6 -1.3056
6.01 -1.3063
6.02 -1.3071
6.03 -1.3077
6.04 -1.3084
6.05 -1.3089
6.06 -1.3093
6.07 -1.3095
6.08 -1.3096
6.09 -1.3096
6.1 -1.3094
6.11 -1.3091
6.12 -1.3088
6.13 -1.3083
6.14 -1.3079
6.15 -1.3074
6.16 -1.3069
6.17 -1.3063
6.18 -1.3057
6.19 -1.3049
6.2 -1.304
6.21 -1.3028
6.22 -1.3013
6.23 -1.2996
6.24 -1.2975
6.25 -1.2951
6.26 -1.2924
6.27 -1.2895
6.28 -1.2862
6.29 -1.2827
6.3 -1.2791
6.31 -1.2752
6.32 -1.2711
6.33 -1.2669
6.34 -1.2625
6.35 -1.258
6.36 -1.2534
6.37 -1.2487
6.38 -1.2438
6.39 -1.2389
6.4 -1.2337
6.41 -1.2284
6.42 -1.2229
6.43 -1.2172
6.44 -1.2113
6.45 -1.2053
6.46 -1.1991
6.47 -1.1928
6.48 -1.1865
6.49 -1.18
6.5 -1.1736
6.51 -1.1671
6.52 -1.1607
6.53 -1.1542
6.54 -1.1477
6.55 -1.1413
6.56 -1.1348
6.57 -1.1284
6.58 -1.1221
6.59 -1.1158
6.6 -1.1097
6.61 -1.1037
6.62 -1.0979
6.63 -1.0923
6.64 -1.0868
6.65 -1.0814
6.66 -1.0762
6.67 -1.0711
6.68 -1.0662
6.69 -1.0614
6.7 -1.0568
6.71 -1.0524
6.72 -1.0481
6.73 -1.044
6.74 -1.0402
6.75 -1.0365
6.76 -1.0331
6.77 -1.0298
6.78 -1.0267
6.79 -1.0237
6.8 -1.0209
6.81 -1.0182
6.82 -1.0156
6.83 -1.0131
6.84 -1.0108
6.85 -1.0086
6.86 -1.0067
6.87 -1.005
6.88 -1.0036
6.89 -1.0025
6.9 -1.0017
6.91 -1.0012
6.92 -1.0011
6.93 -1.0012
6.94 -1.0014
6.95 -1.0019
6.96 -1.0024
6.97 -1.0031
6.98 -1.0038
6.99 -1.0045
7 -1.0054
7.01 -1.0062
7.02 -1.0072
7.03 -1.0084
7.04 -1.0098
7.05 -1.0114
7.06 -1.0133
7.07 -1.0155
7.08 -1.0179
7.09 -1.0206
7.1 -1.0236
7.11 -1.0268
7.12 -1.0303
7.13 -1.0341
7.14 -1.0383
7.15 -1.0428
7.16 -1.0476
7.17 -1.0526
7.18 -1.0579
7.19 -1.0632
7.2 -1.0687
7.21 -1.0741
7.22 -1.0795
7.23 -1.0849
7.24 -1.0902
7.25 -1.0955
7.26 -1.1008
7.27 -1.1062
7.28 -1.1116
7.29 -1.117
7.3 -1.1225
7.31 -1.1281
7.32 -1.1338
7.33 -1.1396
7.34 -1.1454
7.35 -1.1514
7.36 -1.1573
7.37 -1.1633
7.38 -1.1691
7.39 -1.1748
7.4 -1.1803
7.41 -1.1855
7.42 -1.1905
7.43 -1.1952
7.44 -1.1997
7.45 -1.2039
7.46 -1.2078
7.47 -1.2114
7.48 -1.2148
7.49 -1.2179
7.5 -1.2208
7.51 -1.2235
7.52 -1.2261
7.53 -1.2286
7.54 -1.231
7.55 -1.2333
7.56 -1.2356
7.57 -1.2379
7.58 -1.2401
7.59 -1.2423
7.6 -1.2443
7.61 -1.2462
7.62 -1.2479
7.63 -1.2494
7.64 -1.2508
7.65 -1.252
7.66 -1.2532
7.67 -1.2542
7.68 -1.2551
7.69 -1.2561
7.7 -1.257
7.71 -1.258
7.72 -1.2591
7.73 -1.2602
7.74 -1.2614
7.75 -1.2627
7.76 -1.2641
7.77 -1.2656
7.78 -1.2671
7.79 -1.2687
7.8 -1.2703
7.81 -1.2719
7.82 -1.2735
7.83 -1.2751
7.84 -1.2767
7.85 -1.2782
7.86 -1.2797
7.87 -1.2811
7.88 -1.2825
7.89 -1.2837
7.9 -1.2849
7.91 -1.2859
7.92 -1.2868
7.93 -1.2877
7.94 -1.2884
7.95 -1.2891
7.96 -1.2899
7.97 -1.2906
7.98 -1.2914
7.99 -1.2923
8 -1.2931
8.01 -1.294
8.02 -1.2948
8.03 -1.2956
8.04 -1.2963
8.05 -1.2969
8.06 -1.2973
8.07 -1.2977
8.08 -1.2979
8.09 -1.298
8.1 -1.2979
8.11 -1.2977
8.12 -1.2974
8.13 -1.297
8.14 -1.2964
8.15 -1.2958
8.16 -1.2951
8.17 -1.2944
8.18 -1.2937
8.19 -1.2931
8.2 -1.2925
8.21 -1.292
8.22 -1.2916
8.23 -1.2913
8.24 -1.2911
8.25 -1.291
8.26 -1.2909
8.27 -1.2908
8.28 -1.2908
8.29 -1.2906
8.3 -1.2905
8.31 -1.2902
8.32 -1.2899
8.33 -1.2896
8.34 -1.2892
8.35 -1.2888
8.36 -1.2884
8.37 -1.288
8.38 -1.2877
8.39 -1.2873
8.4 -1.2871
8.41 -1.2868
8.42 -1.2866
8.43 -1.2865
8.44 -1.2864
8.45 -1.2863
8.46 -1.2863
8.47 -1.2863
8.48 -1.2864
8.49 -1.2865
8.5 -1.2866
8.51 -1.2867
8.52 -1.2869
8.53 -1.287
8.54 -1.2871
8.55 -1.2872
8.56 -1.2872
8.57 -1.2871
8.58 -1.287
8.59 -1.2868
8.6 -1.2865
8.61 -1.2862
8.62 -1.286
8.63 -1.2857
8.64 -1.2854
8.65 -1.2851
8.66 -1.2849
8.67 -1.2847
8.68 -1.2845
8.69 -1.2843
8.7 -1.2841
8.71 -1.2839
8.72 -1.2836
8.73 -1.2833
8.74 -1.283
8.75 -1.2827
8.76 -1.2824
8.77 -1.2821
8.78 -1.2818
8.79 -1.2815
8.8 -1.2812
8.81 -1.2809
8.82 -1.2807
8.83 -1.2804
8.84 -1.2802
8.85 -1.28
8.86 -1.2797
8.87 -1.2795
8.88 -1.2793
8.89 -1.279
8.9 -1.2788
8.91 -1.2786
8.92 -1.2784
8.93 -1.2782
8.94 -1.2781
8.95 -1.278
8.96 -1.278
8.97 -1.2782
8.98 -1.2785
8.99 -1.2791
9 -1.2801
9.01 -1.2814
9.02 -1.2831
9.03 -1.2853
9.04 -1.288
9.05 -1.2911
9.06 -1.2946
9.07 -1.2984
9.08 -1.3024
9.09 -1.3066
9.1 -1.3107
9.11 -1.3149
9.12 -1.3189
9.13 -1.3227
9.14 -1.3263
9.15 -1.3297
9.16 -1.3329
9.17 -1.3359
9.18 -1.3386
9.19 -1.3411
9.2 -1.3435
9.21 -1.3456
9.22 -1.3476
9.23 -1.3494
9.24 -1.3511
9.25 -1.3527
9.26 -1.3542
9.27 -1.3557
9.28 -1.357
9.29 -1.3584
9.3 -1.3596
9.31 -1.3609
9.32 -1.362
9.33 -1.363
9.34 -1.3639
9.35 -1.3645
9.36 -1.365
9.37 -1.3653
9.38 -1.3655
9.39 -1.3655
9.4 -1.3653
9.41 -1.365
9.42 -1.3647
9.43 -1.3642
9.44 -1.3637
9.45 -1.3632
9.46 -1.3627
9.47 -1.3621
9.48 -1.3616
9.49 -1.3611
9.5 -1.3606
9.51 -1.3601
9.52 -1.3595
9.53 -1.359
9.54 -1.3584
9.55 -1.3578
9.56 -1.3571
9.57 -1.3564
9.58 -1.3558
9.59 -1.3551
9.6 -1.3545
9.61 -1.3539
9.62 -1.3534
9.63 -1.3528
9.64 -1.3523
9.65 -1.3518
9.66 -1.3512
9.67 -1.3507
9.68 -1.3502
9.69 -1.3496
9.7 -1.3491
9.71 -1.3487
9.72 -1.3483
9.73 -1.348
9.74 -1.3478
9.75 -1.3478
9.76 -1.3479
9.77 -1.3482
9.78 -1.3486
9.79 -1.3491
9.8 -1.3498
9.81 -1.3505
9.82 -1.3514
9.83 -1.3524
9.84 -1.3535
9.85 -1.3547
9.86 -1.356
9.87 -1.3573
9.88 -1.3586
9.89 -1.3599
9.9 -1.3611
9.91 -1.3621
9.92 -1.3631
9.93 -1.3639
9.94 -1.3647
9.95 -1.3653
9.96 -1.3659
9.97 -1.3664
9.98 -1.3668
9.99 -1.3673
10 -1.3676
10.01 -1.3679
10.02 -1.3681
10.03 -1.3681
10.04 -1.368
10.05 -1.3677
10.06 -1.3672
10.07 -1.3666
10.08 -1.3658
10.09 -1.365
10.1 -1.3641
10.11 -1.3633
10.12 -1.3624
10.13 -1.3615
10.14 -1.3606
10.15 -1.3596
10.16 -1.3586
10.17 -1.3576
10.18 -1.3564
10.19 -1.3552
10.2 -1.354
10.21 -1.3526
10.22 -1.3513
10.23 -1.3498
10.24 -1.3484
10.25 -1.3471
10.26 -1.3457
10.27 -1.3444
10.28 -1.3431
10.29 -1.342
10.3 -1.3408
10.31 -1.3398
10.32 -1.3388
10.33 -1.3378
10.34 -1.3369
10.35 -1.336
10.36 -1.3352
10.37 -1.3344
10.38 -1.3338
10.39 -1.3332
10.4 -1.3327
10.41 -1.3323
10.42 -1.3318
10.43 -1.3313
10.44 -1.3308
10.45 -1.3302
10.46 -1.3295
10.47 -1.3288
10.48 -1.328
10.49 -1.3272
10.5 -1.3264
10.51 -1.3256
10.52 -1.3248
10.53 -1.3242
10.54 -1.3236
10.55 -1.3231
10.56 -1.3227
10.57 -1.3225
10.58 -1.3224
10.59 -1.3225
10.6 -1.3228
10.61 -1.3233
10.62 -1.3239
10.63 -1.3248
10.64 -1.3258
10.65 -1.3268
10.66 -1.328
10.67 -1.3292
10.68 -1.3304
10.69 -1.3316
10.7 -1.3328
10.71 -1.334
10.72 -1.3352
10.73 -1.3363
10.74 -1.3375
10.75 -1.3385
10.76 -1.3396
10.77 -1.3406
10.78 -1.3416
10.79 -1.3426
10.8 -1.3436
10.81 -1.3446
10.82 -1.3457
10.83 -1.3467
10.84 -1.3477
10.85 -1.3486
10.86 -1.3495
10.87 -1.3503
10.88 -1.3509
10.89 -1.3515
10.9 -1.352
10.91 -1.3524
10.92 -1.3528
10.93 -1.3533
10.94 -1.3537
10.95 -1.3543
10.96 -1.3549
10.97 -1.3556
10.98 -1.3563
10.99 -1.3571
11 -1.3579
11.01 -1.3588
11.02 -1.3597
11.03 -1.3606
11.04 -1.3615
11.05 -1.3624
11.06 -1.3634
11.07 -1.3643
11.08 -1.3652
11.09 -1.366
11.1 -1.3668
11.11 -1.3676
11.12 -1.3683
11.13 -1.3689
11.14 -1.3696
11.15 -1.3702
11.16 -1.3709
11.17 -1.3717
11.18 -1.3726
11.19 -1.3735
11.2 -1.3746
11.21 -1.3757
11.22 -1.377
11.23 -1.3783
11.24 -1.3796
11.25 -1.381
11.26 -1.3825
11.27 -1.384
11.28 -1.3855
11.29 -1.3872
11.3 -1.389
11.31 -1.3909
11.32 -1.3929
11.33 -1.3951
11.34 -1.3974
11.35 -1.3998
11.36 -1.4022
11.37 -1.4047
11.38 -1.4073
11.39 -1.4098
11.4 -1.4123
11.41 -1.4148
11.42 -1.4173
11.43 -1.4197
11.44 -1.4221
11.45 -1.4245
11.46 -1.4268
11.47 -1.4289
11.48 -1.431
11.49 -1.4329
11.5 -1.4347
11.51 -1.4364
11.52 -1.4381
11.53 -1.4397
11.54 -1.4413
11.55 -1.4431
11.56 -1.4449
11.57 -1.4468
11.58 -1.4488
11.59 -1.4508
11.6 -1.453
11.61 -1.4552
11.62 -1.4574
11.63 -1.4596
11.64 -1.4618
11.65 -1.4639
11.66 -1.4659
11.67 -1.4679
11.68 -1.4697
11.69 -1.4714
11.7 -1.4729
11.71 -1.4743
11.72 -1.4754
11.73 -1.4764
11.74 -1.4772
11.75 -1.4779
11.76 -1.4785
11.77 -1.479
11.78 -1.4795
11.79 -1.48
11.8 -1.4804
11.81 -1.4809
11.82 -1.4813
11.83 -1.4817
11.84 -1.4822
11.85 -1.4826
11.86 -1.4831
11.87 -1.4836
11.88 -1.4841
11.89 -1.4847
11.9 -1.4852
11.91 -1.4858
11.92 -1.4864
11.93 -1.4869
11.94 -1.4875
11.95 -1.4881
11.96 -1.4886
11.97 -1.4892
11.98 -1.4897
11.99 -1.4903
12 -1.4909
12.01 -1.4915
12.02 -1.4921
12.03 -1.4926
12.04 -1.4932
12.05 -1.4937
12.06 -1.4941
12.07 -1.4945
12.08 -1.4949
12.09 -1.4951
12.1 -1.4953
12.11 -1.4954
12.12 -1.4955
12.13 -1.4955
12.14 -1.4955
12.15 -1.4954
12.16 -1.4954
12.17 -1.4954
12.18 -1.4953
12.19 -1.4953
12.2 -1.4951
12.21 -1.4948
12.22 -1.4944
12.23 -1.4937
12.24 -1.4929
12.25 -1.4917
12.26 -1.4904
12.27 -1.4889
12.28 -1.4872
12.29 -1.4854
12.3 -1.4836
12.31 -1.4817
12.32 -1.4798
12.33 -1.478
12.34 -1.4762
12.35 -1.4745
12.36 -1.4728
12.37 -1.4711
12.38 -1.4695
12.39 -1.4679
12.4 -1.4664
12.41 -1.4648
12.42 -1.4633
12.43 -1.4619
12.44 -1.4605
12.45 -1.4591
12.46 -1.4579
12.47 -1.4567
12.48 -1.4555
12.49 -1.4545
12.5 -1.4535
12.51 -1.4526
12.52 -1.4518
12.53 -1.451
12.54 -1.4502
12.55 -1.4494
12.56 -1.4486
12.57 -1.4477
12.58 -1.4469
12.59 -1.446
12.6 -1.4452
12.61 -1.4444
12.62 -1.4437
12.63 -1.4432
12.64 -1.4428
12.65 -1.4425
12.66 -1.4423
12.67 -1.4423
12.68 -1.4424
12.69 -1.4426
12.7 -1.4428
12.71 -1.4432
12.72 -1.4436
12.73 -1.4439
12.74 -1.4443
12.75 -1.4446
12.76 -1.4449
12.77 -1.4452
12.78 -1.4455
12.79 -1.4458
12.8 -1.4461
12.81 -1.4464
12.82 -1.4467
12.83 -1.447
12.84 -1.4474
12.85 -1.4477
12.86 -1.448
12.87 -1.4484
12.88 -1.4487
12.89 -1.449
12.9 -1.4492
12.91 -1.4495
12.92 -1.4497
12.93 -1.4499
12.94 -1.4501
12.95 -1.4503
12.96 -1.4505
12.97 -1.4506
12.98 -1.4508
12.99 -1.451
13 -1.4511
13.01 -1.4513
13.02 -1.4515
13.03 -1.4516
13.04 -1.4518
13.05 -1.452
13.06 -1.4522
13.07 -1.4524
13.08 -1.4527
13.09 -1.4531
13.1 -1.4535
13.11 -1.4539
13.12 -1.4544
13.13 -1.4549
13.14 -1.4553
13.15 -1.4557
13.16 -1.4561
13.17 -1.4565
13.18 -1.4569
13.19 -1.4573
13.2 -1.4576
13.21 -1.458
13.22 -1.4584
13.23 -1.4587
13.24 -1.4591
13.25 -1.4595
13.26 -1.4598
13.27 -1.4601
13.28 -1.4605
13.29 -1.4608
13.3 -1.4612
13.31 -1.4615
13.32 -1.4618
13.33 -1.4621
13.34 -1.4623
13.35 -1.4625
13.36 -1.4627
13.37 -1.4629
13.38 -1.4631
13.39 -1.4633
13.4 -1.4635
13.41 -1.4637
13.42 -1.464
13.43 -1.4642
13.44 -1.4645
13.45 -1.4648
13.46 -1.4652
13.47 -1.4655
13.48 -1.4658
13.49 -1.4661
13.5 -1.4664
13.51 -1.4667
13.52 -1.4669
13.53 -1.4671
13.54 -1.4673
13.55 -1.4674
13.56 -1.4675
13.57 -1.4675
13.58 -1.4674
13.59 -1.4673
13.6 -1.4671
13.61 -1.467
13.62 -1.4667
13.63 -1.4665
13.64 -1.4663
13.65 -1.466
13.66 -1.4658
13.67 -1.4656
13.68 -1.4654
13.69 -1.4652
13.7 -1.465
13.71 -1.4648
13.72 -1.4647
13.73 -1.4645
13.74 -1.4644
13.75 -1.4642
13.76 -1.464
13.77 -1.4638
13.78 -1.4637
13.79 -1.4635
13.8 -1.4632
13.81 -1.463
13.82 -1.4627
13.83 -1.4624
13.84 -1.4621
13.85 -1.4618
13.86 -1.4615
13.87 -1.4613
13.88 -1.461
13.89 -1.4607
13.9 -1.4604
13.91 -1.4601
13.92 -1.4598
13.93 -1.4595
13.94 -1.4593
13.95 -1.4591
13.96 -1.4589
13.97 -1.4587
13.98 -1.4586
13.99 -1.4585
14 -1.4585
14.01 -1.4584
14.02 -1.4584
14.03 -1.4583
14.04 -1.4582
14.05 -1.458
14.06 -1.4579
14.07 -1.4577
14.08 -1.4576
14.09 -1.4575
14.1 -1.4574
14.11 -1.4573
14.12 -1.4572
14.13 -1.4572
14.14 -1.4573
14.15 -1.4574
14.16 -1.4575
14.17 -1.4576
14.18 -1.4578
14.19 -1.458
14.2 -1.4582
14.21 -1.4584
14.22 -1.4586
14.23 -1.4588
14.24 -1.459
14.25 -1.4591
14.26 -1.4592
14.27 -1.4593
14.28 -1.4594
14.29 -1.4594
14.3 -1.4595
14.31 -1.4596
14.32 -1.4596
14.33 -1.4596
14.34 -1.4596
14.35 -1.4597
14.36 -1.4597
14.37 -1.4597
14.38 -1.4598
14.39 -1.4598
14.4 -1.4599
14.41 -1.4599
14.42 -1.46
14.43 -1.46
14.44 -1.4601
14.45 -1.4601
14.46 -1.4602
14.47 -1.4603
14.48 -1.4603
14.49 -1.4604
14.5 -1.4605
14.51 -1.4605
14.52 -1.4606
14.53 -1.4607
14.54 -1.4608
14.55 -1.4609
14.56 -1.4609
14.57 -1.461
14.58 -1.461
14.59 -1.4611
14.6 -1.4611
14.61 -1.4611
14.62 -1.4611
14.63 -1.4611
14.64 -1.4611
14.65 -1.4611
14.66 -1.4611
14.67 -1.461
14.68 -1.461
14.69 -1.4609
14.7 -1.4609
14.71 -1.4608
14.72 -1.4607
14.73 -1.4607
14.74 -1.4606
14.75 -1.4605
14.76 -1.4605
14.77 -1.4604
14.78 -1.4604
14.79 -1.4603
14.8 -1.4602
14.81 -1.46
14.82 -1.4599
14.83 -1.4596
14.84 -1.4594
14.85 -1.459
14.86 -1.4587
14.87 -1.4582
14.88 -1.4578
14.89 -1.4573
14.9 -1.4569
14.91 -1.4565
14.92 -1.4561
14.93 -1.4557
14.94 -1.4554
14.95 -1.455
14.96 -1.4546
14.97 -1.4541
14.98 -1.4536
14.99 -1.4531
15 -1.4525
15.01 -1.4519
15.02 -1.4513
15.03 -1.4507
15.04 -1.4501
15.05 -1.4495
15.06 -1.4489
15.07 -1.4484
15.08 -1.4479
15.09 -1.4474
15.1 -1.4469
15.11 -1.4464
15.12 -1.4459
15.13 -1.4453
15.14 -1.4447
15.15 -1.4441
15.16 -1.4435
15.17 -1.4429
15.18 -1.4423
15.19 -1.4416
15.2 -1.441
15.21 -1.4404
15.22 -1.4398
15.23 -1.4393
15.24 -1.4388
15.25 -1.4384
15.26 -1.4381
15.27 -1.4378
15.28 -1.4375
15.29 -1.4372
15.3 -1.4369
15.31 -1.4366
15.32 -1.4363
15.33 -1.436
15.34 -1.4357
15.35 -1.4353
15.36 -1.435
15.37 -1.4347
15.38 -1.4344
15.39 -1.4341
15.4 -1.4338
15.41 -1.4336
15.42 -1.4334
15.43 -1.4332
15.44 -1.433
15.45 -1.4328
15.46 -1.4326
15.47 -1.4324
15.48 -1.4322
15.49 -1.4319
15.5 -1.4316
15.51 -1.4312
15.52 -1.4308
15.53 -1.4304
15.54 -1.4299
15.55 -1.4294
15.56 -1.4289
15.57 -1.4283
15.58 -1.4277
15.59 -1.4269
15.6 -1.4261
15.61 -1.4252
15.62 -1.4242
15.63 -1.423
15.64 -1.4217
15.65 -1.4202
15.66 -1.4186
15.67 -1.4168
15.68 -1.4149
15.69 -1.4128
15.7 -1.4106
15.71 -1.4083
15.72 -1.4058
15.73 -1.4031
15.74 -1.4004
15.75 -1.3975
15.76 -1.3945
15.77 -1.3914
15.78 -1.3882
15.79 -1.3849
15.8 -1.3816
15.81 -1.3782
15.82 -1.3749
15.83 -1.3716
15.84 -1.3684
15.85 -1.3653
15.86 -1.3624
15.87 -1.3597
15.88 -1.3572
15.89 -1.3549
15.9 -1.3528
15.91 -1.351
15.92 -1.3494
15.93 -1.3481
15.94 -1.347
15.95 -1.3461
15.96 -1.3453
15.97 -1.3447
15.98 -1.3443
15.99 -1.3439
16 -1.3437
16.01 -1.3434
16.02 -1.3432
16.03 -1.343
16.04 -1.3426
16.05 -1.3421
16.06 -1.3414
16.07 -1.3405
16.08 -1.3394
16.09 -1.338
16.1 -1.3364
16.11 -1.3346
16.12 -1.3326
16.13 -1.3305
16.14 -1.3282
16.15 -1.3259
16.16 -1.3235
16.17 -1.3211
16.18 -1.3188
16.19 -1.3166
16.2 -1.3146
16.21 -1.3129
16.22 -1.3114
16.23 -1.3102
16.24 -1.3092
16.25 -1.3083
16.26 -1.3077
16.27 -1.3071
16.28 -1.3066
16.29 -1.3061
16.3 -1.3056
16.31 -1.3052
16.32 -1.3048
16.33 -1.3044
16.34 -1.3039
16.35 -1.3034
16.36 -1.303
16.37 -1.3024
16.38 -1.3019
16.39 -1.3014
16.4 -1.3009
16.41 -1.3004
16.42 -1.2999
16.43 -1.2994
16.44 -1.2988
16.45 -1.2982
16.46 -1.2976
16.47 -1.2969
16.48 -1.2962
16.49 -1.2954
16.5 -1.2945
16.51 -1.2935
16.52 -1.2925
16.53 -1.2913
16.54 -1.2901
16.55 -1.2888
16.56 -1.2875
16.57 -1.2862
16.58 -1.2849
16.59 -1.2836
16.6 -1.2823
16.61 -1.281
16.62 -1.2797
16.63 -1.2784
16.64 -1.277
16.65 -1.2753
16.66 -1.2735
16.67 -1.2714
16.68 -1.2689
16.69 -1.2661
16.7 -1.2629
16.71 -1.2595
16.72 -1.2559
16.73 -1.2525
16.74 -1.2494
16.75 -1.2468
16.76 -1.245
16.77 -1.2439
16.78 -1.2437
16.79 -1.2443
16.8 -1.2457
16.81 -1.2476
16.82 -1.2501
16.83 -1.2529
16.84 -1.2557
16.85 -1.2586
16.86 -1.2613
16.87 -1.2637
16.88 -1.2657
16.89 -1.2673
16.9 -1.2684
16.91 -1.2691
16.92 -1.2694
16.93 -1.2693
16.94 -1.2689
16.95 -1.2682
16.96 -1.2673
16.97 -1.2663
16.98 -1.2651
16.99 -1.264
17 -1.2628
17.01 -1.2616
17.02 -1.2605
17.03 -1.2593
17.04 -1.2582
17.05 -1.2572
17.06 -1.2562
17.07 -1.2555
17.08 -1.2549
17.09 -1.2545
17.1 -1.2544
17.11 -1.2545
17.12 -1.2548
17.13 -1.2552
17.14 -1.2558
17.15 -1.2564
17.16 -1.2571
17.17 -1.2578
17.18 -1.2586
17.19 -1.2594
17.2 -1.2602
17.21 -1.261
17.22 -1.2619
17.23 -1.2627
17.24 -1.2634
17.25 -1.264
17.26 -1.2646
17.27 -1.2649
17.28 -1.265
17.29 -1.2649
17.3 -1.2647
17.31 -1.2642
17.32 -1.2636
17.33 -1.2629
17.34 -1.2621
17.35 -1.2613
17.36 -1.2604
17.37 -1.2594
17.38 -1.2582
17.39 -1.2569
17.4 -1.2554
17.41 -1.2537
17.42 -1.2517
17.43 -1.2494
17.44 -1.2469
17.45 -1.2442
17.46 -1.2414
17.47 -1.2384
17.48 -1.2354
17.49 -1.2323
17.5 -1.2293
17.51 -1.2262
17.52 -1.2233
17.53 -1.2203
17.54 -1.2174
17.55 -1.2146
17.56 -1.2118
17.57 -1.209
17.58 -1.2063
17.59 -1.2037
17.6 -1.2012
17.61 -1.1988
17.62 -1.1966
17.63 -1.1943
17.64 -1.1922
17.65 -1.1901
17.66 -1.188
17.67 -1.186
17.68 -1.184
17.69 -1.1821
17.7 -1.1802
17.71 -1.1783
17.72 -1.1764
17.73 -1.1745
17.74 -1.1725
17.75 -1.1705
17.76 -1.1685
17.77 -1.1666
17.78 -1.1647
17.79 -1.163
17.8 -1.1614
17.81 -1.16
17.82 -1.1588
17.83 -1.1578
17.84 -1.1571
17.85 -1.1565
17.86 -1.1562
17.87 -1.1561
17.88 -1.1562
17.89 -1.1564
17.9 -1.1569
17.91 -1.1577
17.92 -1.1586
17.93 -1.1597
17.94 -1.1609
17.95 -1.1622
17.96 -1.1636
17.97 -1.1651
17.98 -1.1667
17.99 -1.1684
18 -1.1703
18.01 -1.1723
18.02 -1.1744
18.03 -1.1768
18.04 -1.1793
18.05 -1.1819
18.06 -1.1848
18.07 -1.1878
18.08 -1.1909
18.09 -1.194
18.1 -1.1972
18.11 -1.2005
18.12 -1.2037
18.13 -1.207
18.14 -1.2102
18.15 -1.2135
18.16 -1.2167
18.17 -1.22
18.18 -1.2233
18.19 -1.2266
18.2 -1.2298
18.21 -1.2329
18.22 -1.236
18.23 -1.239
18.24 -1.2418
18.25 -1.2444
18.26 -1.247
18.27 -1.2495
18.28 -1.2519
18.29 -1.2543
18.3 -1.2568
18.31 -1.2593
18.32 -1.2618
18.33 -1.2644
18.34 -1.267
18.35 -1.2697
18.36 -1.2723
18.37 -1.275
18.38 -1.2776
18.39 -1.2802
18.4 -1.2828
18.41 -1.2852
18.42 -1.2875
18.43 -1.2897
18.44 -1.2917
18.45 -1.2936
18.46 -1.2952
18.47 -1.2967
18.48 -1.2981
18.49 -1.2993
18.5 -1.3004
18.51 -1.3016
18.52 -1.3027
18.53 -1.3038
18.54 -1.3049
18.55 -1.3061
18.56 -1.3072
18.57 -1.3084
18.58 -1.3095
18.59 -1.3105
18.6 -1.3115
18.61 -1.3124
18.62 -1.3132
18.63 -1.3139
18.64 -1.3145
18.65 -1.315
18.66 -1.3154
18.67 -1.3157
18.68 -1.3158
18.69 -1.3158
18.7 -1.3156
18.71 -1.3154
18.72 -1.315
18.73 -1.3146
18.74 -1.3142
18.75 -1.3137
18.76 -1.3132
18.77 -1.3126
18.78 -1.3119
18.79 -1.3111
18.8 -1.3102
18.81 -1.3092
18.82 -1.3081
18.83 -1.3068
18.84 -1.3054
18.85 -1.3039
18.86 -1.3023
18.87 -1.3005
18.88 -1.2986
18.89 -1.2966
18.9 -1.2945
18.91 -1.2923
18.92 -1.29
18.93 -1.2876
18.94 -1.2853
18.95 -1.2828
18.96 -1.2804
18.97 -1.2781
18.98 -1.2757
18.99 -1.2734
19 -1.2711
19.01 -1.2688
19.02 -1.2666
19.03 -1.2644
19.04 -1.2622
19.05 -1.2601
19.06 -1.258
19.07 -1.256
19.08 -1.2542
19.09 -1.2525
19.1 -1.251
19.11 -1.2496
19.12 -1.2485
19.13 -1.2475
19.14 -1.2466
19.15 -1.2459
19.16 -1.2454
19.17 -1.2449
19.18 -1.2445
19.19 -1.2442
19.2 -1.244
19.21 -1.2439
19.22 -1.2437
19.23 -1.2437
19.24 -1.2436
19.25 -1.2436
19.26 -1.2437
19.27 -1.2437
19.28 -1.2439
19.29 -1.2441
19.3 -1.2443
19.31 -1.2447
19.32 -1.2452
19.33 -1.2458
19.34 -1.2466
19.35 -1.2475
19.36 -1.2486
19.37 -1.2498
19.38 -1.251
19.39 -1.2524
19.4 -1.2537
19.41 -1.2551
19.42 -1.2564
19.43 -1.2576
19.44 -1.2588
19.45 -1.2598
19.46 -1.2607
19.47 -1.2616
19.48 -1.2624
19.49 -1.2632
19.5 -1.264
19.51 -1.2648
19.52 -1.2657
19.53 -1.2667
19.54 -1.2678
19.55 -1.269
19.56 -1.2705
19.57 -1.2721
19.58 -1.274
19.59 -1.276
19.6 -1.2782
19.61 -1.2805
19.62 -1.2828
19.63 -1.285
19.64 -1.2872
19.65 -1.2893
19.66 -1.2913
19.67 -1.2932
19.68 -1.2949
19.69 -1.2965
19.7 -1.2979
19.71 -1.2993
19.72 -1.3006
19.73 -1.3018
19.74 -1.3031
19.75 -1.3044
19.76 -1.3057
19.77 -1.307
19.78 -1.3084
19.79 -1.3098
19.8 -1.3113
19.81 -1.3129
19.82 -1.3145
19.83 -1.3163
19.84 -1.3181
19.85 -1.32
19.86 -1.3219
19.87 -1.3237
19.88 -1.3254
19.89 -1.327
19.9 -1.3284
19.91 -1.3297
19.92 -1.3308
19.93 -1.3317
19.94 -1.3326
19.95 -1.3335
19.96 -1.3344
19.97 -1.3355
19.98 -1.3366
19.99 -1.338
20 -1.3396
20.01 -1.3414
20.02 -1.3434
20.03 -1.3455
20.04 -1.3477
20.05 -1.35
20.06 -1.3522
20.07 -1.3543
20.08 -1.3564
20.09 -1.3583
20.1 -1.3601
20.11 -1.3617
20.12 -1.3631
20.13 -1.3644
20.14 -1.3655
20.15 -1.3664
20.16 -1.3672
20.17 -1.3678
20.18 -1.3683
20.19 -1.3686
20.2 -1.3689
20.21 -1.3691
20.22 -1.3694
20.23 -1.3696
20.24 -1.3699
20.25 -1.3702
20.26 -1.3706
20.27 -1.371
20.28 -1.3715
20.29 -1.372
20.3 -1.3724
20.31 -1.3729
20.32 -1.3733
20.33 -1.3737
20.34 -1.374
20.35 -1.3744
20.36 -1.3747
20.37 -1.375
20.38 -1.3753
20.39 -1.3757
20.4 -1.376
20.41 -1.3762
20.42 -1.3765
20.43 -1.3768
20.44 -1.377
20.45 -1.3773
20.46 -1.3775
20.47 -1.3776
20.48 -1.3777
20.49 -1.3777
20.5 -1.3776
20.51 -1.3773
20.52 -1.377
20.53 -1.3765
20.54 -1.3759
20.55 -1.3751
20.56 -1.3743
20.57 -1.3734
20.58 -1.3724
20.59 -1.3713
20.6 -1.3703
20.61 -1.3692
20.62 -1.3683
20.63 -1.3675
20.64 -1.3668
20.65 -1.3663
20.66 -1.366
20.67 -1.366
20.68 -1.3661
20.69 -1.3665
20.7 -1.367
20.71 -1.3676
20.72 -1.3682
20.73 -1.3689
20.74 -1.3695
20.75 -1.3702
20.76 -1.371
20.77 -1.3717
20.78 -1.3725
20.79 -1.3733
20.8 -1.3741
20.81 -1.375
20.82 -1.3758
20.83 -1.3766
20.84 -1.3774
20.85 -1.3781
20.86 -1.3787
20.87 -1.3792
20.88 -1.3797
20.89 -1.3802
20.9 -1.3807
20.91 -1.3811
20.92 -1.3817
20.93 -1.3822
20.94 -1.3829
20.95 -1.3835
20.96 -1.3842
20.97 -1.3849
20.98 -1.3855
20.99 -1.3859
21 -1.3862
21.01 -1.3863
21.02 -1.3861
21.03 -1.3857
21.04 -1.385
21.05 -1.3841
21.06 -1.3829
21.07 -1.3814
21.08 -1.3797
21.09 -1.3778
21.1 -1.3757
21.11 -1.3734
21.12 -1.371
21.13 -1.3685
21.14 -1.3659
21.15 -1.3633
21.16 -1.3606
21.17 -1.3578
21.18 -1.3549
21.19 -1.352
21.2 -1.3491
21.21 -1.346
21.22 -1.3429
21.23 -1.3398
21.24 -1.3367
21.25 -1.3335
21.26 -1.3303
21.27 -1.3271
21.28 -1.3239
21.29 -1.3207
21.3 -1.3175
21.31 -1.3142
21.32 -1.311
21.33 -1.3078
21.34 -1.3046
21.35 -1.3015
21.36 -1.2986
21.37 -1.2957
21.38 -1.293
21.39 -1.2906
21.4 -1.2883
21.41 -1.2862
21.42 -1.2842
21.43 -1.2825
21.44 -1.2809
21.45 -1.2796
21.46 -1.2784
21.47 -1.2773
21.48 -1.2764
21.49 -1.2757
21.5 -1.2751
21.51 -1.2746
21.52 -1.2743
21.53 -1.2741
21.54 -1.2741
21.55 -1.2743
21.56 -1.2746
21.57 -1.275
21.58 -1.2754
21.59 -1.276
21.6 -1.2765
21.61 -1.2771
21.62 -1.2776
21.63 -1.278
21.64 -1.2783
21.65 -1.2785
21.66 -1.2785
21.67 -1.2783
21.68 -1.2779
21.69 -1.2773
21.7 -1.2765
21.71 -1.2756
21.72 -1.2746
21.73 -1.2735
21.74 -1.2724
21.75 -1.2712
21.76 -1.27
21.77 -1.2686
21.78 -1.2672
21.79 -1.2656
21.8 -1.2639
21.81 -1.262
21.82 -1.2599
21.83 -1.2576
21.84 -1.2553
21.85 -1.2528
21.86 -1.2503
21.87 -1.2478
21.88 -1.2453
21.89 -1.2428
21.9 -1.2404
21.91 -1.238
21.92 -1.2358
21.93 -1.2337
21.94 -1.2317
21.95 -1.2298
21.96 -1.228
21.97 -1.2264
21.98 -1.2249
21.99 -1.2235
22 -1.2222
22.01 -1.221
22.02 -1.2197
22.03 -1.2185
22.04 -1.2172
22.05 -1.2158
22.06 -1.2144
22.07 -1.213
22.08 -1.2114
22.09 -1.2098
22.1 -1.2081
22.11 -1.2063
22.12 -1.2044
22.13 -1.2025
22.14 -1.2004
22.15 -1.1982
22.16 -1.196
22.17 -1.1937
22.18 -1.1914
22.19 -1.1892
22.2 -1.1869
22.21 -1.1848
22.22 -1.1827
22.23 -1.1806
22.24 -1.1785
22.25 -1.1765
22.26 -1.1745
22.27 -1.1725
22.28 -1.1705
22.29 -1.1686
22.3 -1.1669
22.31 -1.1654
22.32 -1.1642
22.33 -1.1632
22.34 -1.1626
22.35 -1.1623
22.36 -1.1623
22.37 -1.1625
22.38 -1.1631
22.39 -1.1638
22.4 -1.1646
22.41 -1.1656
22.42 -1.1666
22.43 -1.1677
22.44 -1.1687
22.45 -1.1698
22.46 -1.1708
22.47 -1.1718
22.48 -1.1729
22.49 -1.1739
22.5 -1.175
22.51 -1.1761
22.52 -1.1773
22.53 -1.1785
22.54 -1.1798
22.55 -1.1811
22.56 -1.1823
22.57 -1.1836
22.58 -1.1847
22.59 -1.1858
22.6 -1.1869
22.61 -1.1878
22.62 -1.1887
22.63 -1.1895
22.64 -1.1903
22.65 -1.1911
22.66 -1.1919
22.67 -1.1928
22.68 -1.1937
22.69 -1.1947
22.7 -1.1958
22.71 -1.197
22.72 -1.1983
22.73 -1.1997
22.74 -1.2012
22.75 -1.2028
22.76 -1.2045
22.77 -1.2063
22.78 -1.2081
22.79 -1.2099
22.8 -1.2118
22.81 -1.2136
22.82 -1.2154
22.83 -1.2172
22.84 -1.219
22.85 -1.2208
22.86 -1.2226
22.87 -1.2244
22.88 -1.2264
22.89 -1.2284
22.9 -1.2305
22.91 -1.2327
22.92 -1.235
22.93 -1.2374
22.94 -1.2399
22.95 -1.2424
22.96 -1.245
22.97 -1.2477
22.98 -1.2504
22.99 -1.2532
23 -1.256
23.01 -1.2587
23.02 -1.2614
23.03 -1.2639
23.04 -1.2663
23.05 -1.2685
23.06 -1.2706
23.07 -1.2725
23.08 -1.2743
23.09 -1.2758
23.1 -1.2772
23.11 -1.2784
23.12 -1.2795
23.13 -1.2805
23.14 -1.2813
23.15 -1.282
23.16 -1.2826
23.17 -1.2831
23.18 -1.2835
23.19 -1.2839
23.2 -1.2842
23.21 -1.2845
23.22 -1.2848
23.23 -1.2851
23.24 -1.2853
23.25 -1.2854
23.26 -1.2854
23.27 -1.2852
23.28 -1.2848
23.29 -1.2842
23.3 -1.2834
23.31 -1.2825
23.32 -1.2815
23.33 -1.2804
23.34 -1.2792
23.35 -1.2781
23.36 -1.277
23.37 -1.276
23.38 -1.275
23.39 -1.274
23.4 -1.2731
23.41 -1.2722
23.42 -1.2713
23.43 -1.2704
23.44 -1.2694
23.45 -1.2683
23.46 -1.2672
23.47 -1.266
23.48 -1.2646
23.49 -1.2632
23.5 -1.2616
23.51 -1.2599
23.52 -1.2582
23.53 -1.2563
23.54 -1.2544
23.55 -1.2525
23.56 -1.2506
23.57 -1.2487
23.58 -1.247
23.59 -1.2453
23.6 -1.2437
23.61 -1.2423
23.62 -1.2409
23.63 -1.2395
23.64 -1.2382
23.65 -1.2369
23.66 -1.2356
23.67 -1.2343
23.68 -1.233
23.69 -1.2317
23.7 -1.2305
23.71 -1.2294
23.72 -1.2283
23.73 -1.2274
23.74 -1.2265
23.75 -1.2257
23.76 -1.225
23.77 -1.2243
23.78 -1.2236
23.79 -1.2229
23.8 -1.2221
23.81 -1.2213
23.82 -1.2204
23.83 -1.2195
23.84 -1.2184
23.85 -1.2173
23.86 -1.2161
23.87 -1.2148
23.88 -1.2135
23.89 -1.212
23.9 -1.2105
23.91 -1.209
23.92 -1.2074
23.93 -1.2058
23.94 -1.2041
23.95 -1.2025
23.96 -1.2009
23.97 -1.1994
23.98 -1.198
23.99 -1.1966
24 -1.1953
24.01 -1.1941
24.02 -1.1931
24.03 -1.1921
24.04 -1.1913
24.05 -1.1907
24.06 -1.1902
24.07 -1.1899
24.08 -1.1897
24.09 -1.1897
24.1 -1.1899
24.11 -1.1902
24.12 -1.1906
24.13 -1.1911
24.14 -1.1918
24.15 -1.1925
24.16 -1.1933
24.17 -1.1941
24.18 -1.1951
24.19 -1.196
24.2 -1.197
24.21 -1.198
24.22 -1.1989
24.23 -1.1997
24.24 -1.2005
24.25 -1.2011
24.26 -1.2016
24.27 -1.2019
24.28 -1.2019
24.29 -1.2018
24.3 -1.2016
24.31 -1.2012
24.32 -1.2006
24.33 -1.2
24.34 -1.1994
24.35 -1.1988
24.36 -1.1982
24.37 -1.1978
24.38 -1.1975
24.39 -1.1974
24.4 -1.1975
24.41 -1.1978
24.42 -1.1983
24.43 -1.1989
24.44 -1.1997
24.45 -1.2006
24.46 -1.2016
24.47 -1.2026
24.48 -1.2037
24.49 -1.2048
24.5 -1.2059
24.51 -1.207
24.52 -1.2081
24.53 -1.2092
24.54 -1.2104
24.55 -1.2115
24.56 -1.2127
24.57 -1.214
24.58 -1.2152
24.59 -1.2164
24.6 -1.2176
24.61 -1.2188
24.62 -1.22
24.63 -1.2212
24.64 -1.2224
24.65 -1.2237
24.66 -1.2248
24.67 -1.226
24.68 -1.227
24.69 -1.228
24.7 -1.2289
24.71 -1.2296
24.72 -1.2303
24.73 -1.2308
24.74 -1.2313
24.75 -1.2317
24.76 -1.232
24.77 -1.2324
24.78 -1.2327
24.79 -1.2331
24.8 -1.2334
24.81 -1.2338
24.82 -1.2343
24.83 -1.2348
24.84 -1.2354
24.85 -1.2361
24.86 -1.2367
24.87 -1.2375
24.88 -1.2383
24.89 -1.2392
24.9 -1.2401
24.91 -1.2411
24.92 -1.2421
24.93 -1.243
24.94 -1.2438
24.95 -1.2445
24.96 -1.245
24.97 -1.2453
24.98 -1.2454
24.99 -1.2453
25 -1.2451
25.01 -1.2449
25.02 -1.2446
25.03 -1.2444
25.04 -1.2442
25.05 -1.2442
25.06 -1.2444
25.07 -1.2447
25.08 -1.2452
25.09 -1.2459
25.1 -1.2467
25.11 -1.2478
25.12 -1.2489
25.13 -1.2503
25.14 -1.2518
25.15 -1.2535
25.16 -1.2554
25.17 -1.2576
25.18 -1.2601
25.19 -1.2627
25.2 -1.2655
25.21 -1.2684
25.22 -1.2714
25.23 -1.2744
25.24 -1.2774
25.25 -1.2803
25.26 -1.2831
25.27 -1.2858
25.28 -1.2884
25.29 -1.2909
25.3 -1.2932
25.31 -1.2954
25.32 -1.2975
25.33 -1.2995
25.34 -1.3014
25.35 -1.3032
25.36 -1.3049
25.37 -1.3064
25.38 -1.3077
25.39 -1.3089
25.4 -1.3099
25.41 -1.3106
25.42 -1.3113
25.43 -1.3117
25.44 -1.312
25.45 -1.312
25.46 -1.3119
25.47 -1.3115
25.48 -1.3109
25.49 -1.3101
25.5 -1.3091
25.51 -1.308
25.52 -1.3067
25.53 -1.3055
25.54 -1.3042
25.55 -1.303
25.56 -1.3019
25.57 -1.3009
25.58 -1.2999
25.59 -1.2989
25.6 -1.298
25.61 -1.2971
25.62 -1.2961
25.63 -1.2952
25.64 -1.2944
25.65 -1.2936
25.66 -1.2929
25.67 -1.2923
25.68 -1.2918
25.69 -1.2914
25.7 -1.2912
25.71 -1.291
25.72 -1.291
25.73 -1.291
25.74 -1.2911
25.75 -1.2912
25.76 -1.2914
25.77 -1.2915
25.78 -1.2915
25.79 -1.2916
25.8 -1.2917
25.81 -1.2918
25.82 -1.2921
25.83 -1.2924
25.84 -1.2929
25.85 -1.2935
25.86 -1.2944
25.87 -1.2954
25.88 -1.2966
25.89 -1.2981
25.9 -1.2997
25.91 -1.3014
25.92 -1.3033
25.93 -1.3053
25.94 -1.3074
25.95 -1.3095
25.96 -1.3117
25.97 -1.3138
25.98 -1.3159
25.99 -1.318
26 -1.3199
26.01 -1.3218
26.02 -1.3237
26.03 -1.3253
26.04 -1.3269
26.05 -1.3282
26.06 -1.3293
26.07 -1.3302
26.08 -1.3308
26.09 -1.3311
26.1 -1.3311
26.11 -1.3307
26.12 -1.3301
26.13 -1.3292
26.14 -1.328
26.15 -1.3267
26.16 -1.3251
26.17 -1.3235
26.18 -1.3217
26.19 -1.32
26.2 -1.3182
26.21 -1.3164
26.22 -1.3145
26.23 -1.3127
26.24 -1.3109
26.25 -1.3091
26.26 -1.3072
26.27 -1.3054
26.28 -1.3035
26.29 -1.3016
26.3 -1.2996
26.31 -1.2976
26.32 -1.2956
26.33 -1.2936
26.34 -1.2917
26.35 -1.2898
26.36 -1.2879
26.37 -1.2862
26.38 -1.2846
26.39 -1.2832
26.4 -1.2819
26.41 -1.2807
26.42 -1.2796
26.43 -1.2785
26.44 -1.2775
26.45 -1.2764
26.46 -1.2754
26.47 -1.2742
26.48 -1.2731
26.49 -1.2718
26.5 -1.2705
26.51 -1.2692
26.52 -1.2678
26.53 -1.2665
26.54 -1.2652
26.55 -1.264
26.56 -1.2628
26.57 -1.2617
26.58 -1.2607
26.59 -1.2598
26.6 -1.2589
26.61 -1.2581
26.62 -1.2574
26.63 -1.2568
26.64 -1.2562
26.65 -1.2556
26.66 -1.2552
26.67 -1.2549
26.68 -1.2546
26.69 -1.2546
26.7 -1.2547
26.71 -1.255
26.72 -1.2555
26.73 -1.2563
26.74 -1.2573
26.75 -1.2587
26.76 -1.2603
26.77 -1.2623
26.78 -1.2646
26.79 -1.2672
26.8 -1.27
26.81 -1.2731
26.82 -1.2763
26.83 -1.2797
26.84 -1.2833
26.85 -1.2869
26.86 -1.2907
26.87 -1.2945
26.88 -1.2983
26.89 -1.302
26.9 -1.3057
26.91 -1.3092
26.92 -1.3124
26.93 -1.3152
26.94 -1.3176
26.95 -1.3196
26.96 -1.3211
26.97 -1.3223
26.98 -1.3233
26.99 -1.324
27 -1.3247
27.01 -1.3253
27.02 -1.3257
27.03 -1.3261
27.04 -1.3262
27.05 -1.326
27.06 -1.3254
27.07 -1.3245
27.08 -1.3233
27.09 -1.3218
27.1 -1.3202
27.11 -1.3186
27.12 -1.317
27.13 -1.3156
27.14 -1.3144
27.15 -1.3135
27.16 -1.3129
27.17 -1.3125
27.18 -1.3124
27.19 -1.3124
27.2 -1.3125
27.21 -1.3126
27.22 -1.3129
27.23 -1.3131
27.24 -1.3132
27.25 -1.3133
27.26 -1.3133
27.27 -1.313
27.28 -1.3125
27.29 -1.3117
27.3 -1.3108
27.31 -1.3099
27.32 -1.3092
27.33 -1.3089
27.34 -1.3093
27.35 -1.3108
27.36 -1.3136
27.37 -1.3178
27.38 -1.3235
27.39 -1.3305
27.4 -1.3387
27.41 -1.3478
27.42 -1.3573
27.43 -1.3671
27.44 -1.3766
27.45 -1.3857
27.46 -1.394
27.47 -1.4014
27.48 -1.4079
27.49 -1.4134
27.5 -1.4181
27.51 -1.4219
27.52 -1.4251
27.53 -1.4277
27.54 -1.4298
27.55 -1.4315
27.56 -1.4328
27.57 -1.4338
27.58 -1.4347
27.59 -1.4353
27.6 -1.4357
27.61 -1.436
27.62 -1.4361
27.63 -1.4361
27.64 -1.4359
27.65 -1.4357
27.66 -1.4355
27.67 -1.4353
27.68 -1.4352
27.69 -1.4349
27.7 -1.4347
27.71 -1.4343
27.72 -1.4336
27.73 -1.4327
27.74 -1.4314
27.75 -1.4297
27.76 -1.4274
27.77 -1.4247
27.78 -1.4215
27.79 -1.418
27.8 -1.4142
27.81 -1.4102
27.82 -1.4061
27.83 -1.402
27.84 -1.3978
27.85 -1.3936
27.86 -1.3893
27.87 -1.385
27.88 -1.3807
27.89 -1.3764
27.9 -1.3721
27.91 -1.3678
27.92 -1.3635
27.93 -1.3592
27.94 -1.355
27.95 -1.3508
27.96 -1.3467
27.97 -1.3427
27.98 -1.3388
27.99 -1.3351
28 -1.3316
28.01 -1.3283
28.02 -1.3253
28.03 -1.3227
28.04 -1.3204
28.05 -1.3185
28.06 -1.3169
28.07 -1.3158
28.08 -1.3151
28.09 -1.3148
28.1 -1.3149
28.11 -1.3153
28.12 -1.3159
28.13 -1.3168
28.14 -1.3179
28.15 -1.3191
28.16 -1.3204
28.17 -1.3218
28.18 -1.3233
28.19 -1.3248
28.2 -1.3264
28.21 -1.328
28.22 -1.3295
28.23 -1.3311
28.24 -1.3326
28.25 -1.334
28.26 -1.3354
28.27 -1.3367
28.28 -1.338
28.29 -1.3392
28.3 -1.3404
28.31 -1.3414
28.32 -1.3423
28.33 -1.3432
28.34 -1.344
28.35 -1.3449
28.36 -1.3458
28.37 -1.3468
28.38 -1.3479
28.39 -1.3491
28.4 -1.3504
28.41 -1.3518
28.42 -1.3532
28.43 -1.3546
28.44 -1.356
28.45 -1.3572
28.46 -1.3584
28.47 -1.3594
28.48 -1.3603
28.49 -1.3611
28.5 -1.3618
28.51 -1.3624
28.52 -1.3629
28.53 -1.3633
28.54 -1.3637
28.55 -1.364
28.56 -1.3644
28.57 -1.3647
28.58 -1.3651
28.59 -1.3654
28.6 -1.3658
28.61 -1.3662
28.62 -1.3666
28.63 -1.367
28.64 -1.3675
28.65 -1.3679
28.66 -1.3684
28.67 -1.3688
28.68 -1.3692
28.69 -1.3696
28.7 -1.3699
28.71 -1.3702
28.72 -1.3705
28.73 -1.3708
28.74 -1.371
28.75 -1.3712
28.76 -1.3715
28.77 -1.3718
28.78 -1.372
28.79 -1.3724
28.8 -1.3728
28.81 -1.3732
28.82 -1.3737
28.83 -1.3743
28.84 -1.375
28.85 -1.3757
28.86 -1.3766
28.87 -1.3775
28.88 -1.3785
28.89 -1.3797
28.9 -1.3809
28.91 -1.3822
28.92 -1.3834
28.93 -1.3846
28.94 -1.3857
28.95 -1.3865
28.96 -1.3871
28.97 -1.3876
28.98 -1.3878
28.99 -1.3878
29 -1.3876
29.01 -1.3873
29.02 -1.3869
29.03 -1.3863
29.04 -1.3856
29.05 -1.3848
29.06 -1.3839
29.07 -1.3828
29.08 -1.3817
29.09 -1.3804
29.1 -1.3791
29.11 -1.3777
29.12 -1.3762
29.13 -1.3747
29.14 -1.3733
29.15 -1.3719
29.16 -1.3706
29.17 -1.3693
29.18 -1.3681
29.19 -1.367
29.2 -1.366
29.21 -1.3649
29.22 -1.364
29.23 -1.3631
29.24 -1.3623
29.25 -1.3616
29.26 -1.3611
29.27 -1.3607
29.28 -1.3605
29.29 -1.3603
29.3 -1.3602
29.31 -1.3602
29.32 -1.3602
29.33 -1.3603
29.34 -1.3604
29.35 -1.3606
29.36 -1.3609
29.37 -1.3611
29.38 -1.3613
29.39 -1.3614
29.4 -1.3614
29.41 -1.3612
29.42 -1.3609
29.43 -1.3604
29.44 -1.3598
29.45 -1.359
29.46 -1.358
29.47 -1.3568
29.48 -1.3555
29.49 -1.3541
29.5 -1.3525
29.51 -1.3508
29.52 -1.3491
29.53 -1.3473
29.54 -1.3455
29.55 -1.3436
29.56 -1.3418
29.57 -1.3399
29.58 -1.338
29.59 -1.3361
29.6 -1.3342
29.61 -1.3322
29.62 -1.3303
29.63 -1.3284
29.64 -1.3265
29.65 -1.3246
29.66 -1.3228
29.67 -1.321
29.68 -1.3191
29.69 -1.3172
29.7 -1.3153
29.71 -1.3134
29.72 -1.3116
29.73 -1.3099
29.74 -1.3083
29.75 -1.3068
29.76 -1.3055
29.77 -1.3044
29.78 -1.3035
29.79 -1.3027
29.8 -1.3021
29.81 -1.3016
29.82 -1.3013
29.83 -1.3011
29.84 -1.301
29.85 -1.301
29.86 -1.3011
29.87 -1.3012
29.88 -1.3014
29.89 -1.3016
29.9 -1.302
29.91 -1.3024
29.92 -1.3029
29.93 -1.3035
29.94 -1.3041
29.95 -1.3047
29.96 -1.3054
29.97 -1.306
29.98 -1.3067
29.99 -1.3073
30 -1.3079
30.01 -1.3084
30.02 -1.3089
30.03 -1.3093
30.04 -1.3096
30.05 -1.3098
30.06 -1.31
30.07 -1.3101
30.08 -1.3102
30.09 -1.3102
30.1 -1.3101
30.11 -1.3099
30.12 -1.3097
30.13 -1.3095
30.14 -1.3092
30.15 -1.3089
30.16 -1.3086
30.17 -1.3083
30.18 -1.3079
30.19 -1.3075
30.2 -1.3072
30.21 -1.3068
30.22 -1.3064
30.23 -1.306
30.24 -1.3057
30.25 -1.3054
30.26 -1.3052
30.27 -1.305
30.28 -1.3049
30.29 -1.3049
30.3 -1.3048
30.31 -1.3049
30.32 -1.3049
30.33 -1.3049
30.34 -1.3049
30.35 -1.305
30.36 -1.305
30.37 -1.305
30.38 -1.305
30.39 -1.305
30.4 -1.305
30.41 -1.3049
30.42 -1.3049
30.43 -1.3049
30.44 -1.3049
30.45 -1.3049
30.46 -1.3048
30.47 -1.3047
30.48 -1.3046
30.49 -1.3044
30.5 -1.3043
30.51 -1.3041
30.52 -1.304
30.53 -1.3038
30.54 -1.3037
30.55 -1.3036
30.56 -1.3034
30.57 -1.3033
30.58 -1.3031
30.59 -1.303
30.6 -1.3028
30.61 -1.3027
30.62 -1.3025
30.63 -1.3024
30.64 -1.3022
30.65 -1.3021
30.66 -1.302
30.67 -1.3019
30.68 -1.3018
30.69 -1.3017
30.7 -1.3016
30.71 -1.3016
30.72 -1.3016
30.73 -1.3015
30.74 -1.3015
30.75 -1.3015
30.76 -1.3014
30.77 -1.3013
30.78 -1.3012
30.79 -1.301
30.8 -1.3009
30.81 -1.3007
30.82 -1.3005
30.83 -1.3003
30.84 -1.3001
30.85 -1.2999
30.86 -1.2997
30.87 -1.2995
30.88 -1.2993
30.89 -1.2991
30.9 -1.2989
30.91 -1.2987
30.92 -1.2985
30.93 -1.2984
30.94 -1.2981
30.95 -1.2979
30.96 -1.2977
30.97 -1.2975
30.98 -1.2972
30.99 -1.2969
31 -1.2966
31.01 -1.2963
31.02 -1.296
31.03 -1.2957
31.04 -1.2953
31.05 -1.295
31.06 -1.2946
31.07 -1.2942
31.08 -1.2938
31.09 -1.2933
31.1 -1.2928
31.11 -1.2922
31.12 -1.2916
31.13 -1.291
31.14 -1.2902
31.15 -1.2895
31.16 -1.2887
31.17 -1.2879
31.18 -1.2871
31.19 -1.2863
31.2 -1.2856
31.21 -1.2848
31.22 -1.284
31.23 -1.2833
31.24 -1.2826
31.25 -1.2819
31.26 -1.2813
31.27 -1.2807
31.28 -1.2801
31.29 -1.2795
31.3 -1.2789
31.31 -1.2784
31.32 -1.2778
31.33 -1.2773
31.34 -1.2767
31.35 -1.2761
31.36 -1.2755
31.37 -1.2749
31.38 -1.2742
31.39 -1.2735
31.4 -1.2728
31.41 -1.2721
31.42 -1.2714
31.43 -1.2707
31.44 -1.2701
31.45 -1.2694
31.46 -1.2689
31.47 -1.2683
31.48 -1.2678
31.49 -1.2674
31.5 -1.2669
31.51 -1.2665
31.52 -1.2661
31.53 -1.2658
31.54 -1.2654
31.55 -1.2651
31.56 -1.2648
31.57 -1.2645
31.58 -1.2642
31.59 -1.2639
31.6 -1.2636
31.61 -1.2633
31.62 -1.263
31.63 -1.2627
31.64 -1.2624
31.65 -1.262
31.66 -1.2617
31.67 -1.2613
31.68 -1.261
31.69 -1.2606
31.7 -1.2603
31.71 -1.26
31.72 -1.2597
31.73 -1.2594
31.74 -1.2592
31.75 -1.259
31.76 -1.2588
31.77 -1.2587
31.78 -1.2586
31.79 -1.2586
31.8 -1.2585
31.81 -1.2586
31.82 -1.2586
31.83 -1.2587
31.84 -1.2588
31.85 -1.259
31.86 -1.2591
31.87 -1.2592
31.88 -1.2593
31.89 -1.2594
31.9 -1.2594
31.91 -1.2595
31.92 -1.2595
31.93 -1.2595
31.94 -1.2595
31.95 -1.2595
31.96 -1.2596
31.97 -1.2596
31.98 -1.2597
31.99 -1.2598
32 -1.26
32.01 -1.2601
32.02 -1.2603
32.03 -1.2605
32.04 -1.2607
32.05 -1.261
32.06 -1.2612
32.07 -1.2614
32.08 -1.2616
32.09 -1.2618
32.1 -1.262
32.11 -1.2623
32.12 -1.2625
32.13 -1.2627
32.14 -1.2629
32.15 -1.2631
32.16 -1.2632
32.17 -1.2634
32.18 -1.2635
32.19 -1.2636
32.2 -1.2638
32.21 -1.2639
32.22 -1.264
32.23 -1.2642
32.24 -1.2643
32.25 -1.2645
32.26 -1.2647
32.27 -1.2649
32.28 -1.2651
32.29 -1.2654
32.3 -1.2656
32.31 -1.2659
32.32 -1.2661
32.33 -1.2664
32.34 -1.2666
32.35 -1.2668
32.36 -1.2669
32.37 -1.267
32.38 -1.2671
32.39 -1.2672
32.4 -1.2672
32.41 -1.2672
32.42 -1.2672
32.43 -1.2672
32.44 -1.2672
32.45 -1.2672
32.46 -1.2671
32.47 -1.2671
32.48 -1.2671
32.49 -1.2671
32.5 -1.267
32.51 -1.267
32.52 -1.2669
32.53 -1.2669
32.54 -1.2668
32.55 -1.2667
32.56 -1.2667
32.57 -1.2666
32.58 -1.2665
32.59 -1.2665
32.6 -1.2664
32.61 -1.2664
32.62 -1.2664
32.63 -1.2664
32.64 -1.2665
32.65 -1.2666
32.66 -1.2667
32.67 -1.2669
32.68 -1.2671
32.69 -1.2673
32.7 -1.2675
32.71 -1.2677
32.72 -1.268
32.73 -1.2682
32.74 -1.2684
32.75 -1.2686
32.76 -1.2688
32.77 -1.2689
32.78 -1.2691
32.79 -1.2692
32.8 -1.2693
32.81 -1.2695
32.82 -1.2696
32.83 -1.2698
32.84 -1.2699
32.85 -1.27
32.86 -1.2701
32.87 -1.2702
32.88 -1.2703
32.89 -1.2704
32.9 -1.2704
32.91 -1.2705
32.92 -1.2705
32.93 -1.2704
32.94 -1.2704
32.95 -1.2702
32.96 -1.2701
32.97 -1.2698
32.98 -1.2696
32.99 -1.2693
33 -1.269
33.01 -1.2688
33.02 -1.2685
33.03 -1.2683
33.04 -1.2682
33.05 -1.268
33.06 -1.2679
33.07 -1.2678
33.08 -1.2677
33.09 -1.2676
33.1 -1.2673
33.11 -1.2671
33.12 -1.2668
33.13 -1.2664
33.14 -1.266
33.15 -1.2656
33.16 -1.2651
33.17 -1.2646
33.18 -1.2641
33.19 -1.2637
33.2 -1.2632
33.21 -1.2628
33.22 -1.2624
33.23 -1.2621
33.24 -1.2617
33.25 -1.2613
33.26 -1.2609
33.27 -1.2605
33.28 -1.2602
33.29 -1.2598
33.3 -1.2594
33.31 -1.2589
33.32 -1.2585
33.33 -1.2581
33.34 -1.2577
33.35 -1.2573
33.36 -1.2569
33.37 -1.2565
33.38 -1.2561
33.39 -1.2557
33.4 -1.2554
33.41 -1.255
33.42 -1.2547
33.43 -1.2544
33.44 -1.2541
33.45 -1.2539
33.46 -1.2536
33.47 -1.2534
33.48 -1.2533
33.49 -1.2531
33.5 -1.2529
33.51 -1.2528
33.52 -1.2527
33.53 -1.2525
33.54 -1.2524
33.55 -1.2522
33.56 -1.2521
33.57 -1.2519
33.58 -1.2518
33.59 -1.2516
33.6 -1.2515
33.61 -1.2514
33.62 -1.2513
33.63 -1.2512
33.64 -1.2511
33.65 -1.251
33.66 -1.2508
33.67 -1.2507
33.68 -1.2506
33.69 -1.2504
33.7 -1.2503
33.71 -1.2501
33.72 -1.2499
33.73 -1.2498
33.74 -1.2496
33.75 -1.2495
33.76 -1.2493
33.77 -1.2492
33.78 -1.2491
33.79 -1.2489
33.8 -1.2489
33.81 -1.2488
33.82 -1.2487
33.83 -1.2487
33.84 -1.2487
33.85 -1.2486
33.86 -1.2486
33.87 -1.2485
33.88 -1.2485
33.89 -1.2484
33.9 -1.2483
33.91 -1.2482
33.92 -1.2482
33.93 -1.2481
33.94 -1.2481
33.95 -1.248
33.96 -1.248
33.97 -1.248
33.98 -1.2481
33.99 -1.2481
34 -1.2482
34.01 -1.2483
34.02 -1.2485
34.03 -1.2487
34.04 -1.2489
34.05 -1.2491
34.06 -1.2494
34.07 -1.2497
34.08 -1.25
34.09 -1.2502
34.1 -1.2505
34.11 -1.2508
34.12 -1.251
34.13 -1.2512
34.14 -1.2514
34.15 -1.2516
34.16 -1.2518
34.17 -1.252
34.18 -1.2521
34.19 -1.2522
34.2 -1.2523
34.21 -1.2524
34.22 -1.2524
34.23 -1.2524
34.24 -1.2524
34.25 -1.2524
34.26 -1.2524
34.27 -1.2524
34.28 -1.2524
34.29 -1.2523
34.3 -1.2523
34.31 -1.2522
34.32 -1.2521
34.33 -1.252
34.34 -1.2519
34.35 -1.2517
34.36 -1.2516
34.37 -1.2514
34.38 -1.2511
34.39 -1.2509
34.4 -1.2507
34.41 -1.2504
34.42 -1.2501
34.43 -1.2498
34.44 -1.2495
34.45 -1.2493
34.46 -1.249
34.47 -1.2487
34.48 -1.2484
34.49 -1.2482
34.5 -1.2479
34.51 -1.2477
34.52 -1.2475
34.53 -1.2473
34.54 -1.2471
34.55 -1.2469
34.56 -1.2468
34.57 -1.2466
34.58 -1.2465
34.59 -1.2463
34.6 -1.2461
34.61 -1.2459
34.62 -1.2458
34.63 -1.2456
34.64 -1.2454
34.65 -1.2453
34.66 -1.2452
34.67 -1.2452
34.68 -1.2452
34.69 -1.2453
34.7 -1.2453
34.71 -1.2454
34.72 -1.2456
34.73 -1.2458
34.74 -1.246
34.75 -1.2462
34.76 -1.2464
34.77 -1.2467
34.78 -1.247
34.79 -1.2474
34.8 -1.2477
34.81 -1.2481
34.82 -1.2486
34.83 -1.249
34.84 -1.2495
34.85 -1.25
34.86 -1.2504
34.87 -1.2508
34.88 -1.2512
34.89 -1.2516
34.9 -1.2519
34.91 -1.2521
34.92 -1.2523
34.93 -1.2524
34.94 -1.2525
34.95 -1.2526
34.96 -1.2526
34.97 -1.2526
34.98 -1.2525
34.99 -1.2524
35 -1.2523
35.01 -1.2522
35.02 -1.2521
35.03 -1.2519
35.04 -1.2517
35.05 -1.2515
35.06 -1.2512
35.07 -1.2509
35.08 -1.2506
35.09 -1.2503
35.1 -1.2499
35.11 -1.2495
35.12 -1.249
35.13 -1.2486
35.14 -1.2481
35.15 -1.2476
35.16 -1.2471
35.17 -1.2467
35.18 -1.2463
35.19 -1.2459
35.2 -1.2455
35.21 -1.2451
35.22 -1.2448
35.23 -1.2445
35.24 -1.2443
35.25 -1.244
35.26 -1.2438
35.27 -1.2436
35.28 -1.2434
35.29 -1.2432
35.3 -1.243
35.31 -1.2429
35.32 -1.2427
35.33 -1.2426
35.34 -1.2424
35.35 -1.2423
35.36 -1.2422
35.37 -1.2421
35.38 -1.242
35.39 -1.2419
35.4 -1.2419
35.41 -1.2418
35.42 -1.2417
35.43 -1.2417
35.44 -1.2416
35.45 -1.2415
35.46 -1.2414
35.47 -1.2413
35.48 -1.2411
35.49 -1.241
35.5 -1.2408
35.51 -1.2406
35.52 -1.2405
35.53 -1.2403
35.54 -1.2401
35.55 -1.2399
35.56 -1.2397
35.57 -1.2395
35.58 -1.2394
35.59 -1.2392
35.6 -1.239
35.61 -1.2389
35.62 -1.2388
35.63 -1.2387
35.64 -1.2386
35.65 -1.2386
35.66 -1.2387
35.67 -1.2388
35.68 -1.2389
35.69 -1.2391
35.7 -1.2393
35.71 -1.2395
35.72 -1.2397
35.73 -1.2399
35.74 -1.2401
35.75 -1.2403
35.76 -1.2405
35.77 -1.2407
35.78 -1.241
35.79 -1.2412
35.8 -1.2415
35.81 -1.2418
35.82 -1.2421
35.83 -1.2424
35.84 -1.2427
35.85 -1.2429
35.86 -1.2432
35.87 -1.2435
35.88 -1.2438
35.89 -1.244
35.9 -1.2442
35.91 -1.2445
35.92 -1.2447
35.93 -1.2449
35.94 -1.2451
35.95 -1.2454
35.96 -1.2456
35.97 -1.2458
35.98 -1.2459
35.99 -1.2461
36 -1.2462
36.01 -1.2464
36.02 -1.2465
36.03 -1.2466
36.04 -1.2467
36.05 -1.2467
36.06 -1.2468
36.07 -1.2468
36.08 -1.2468
36.09 -1.2468
36.1 -1.2469
36.11 -1.2469
36.12 -1.2469
36.13 -1.2469
36.14 -1.247
36.15 -1.247
36.16 -1.2471
36.17 -1.2471
36.18 -1.2472
