0 0.3361
0.01 0.37205
0.02 0.40941
0.03 0.44829
0.04 0.48884
0.05 0.53116
0.06 0.57528
0.07 0.62118
0.08 0.66873
0.09 0.71776
0.1 0.76802
0.11 0.81922
0.12 0.87106
0.13 0.92323
0.14 0.97537
0.15 1.0271
0.16 1.0781
0.17 1.128
0.18 1.1762
0.19 1.2226
0.2 1.267
0.21 1.309
0.22 1.3489
0.23 1.3864
0.24 1.4217
0.25 1.4548
0.26 1.4859
0.27 1.5151
0.28 1.5424
0.29 1.5681
0.3 1.5922
0.31 1.615
0.32 1.6368
0.33 1.6579
0.34 1.6785
0.35 1.699
0.36 1.7197
0.37 1.7408
0.38 1.7624
0.39 1.7846
0.4 1.8076
0.41 1.8313
0.42 1.8556
0.43 1.8806
0.44 1.9063
0.45 1.9326
0.46 1.9595
0.47 1.9871
0.48 2.0155
0.49 2.0446
0.5 2.0744
0.51 2.1048
0.52 2.1355
0.53 2.1662
0.54 2.1966
0.55 2.2264
0.56 2.2554
0.57 2.2833
0.58 2.3102
0.59 2.3358
0.6 2.3603
0.61 2.3834
0.62 2.4053
0.63 2.4259
0.64 2.4451
0.65 2.4628
0.66 2.4791
0.67 2.4938
0.68 2.5071
0.69 2.5188
0.7 2.5291
0.71 2.538
0.72 2.5456
0.73 2.5519
0.74 2.5569
0.75 2.5607
0.76 2.5633
0.77 2.5646
0.78 2.5647
0.79 2.5635
0.8 2.5613
0.81 2.5579
0.82 2.5536
0.83 2.5483
0.84 2.5421
0.85 2.535
0.86 2.5268
0.87 2.5176
0.88 2.507
0.89 2.4949
0.9 2.4809
0.91 2.4646
0.92 2.4457
0.93 2.4236
0.94 2.398
0.95 2.3683
0.96 2.3342
0.97 2.2953
0.98 2.2516
0.99 2.2031
1 2.1504
1.01 2.0942
1.02 2.0353
1.03 1.9748
1.04 1.9137
1.05 1.853
1.06 1.7932
1.07 1.735
1.08 1.6787
1.09 1.6246
1.1 1.5728
1.11 1.5235
1.12 1.4766
1.13 1.432
1.14 1.3894
1.15 1.3488
1.16 1.31
1.17 1.2726
1.18 1.2365
1.19 1.2013
1.2 1.1667
1.21 1.1325
1.22 1.0985
1.23 1.0645
1.24 1.0304
1.25 0.99606
1.26 0.96154
1.27 0.92683
1.28 0.89198
1.29 0.85707
1.3 0.82226
1.31 0.78778
1.32 0.75392
1.33 0.72104
1.34 0.68945
1.35 0.65947
1.36 0.63131
1.37 0.6051
1.38 0.58086
1.39 0.55846
1.4 0.53774
1.41 0.51846
1.42 0.50035
1.43 0.48317
1.44 0.46672
1.45 0.45079
1.46 0.43523
1.47 0.41991
1.48 0.40478
1.49 0.38988
1.5 0.37535
1.51 0.36141
1.52 0.34841
1.53 0.33672
1.54 0.32672
1.55 0.31874
1.56 0.31301
1.57 0.30953
1.58 0.30799
1.59 0.30785
1.6 0.30842
1.61 0.30901
1.62 0.30907
1.63 0.30833
1.64 0.30675
1.65 0.30443
1.66 0.30153
1.67 0.29818
1.68 0.29452
1.69 0.29065
1.7 0.28672
1.71 0.28285
1.72 0.2792
1.73 0.27589
1.74 0.27303
1.75 0.2707
1.76 0.26892
1.77 0.26772
1.78 0.26708
1.79 0.26696
1.8 0.26731
1.81 0.26801
1.82 0.26895
1.83 0.26998
1.84 0.27101
1.85 0.27196
1.86 0.27286
1.87 0.27375
1.88 0.27465
1.89 0.27558
1.9 0.27651
1.91 0.27737
1.92 0.27811
1.93 0.27865
1.94 0.27895
1.95 0.27897
1.96 0.2787
1.97 0.27815
1.98 0.27733
1.99 0.2763
2 0.27512
2.01 0.27387
2.02 0.27266
2.03 0.27162
2.04 0.27091
2.05 0.27063
2.06 0.27085
2.07 0.27159
2.08 0.2728
2.09 0.27445
2.1 0.27646
2.11 0.27878
2.12 0.28139
2.13 0.28423
2.14 0.28723
2.15 0.29029
2.16 0.29332
2.17 0.29625
2.18 0.29904
2.19 0.30171
2.2 0.30427
2.21 0.30675
2.22 0.30923
2.23 0.31186
2.24 0.31476
2.25 0.31806
2.26 0.32182
2.27 0.32604
2.28 0.33068
2.29 0.33566
2.3 0.3409
2.31 0.34631
2.32 0.3518
2.33 0.3573
2.34 0.36277
2.35 0.36824
2.36 0.37379
2.37 0.37952
2.38 0.38554
2.39 0.39193
2.4 0.39878
2.41 0.40614
2.42 0.41401
2.43 0.42236
2.44 0.43112
2.45 0.44019
2.46 0.44947
2.47 0.45881
2.48 0.46808
2.49 0.47715
2.5 0.48586
2.51 0.49408
2.52 0.50168
2.53 0.50857
2.54 0.51467
2.55 0.51996
2.56 0.52444
2.57 0.52818
2.58 0.53125
2.59 0.53372
2.6 0.53562
2.61 0.53699
2.62 0.53789
2.63 0.53839
2.64 0.53858
2.65 0.53856
2.66 0.5384
2.67 0.53817
2.68 0.53789
2.69 0.53759
2.7 0.53726
2.71 0.5369
2.72 0.53646
2.73 0.53591
2.74 0.53524
2.75 0.53447
2.76 0.53367
2.77 0.53288
2.78 0.53215
2.79 0.5315
2.8 0.53092
2.81 0.53039
2.82 0.52992
2.83 0.52949
2.84 0.5291
2.85 0.52876
2.86 0.52841
2.87 0.52802
2.88 0.52753
2.89 0.5269
2.9 0.52608
2.91 0.52509
2.92 0.52398
2.93 0.52282
2.94 0.52166
2.95 0.52053
2.96 0.51936
2.97 0.51806
2.98 0.51647
2.99 0.51443
3 0.51183
3.01 0.50861
3.02 0.50476
3.03 0.50036
3.04 0.49556
3.05 0.49052
3.06 0.48539
3.07 0.48034
3.08 0.4755
3.09 0.47097
3.1 0.46684
3.11 0.46315
3.12 0.45992
3.13 0.45716
3.14 0.45484
3.15 0.45292
3.16 0.45136
3.17 0.45014
3.18 0.44927
3.19 0.44872
3.2 0.44844
3.21 0.44833
3.22 0.44831
3.23 0.44832
3.24 0.44835
3.25 0.44845
3.26 0.44866
3.27 0.44905
3.28 0.44966
3.29 0.45047
3.3 0.45139
3.31 0.4523
3.32 0.45304
3.33 0.45345
3.34 0.45335
3.35 0.45264
3.36 0.45125
3.37 0.44919
3.38 0.44652
3.39 0.44332
3.4 0.43973
3.41 0.43589
3.42 0.43196
3.43 0.4281
3.44 0.42445
3.45 0.42116
3.46 0.41831
3.47 0.41596
3.48 0.41408
3.49 0.41261
3.5 0.41141
3.51 0.41036
3.52 0.40933
3.53 0.40822
3.54 0.40696
3.55 0.40552
3.56 0.40394
3.57 0.40222
3.58 0.40038
3.59 0.39835
3.6 0.39602
3.61 0.39329
3.62 0.39006
3.63 0.38631
3.64 0.38201
3.65 0.37717
3.66 0.37184
3.67 0.36609
3.68 0.36001
3.69 0.35367
3.7 0.34717
3.71 0.34058
3.72 0.33397
3.73 0.3274
3.74 0.32088
3.75 0.31448
3.76 0.30831
3.77 0.30261
3.78 0.29766
3.79 0.29382
3.8 0.29141
3.81 0.29077
3.82 0.29217
3.83 0.29594
3.84 0.30235
3.85 0.31168
3.86 0.32414
3.87 0.33983
3.88 0.35875
3.89 0.38081
3.9 0.40578
3.91 0.43337
3.92 0.46325
3.93 0.49507
3.94 0.52852
3.95 0.5633
3.96 0.59917
3.97 0.63595
3.98 0.67349
3.99 0.71163
4 0.75017
4.01 0.78886
4.02 0.82739
4.03 0.86543
4.04 0.90263
4.05 0.93862
4.06 0.97312
4.07 1.0059
4.08 1.0369
4.09 1.0659
4.1 1.0932
4.11 1.1187
4.12 1.1427
4.13 1.1653
4.14 1.1868
4.15 1.2074
4.16 1.2274
4.17 1.247
4.18 1.2664
4.19 1.2857
4.2 1.3052
4.21 1.325
4.22 1.3451
4.23 1.3659
4.24 1.3875
4.25 1.4101
4.26 1.4338
4.27 1.4589
4.28 1.4856
4.29 1.5139
4.3 1.5442
4.31 1.5764
4.32 1.6105
4.33 1.6464
4.34 1.6841
4.35 1.7233
4.36 1.7639
4.37 1.8055
4.38 1.848
4.39 1.8911
4.4 1.9344
4.41 1.9777
4.42 2.0206
4.43 2.0629
4.44 2.1042
4.45 2.1442
4.46 2.1827
4.47 2.2192
4.48 2.2535
4.49 2.2854
4.5 2.3148
4.51 2.3416
4.52 2.3657
4.53 2.3873
4.54 2.4064
4.55 2.4233
4.56 2.4381
4.57 2.4511
4.58 2.4624
4.59 2.4723
4.6 2.4809
4.61 2.4886
4.62 2.4952
4.63 2.501
4.64 2.506
4.65 2.5101
4.66 2.5134
4.67 2.5159
4.68 2.5177
4.69 2.5188
4.7 2.5192
4.71 2.519
4.72 2.5184
4.73 2.5172
4.74 2.5156
4.75 2.5136
4.76 2.5113
4.77 2.5087
4.78 2.5058
4.79 2.5026
4.8 2.4991
4.81 2.4951
4.82 2.4904
4.83 2.4848
4.84 2.4781
4.85 2.4699
4.86 2.4598
4.87 2.4475
4.88 2.4326
4.89 2.4147
4.9 2.3933
4.91 2.368
4.92 2.3384
4.93 2.3043
4.94 2.2652
4.95 2.221
4.96 2.1716
4.97 2.117
4.98 2.0576
4.99 1.994
5 1.9274
5.01 1.8588
5.02 1.7896
5.03 1.7211
5.04 1.6544
5.05 1.5905
5.06 1.5303
5.07 1.4743
5.08 1.4228
5.09 1.3759
5.1 1.3335
5.11 1.2953
5.12 1.2609
5.13 1.2298
5.14 1.2016
5.15 1.1756
5.16 1.1515
5.17 1.1288
5.18 1.107
5.19 1.0858
5.2 1.0646
5.21 1.043
5.22 1.0207
5.23 0.99733
5.24 0.97249
5.25 0.94601
5.26 0.91779
5.27 0.88786
5.28 0.85639
5.29 0.82364
5.3 0.78993
5.31 0.75566
5.32 0.72127
5.33 0.68722
5.34 0.65397
5.35 0.62193
5.36 0.59147
5.37 0.56288
5.38 0.53632
5.39 0.51179
5.4 0.48919
5.41 0.46826
5.42 0.44867
5.43 0.43001
5.44 0.41191
5.45 0.39405
5.46 0.37621
5.47 0.3583
5.48 0.34033
5.49 0.32243
5.5 0.30482
5.51 0.2878
5.52 0.27169
5.53 0.25684
5.54 0.24359
5.55 0.23224
5.56 0.22303
5.57 0.21611
5.58 0.21153
5.59 0.20921
5.6 0.20895
5.61 0.21036
5.62 0.21289
5.63 0.21583
5.64 0.21854
5.65 0.22054
5.66 0.22159
5.67 0.22168
5.68 0.22097
5.69 0.21972
5.7 0.2182
5.71 0.21662
5.72 0.21518
5.73 0.21405
5.74 0.21333
5.75 0.21309
5.76 0.21332
5.77 0.214
5.78 0.2151
5.79 0.21657
5.8 0.21836
5.81 0.22044
5.82 0.22273
5.83 0.22516
5.84 0.22764
5.85 0.23005
5.86 0.23229
5.87 0.2343
5.88 0.23606
5.89 0.23759
5.9 0.23892
5.91 0.24005
5.92 0.241
5.93 0.24173
5.94 0.24225
5.95 0.24253
5.96 0.24258
5.97 0.24239
5.98 0.24197
5.99 0.24137
6 0.24064
6.01 0.23985
6.02 0.23905
6.03 0.2383
6.04 0.23762
6.05 0.23702
6.06 0.23649
6.07 0.23601
6.08 0.23555
6.09 0.23507
6.1 0.2345
6.11 0.23386
6.12 0.23317
6.13 0.23252
6.14 0.23204
6.15 0.23181
6.16 0.23192
6.17 0.23242
6.18 0.23333
6.19 0.23463
6.2 0.2363
6.21 0.23824
6.22 0.24035
6.23 0.24252
6.24 0.24463
6.25 0.24659
6.26 0.24834
6.27 0.24985
6.28 0.25112
6.29 0.25221
6.3 0.25321
6.31 0.25423
6.32 0.25539
6.33 0.25681
6.34 0.25854
6.35 0.2606
6.36 0.26298
6.37 0.26566
6.38 0.26862
6.39 0.27182
6.4 0.27525
6.41 0.27883
6.42 0.28252
6.43 0.28626
6.44 0.29001
6.45 0.29376
6.46 0.29754
6.47 0.30133
6.48 0.30518
6.49 0.30912
6.5 0.31321
6.51 0.31749
6.52 0.32196
6.53 0.32662
6.54 0.33142
6.55 0.33633
6.56 0.34133
6.57 0.34641
6.58 0.35156
6.59 0.3568
6.6 0.36216
6.61 0.36771
6.62 0.3735
6.63 0.37958
6.64 0.38597
6.65 0.39269
6.66 0.39975
6.67 0.40716
6.68 0.41492
6.69 0.42303
6.7 0.43149
6.71 0.44023
6.72 0.44914
6.73 0.45811
6.74 0.46701
6.75 0.47573
6.76 0.48418
6.77 0.4923
6.78 0.50007
6.79 0.50746
6.8 0.51442
6.81 0.52092
6.82 0.52688
6.83 0.53224
6.84 0.53695
6.85 0.54094
6.86 0.54418
6.87 0.54665
6.88 0.54839
6.89 0.54946
6.9 0.54997
6.91 0.55001
6.92 0.54962
6.93 0.54883
6.94 0.54763
6.95 0.54601
6.96 0.54398
6.97 0.54155
6.98 0.53876
6.99 0.53566
7 0.53231
7.01 0.52875
7.02 0.52503
7.03 0.52114
7.04 0.5171
7.05 0.51291
7.06 0.50857
7.07 0.50412
7.08 0.49955
7.09 0.49486
7.1 0.49004
7.11 0.48514
7.12 0.48018
7.13 0.47523
7.14 0.47033
7.15 0.46554
7.16 0.4609
7.17 0.45639
7.18 0.45202
7.19 0.44776
7.2 0.44364
7.21 0.43965
7.22 0.4358
7.23 0.4321
7.24 0.42853
7.25 0.42506
7.26 0.42168
7.27 0.41841
7.28 0.4153
7.29 0.41244
7.3 0.4099
7.31 0.40773
7.32 0.40595
7.33 0.40453
7.34 0.40341
7.35 0.40249
7.36 0.40164
7.37 0.40073
7.38 0.39963
7.39 0.39825
7.4 0.39653
7.41 0.39438
7.42 0.39178
7.43 0.38872
7.44 0.38524
7.45 0.38145
7.46 0.37751
7.47 0.3736
7.48 0.36993
7.49 0.36668
7.5 0.36397
7.51 0.36185
7.52 0.36029
7.53 0.35918
7.54 0.35838
7.55 0.35776
7.56 0.35721
7.57 0.35671
7.58 0.35625
7.59 0.35587
7.6 0.35565
7.61 0.35561
7.62 0.3558
7.63 0.35622
7.64 0.35685
7.65 0.35765
7.66 0.35856
7.67 0.3595
7.68 0.3604
7.69 0.36115
7.7 0.36167
7.71 0.36189
7.72 0.36179
7.73 0.36133
7.74 0.36053
7.75 0.35943
7.76 0.35809
7.77 0.35658
7.78 0.35496
7.79 0.35332
7.8 0.35168
7.81 0.35009
7.82 0.34853
7.83 0.34702
7.84 0.34554
7.85 0.34408
7.86 0.34261
7.87 0.34109
7.88 0.33949
7.89 0.33777
7.9 0.33593
7.91 0.334
7.92 0.33204
7.93 0.33013
7.94 0.32833
7.95 0.32666
7.96 0.32516
7.97 0.32383
7.98 0.32269
7.99 0.32173
8 0.32094
8.01 0.3203
8.02 0.31979
8.03 0.31937
8.04 0.31899
8.05 0.31861
8.06 0.3182
8.07 0.31772
8.08 0.31719
8.09 0.31662
8.1 0.31604
8.11 0.31549
8.12 0.31498
8.13 0.31452
8.14 0.3141
8.15 0.31373
8.16 0.3134
8.17 0.31309
8.18 0.31279
8.19 0.31247
8.2 0.3121
8.21 0.31168
8.22 0.31122
8.23 0.31074
8.24 0.31026
8.25 0.30979
8.26 0.30934
8.27 0.30892
8.28 0.30853
8.29 0.30814
8.3 0.30774
8.31 0.30732
8.32 0.30687
8.33 0.30636
8.34 0.30581
8.35 0.30521
8.36 0.30458
8.37 0.30393
8.38 0.30331
8.39 0.30276
8.4 0.30231
8.41 0.30198
8.42 0.30178
8.43 0.3017
8.44 0.30172
8.45 0.30182
8.46 0.30197
8.47 0.30215
8.48 0.30234
8.49 0.30254
8.5 0.30273
8.51 0.30291
8.52 0.30307
8.53 0.30321
8.54 0.30333
8.55 0.30343
8.56 0.30353
8.57 0.30361
8.58 0.30369
8.59 0.30375
8.6 0.30379
8.61 0.30382
8.62 0.30383
8.63 0.30383
8.64 0.30382
8.65 0.3038
8.66 0.30378
8.67 0.30375
8.68 0.3037
8.69 0.30361
8.7 0.30349
8.71 0.30334
8.72 0.30318
8.73 0.30305
8.74 0.30296
8.75 0.30291
8.76 0.3029
8.77 0.30292
8.78 0.30295
8.79 0.30299
8.8 0.30303
8.81 0.30308
8.82 0.30314
8.83 0.30322
8.84 0.30334
8.85 0.30351
8.86 0.30372
8.87 0.30398
8.88 0.30427
8.89 0.30461
8.9 0.305
8.91 0.30542
8.92 0.30589
8.93 0.30639
8.94 0.30692
8.95 0.30747
8.96 0.30805
8.97 0.30863
8.98 0.30918
8.99 0.30966
9 0.31003
9.01 0.31021
9.02 0.31014
9.03 0.30976
9.04 0.30903
9.05 0.30793
9.06 0.30644
9.07 0.30457
9.08 0.30233
9.09 0.29976
9.1 0.29688
9.11 0.29374
9.12 0.29042
9.13 0.28701
9.14 0.28361
9.15 0.28027
9.16 0.27702
9.17 0.27383
9.18 0.27068
9.19 0.26752
9.2 0.26432
9.21 0.26108
9.22 0.25781
9.23 0.25455
9.24 0.25135
9.25 0.24825
9.26 0.24532
9.27 0.2426
9.28 0.24013
9.29 0.23793
9.3 0.23602
9.31 0.23444
9.32 0.23319
9.33 0.23228
9.34 0.23168
9.35 0.23134
9.36 0.2312
9.37 0.2312
9.38 0.23127
9.39 0.23137
9.4 0.23144
9.41 0.23145
9.42 0.23139
9.43 0.23125
9.44 0.23102
9.45 0.23072
9.46 0.23035
9.47 0.22995
9.48 0.22954
9.49 0.22918
9.5 0.22891
9.51 0.22876
9.52 0.22877
9.53 0.22893
9.54 0.22925
9.55 0.22971
9.56 0.23029
9.57 0.23097
9.58 0.23175
9.59 0.23261
9.6 0.23353
9.61 0.23448
9.62 0.23545
9.63 0.23643
9.64 0.23739
9.65 0.23832
9.66 0.2392
9.67 0.24002
9.68 0.24076
9.69 0.24139
9.7 0.24191
9.71 0.24229
9.72 0.24251
9.73 0.24257
9.74 0.24249
9.75 0.24233
9.76 0.24213
9.77 0.2419
9.78 0.24165
9.79 0.24135
9.8 0.24097
9.81 0.24044
9.82 0.2397
9.83 0.23871
9.84 0.23744
9.85 0.23594
9.86 0.23428
9.87 0.23253
9.88 0.23073
9.89 0.2289
9.9 0.22702
9.91 0.22505
9.92 0.22303
9.93 0.22097
9.94 0.21891
9.95 0.2169
9.96 0.21496
9.97 0.21308
9.98 0.21127
9.99 0.20952
10 0.20781
10.01 0.20614
10.02 0.20455
10.03 0.20305
10.04 0.20166
10.05 0.20042
10.06 0.19934
10.07 0.19843
10.08 0.1977
10.09 0.19716
10.1 0.19683
10.11 0.1967
10.12 0.19677
10.13 0.19704
10.14 0.1975
10.15 0.19815
10.16 0.19901
10.17 0.20007
10.18 0.20135
10.19 0.20286
10.2 0.2046
10.21 0.20659
10.22 0.20882
10.23 0.21129
10.24 0.21399
10.25 0.21686
10.26 0.21984
10.27 0.22286
10.28 0.22585
10.29 0.22877
10.3 0.23157
10.31 0.23427
10.32 0.23685
10.33 0.23933
10.34 0.24167
10.35 0.2438
10.36 0.24566
10.37 0.24721
10.38 0.24845
10.39 0.24939
10.4 0.25007
10.41 0.25055
10.42 0.25087
10.43 0.25103
10.44 0.25106
10.45 0.25092
10.46 0.25061
10.47 0.25012
10.48 0.24946
10.49 0.24866
10.5 0.24776
10.51 0.24676
10.52 0.24569
10.53 0.24455
10.54 0.24335
10.55 0.24211
10.56 0.24084
10.57 0.23958
10.58 0.23837
10.59 0.23725
10.6 0.23622
10.61 0.23528
10.62 0.2344
10.63 0.23355
10.64 0.23269
10.65 0.2318
10.66 0.23087
10.67 0.22988
10.68 0.22887
10.69 0.22785
10.7 0.22686
10.71 0.22594
10.72 0.22514
10.73 0.22448
10.74 0.224
10.75 0.2237
10.76 0.22357
10.77 0.2236
10.78 0.2238
10.79 0.22413
10.8 0.22457
10.81 0.22507
10.82 0.22559
10.83 0.22608
10.84 0.2265
10.85 0.22682
10.86 0.22705
10.87 0.22719
10.88 0.22731
10.89 0.22745
10.9 0.22766
10.91 0.22798
10.92 0.22842
10.93 0.22896
10.94 0.22959
10.95 0.23029
10.96 0.231
10.97 0.23166
10.98 0.23221
10.99 0.23258
11 0.23271
11.01 0.23255
11.02 0.23207
11.03 0.23127
11.04 0.23016
11.05 0.22879
11.06 0.2272
11.07 0.22548
11.08 0.22369
11.09 0.2219
11.1 0.22014
11.11 0.21843
11.12 0.21675
11.13 0.21507
11.14 0.21337
11.15 0.21159
11.16 0.2097
11.17 0.2077
11.18 0.20562
11.19 0.2035
11.2 0.2014
11.21 0.19936
11.22 0.19741
11.23 0.19559
11.24 0.1939
11.25 0.19235
11.26 0.19091
11.27 0.18955
11.28 0.18821
11.29 0.18687
11.3 0.18551
11.31 0.18417
11.32 0.18289
11.33 0.18175
11.34 0.1808
11.35 0.18012
11.36 0.17974
11.37 0.17968
11.38 0.17997
11.39 0.18059
11.4 0.18154
11.41 0.18279
11.42 0.18427
11.43 0.18594
11.44 0.18769
11.45 0.18942
11.46 0.191
11.47 0.19231
11.48 0.19323
11.49 0.1937
11.5 0.19371
11.51 0.19328
11.52 0.19248
11.53 0.1914
11.54 0.19012
11.55 0.1887
11.56 0.18718
11.57 0.18559
11.58 0.18394
11.59 0.18226
11.6 0.18055
11.61 0.17883
11.62 0.1771
11.63 0.17536
11.64 0.17364
11.65 0.17194
11.66 0.17029
11.67 0.1687
11.68 0.16719
11.69 0.16575
11.7 0.1644
11.71 0.16315
11.72 0.16202
11.73 0.16104
11.74 0.16026
11.75 0.15973
11.76 0.15946
11.77 0.15947
11.78 0.15971
11.79 0.16013
11.8 0.16066
11.81 0.16122
11.82 0.16176
11.83 0.16223
11.84 0.16256
11.85 0.16274
11.86 0.16275
11.87 0.16257
11.88 0.16222
11.89 0.16171
11.9 0.16106
11.91 0.16027
11.92 0.15936
11.93 0.15833
11.94 0.15719
11.95 0.15597
11.96 0.15472
11.97 0.15348
11.98 0.15228
11.99 0.15117
12 0.15017
12.01 0.14929
12.02 0.14855
12.03 0.14793
12.04 0.14744
12.05 0.14706
12.06 0.14678
12.07 0.14658
12.08 0.14642
12.09 0.14626
12.1 0.14608
12.11 0.14586
12.12 0.1456
12.13 0.14529
12.14 0.14493
12.15 0.14455
12.16 0.14421
12.17 0.14393
12.18 0.14375
12.19 0.14369
12.2 0.14376
12.21 0.14395
12.22 0.14423
12.23 0.14458
12.24 0.14496
12.25 0.14535
12.26 0.14571
12.27 0.14602
12.28 0.14623
12.29 0.14631
12.3 0.14625
12.31 0.14607
12.32 0.1458
12.33 0.1455
12.34 0.1452
12.35 0.14496
12.36 0.14481
12.37 0.14478
12.38 0.14487
12.39 0.14505
12.4 0.14531
12.41 0.14564
12.42 0.14602
12.43 0.14643
12.44 0.14685
12.45 0.14725
12.46 0.1476
12.47 0.14789
12.48 0.14808
12.49 0.14818
12.5 0.14818
12.51 0.1481
12.52 0.14793
12.53 0.14769
12.54 0.14739
12.55 0.14702
12.56 0.14662
12.57 0.1462
12.58 0.14577
12.59 0.14535
12.6 0.14496
12.61 0.14461
12.62 0.14429
12.63 0.14403
12.64 0.14381
12.65 0.14367
12.66 0.14359
12.67 0.14359
12.68 0.14367
12.69 0.14378
12.7 0.14393
12.71 0.14408
12.72 0.14422
12.73 0.14433
12.74 0.1444
12.75 0.14443
12.76 0.14441
12.77 0.14434
12.78 0.14423
12.79 0.14409
12.8 0.14394
12.81 0.14378
12.82 0.14364
12.83 0.1435
12.84 0.14339
12.85 0.14329
12.86 0.1432
12.87 0.14314
12.88 0.14308
12.89 0.14303
12.9 0.14294
12.91 0.14282
12.92 0.14264
12.93 0.14239
12.94 0.14206
12.95 0.14165
12.96 0.14118
12.97 0.14066
12.98 0.14011
12.99 0.13957
13 0.13906
13.01 0.13859
13.02 0.13819
13.03 0.13788
13.04 0.13766
13.05 0.13754
13.06 0.13751
13.07 0.13757
13.08 0.13769
13.09 0.13786
13.1 0.13805
13.11 0.13826
13.12 0.13847
13.13 0.13868
13.14 0.13889
13.15 0.13908
13.16 0.13925
13.17 0.13938
13.18 0.13946
13.19 0.13948
13.2 0.13943
13.21 0.13934
13.22 0.13919
13.23 0.13901
13.24 0.13882
13.25 0.13863
13.26 0.13846
13.27 0.13833
13.28 0.13823
13.29 0.13818
13.3 0.13817
13.31 0.1382
13.32 0.13828
13.33 0.1384
13.34 0.13856
13.35 0.13876
13.36 0.13896
13.37 0.13917
13.38 0.13938
13.39 0.13957
13.4 0.13975
13.41 0.13993
13.42 0.1401
13.43 0.14026
13.44 0.1404
13.45 0.1405
13.46 0.14055
13.47 0.14051
13.48 0.14038
13.49 0.14014
13.5 0.1398
13.51 0.13935
13.52 0.13881
13.53 0.13821
13.54 0.13758
13.55 0.13695
13.56 0.13637
13.57 0.13585
13.58 0.13543
13.59 0.13508
13.6 0.13481
13.61 0.13459
13.62 0.1344
13.63 0.13423
13.64 0.13406
13.65 0.13388
13.66 0.13366
13.67 0.13339
13.68 0.13307
13.69 0.1327
13.7 0.1323
13.71 0.13188
13.72 0.13147
13.73 0.13106
13.74 0.13069
13.75 0.13035
13.76 0.13005
13.77 0.1298
13.78 0.12961
13.79 0.12946
13.8 0.12935
13.81 0.12927
13.82 0.12922
13.83 0.12922
13.84 0.12925
13.85 0.12935
13.86 0.12953
13.87 0.1298
13.88 0.13016
13.89 0.13061
13.9 0.13111
13.91 0.13165
13.92 0.13221
13.93 0.13276
13.94 0.13327
13.95 0.13372
13.96 0.13408
13.97 0.13435
13.98 0.13452
13.99 0.13459
14 0.13459
14.01 0.13451
14.02 0.13439
14.03 0.13424
14.04 0.13408
14.05 0.13393
14.06 0.13381
14.07 0.13372
14.08 0.13366
14.09 0.13363
14.1 0.13363
14.11 0.13368
14.12 0.13377
14.13 0.13388
14.14 0.13403
14.15 0.13421
14.16 0.1344
14.17 0.1346
14.18 0.13481
14.19 0.13501
14.2 0.13519
14.21 0.13533
14.22 0.13542
14.23 0.13546
14.24 0.13546
14.25 0.13543
14.26 0.13538
14.27 0.13532
14.28 0.13527
14.29 0.13524
14.3 0.13524
14.31 0.13528
14.32 0.13536
14.33 0.13549
14.34 0.13565
14.35 0.13584
14.36 0.13604
14.37 0.13622
14.38 0.13638
14.39 0.13649
14.4 0.13654
14.41 0.13654
14.42 0.13648
14.43 0.13638
14.44 0.13627
14.45 0.13615
14.46 0.13603
14.47 0.13593
14.48 0.13582
14.49 0.13571
14.5 0.13562
14.51 0.13556
14.52 0.13553
14.53 0.13556
14.54 0.13564
14.55 0.13576
14.56 0.1359
14.57 0.13604
14.58 0.13616
14.59 0.13626
14.6 0.1363
14.61 0.13631
14.62 0.13628
14.63 0.13623
14.64 0.13616
14.65 0.13609
14.66 0.13601
14.67 0.13594
14.68 0.13587
14.69 0.1358
14.7 0.13574
14.71 0.13567
14.72 0.13561
14.73 0.13556
14.74 0.1355
14.75 0.13544
14.76 0.13535
14.77 0.13525
14.78 0.13514
14.79 0.13503
14.8 0.13493
14.81 0.13485
14.82 0.13478
14.83 0.13473
14.84 0.1347
14.85 0.1347
14.86 0.13473
14.87 0.13477
14.88 0.13482
14.89 0.13486
14.9 0.13489
14.91 0.13489
14.92 0.13486
14.93 0.13482
14.94 0.13476
14.95 0.1347
14.96 0.13465
14.97 0.1346
14.98 0.13459
14.99 0.1346
15 0.13466
15.01 0.13476
15.02 0.13489
15.03 0.13504
15.04 0.13519
15.05 0.13534
15.06 0.13547
15.07 0.13558
15.08 0.13567
15.09 0.13573
15.1 0.13577
15.11 0.13577
15.12 0.13573
15.13 0.13567
15.14 0.13559
15.15 0.13551
15.16 0.13543
15.17 0.13537
15.18 0.13533
15.19 0.13534
15.2 0.13539
15.21 0.13548
15.22 0.13559
15.23 0.13573
15.24 0.13588
15.25 0.13603
15.26 0.13617
15.27 0.13629
15.28 0.13638
15.29 0.13645
15.3 0.13648
15.31 0.13651
15.32 0.13652
15.33 0.13655
15.34 0.1366
15.35 0.13667
15.36 0.13677
15.37 0.13688
15.38 0.137
15.39 0.13711
15.4 0.13722
15.41 0.13731
15.42 0.1374
15.43 0.13749
15.44 0.13757
15.45 0.13767
15.46 0.13776
15.47 0.13786
15.48 0.13796
15.49 0.13809
15.5 0.13824
15.51 0.13846
15.52 0.13873
15.53 0.13909
15.54 0.13953
15.55 0.14004
15.56 0.14062
15.57 0.14127
15.58 0.14196
15.59 0.14268
15.6 0.14341
15.61 0.14414
15.62 0.14485
15.63 0.14556
15.64 0.14626
15.65 0.14693
15.66 0.14759
15.67 0.14824
15.68 0.14889
15.69 0.14955
15.7 0.15024
15.71 0.15095
15.72 0.15172
15.73 0.15253
15.74 0.15339
15.75 0.15432
15.76 0.15533
15.77 0.15644
15.78 0.15766
15.79 0.15901
15.8 0.16048
15.81 0.16206
15.82 0.16374
15.83 0.16551
15.84 0.16736
15.85 0.1693
15.86 0.17134
15.87 0.17351
15.88 0.17579
15.89 0.17819
15.9 0.18072
15.91 0.18337
15.92 0.18613
15.93 0.18898
15.94 0.19188
15.95 0.19478
15.96 0.19766
15.97 0.20052
15.98 0.20335
15.99 0.2062
16 0.20908
16.01 0.21202
16.02 0.21502
16.03 0.21808
16.04 0.22117
16.05 0.22425
16.06 0.22729
16.07 0.23026
16.08 0.23312
16.09 0.23589
16.1 0.23859
16.11 0.24122
16.12 0.24377
16.13 0.24622
16.14 0.2485
16.15 0.25058
16.16 0.25244
16.17 0.25407
16.18 0.2555
16.19 0.25676
16.2 0.25792
16.21 0.25899
16.22 0.25998
16.23 0.26089
16.24 0.26168
16.25 0.26236
16.26 0.26293
16.27 0.2634
16.28 0.26381
16.29 0.26418
16.3 0.26453
16.31 0.26484
16.32 0.26512
16.33 0.26533
16.34 0.26545
16.35 0.26545
16.36 0.26533
16.37 0.26506
16.38 0.26466
16.39 0.26413
16.4 0.2635
16.41 0.2628
16.42 0.26206
16.43 0.26133
16.44 0.26067
16.45 0.26014
16.46 0.2598
16.47 0.25972
16.48 0.25993
16.49 0.26044
16.5 0.26124
16.51 0.26227
16.52 0.26347
16.53 0.26477
16.54 0.26611
16.55 0.26745
16.56 0.2688
16.57 0.27018
16.58 0.27164
16.59 0.27323
16.6 0.27498
16.61 0.27691
16.62 0.27897
16.63 0.28109
16.64 0.28316
16.65 0.28507
16.66 0.28673
16.67 0.28809
16.68 0.28916
16.69 0.28997
16.7 0.29061
16.71 0.29116
16.72 0.29169
16.73 0.29224
16.74 0.29279
16.75 0.29331
16.76 0.29378
16.77 0.29415
16.78 0.29444
16.79 0.29468
16.8 0.29494
16.81 0.2953
16.82 0.29582
16.83 0.29655
16.84 0.29752
16.85 0.29869
16.86 0.3
16.87 0.30134
16.88 0.30262
16.89 0.30371
16.9 0.30453
16.91 0.30506
16.92 0.3053
16.93 0.3053
16.94 0.30513
16.95 0.30488
16.96 0.30464
16.97 0.30449
16.98 0.3045
16.99 0.30473
17 0.30523
17.01 0.30604
17.02 0.30715
17.03 0.30854
17.04 0.31013
17.05 0.31186
17.06 0.31364
17.07 0.3154
17.08 0.31706
17.09 0.31857
17.1 0.31986
17.11 0.32091
17.12 0.32169
17.13 0.32218
17.14 0.32239
17.15 0.32231
17.16 0.32199
17.17 0.32148
17.18 0.32086
17.19 0.32023
17.2 0.31965
17.21 0.3192
17.22 0.31894
17.23 0.31891
17.24 0.3191
17.25 0.31949
17.26 0.32004
17.27 0.3207
17.28 0.32142
17.29 0.32217
17.3 0.32295
17.31 0.32381
17.32 0.32477
17.33 0.32589
17.34 0.3272
17.35 0.32874
17.36 0.33049
17.37 0.33245
17.38 0.33457
17.39 0.33678
17.4 0.33898
17.41 0.34108
17.42 0.34301
17.43 0.34472
17.44 0.34624
17.45 0.34764
17.46 0.34901
17.47 0.35046
17.48 0.35208
17.49 0.35397
17.5 0.35616
17.51 0.35867
17.52 0.36147
17.53 0.36449
17.54 0.36766
17.55 0.37088
17.56 0.37409
17.57 0.37723
17.58 0.38025
17.59 0.38315
17.6 0.38591
17.61 0.38858
17.62 0.39121
17.63 0.39389
17.64 0.39671
17.65 0.39973
17.66 0.403
17.67 0.40657
17.68 0.41049
17.69 0.41477
17.7 0.41943
17.71 0.42442
17.72 0.42964
17.73 0.43496
17.74 0.44025
17.75 0.44541
17.76 0.4504
17.77 0.45519
17.78 0.45981
17.79 0.46426
17.8 0.46851
17.81 0.47252
17.82 0.4762
17.83 0.47946
17.84 0.48224
17.85 0.48449
17.86 0.48622
17.87 0.48745
17.88 0.48823
17.89 0.48864
17.9 0.48875
17.91 0.48864
17.92 0.48837
17.93 0.48796
17.94 0.4874
17.95 0.48669
17.96 0.48578
17.97 0.48461
17.98 0.48309
17.99 0.48116
18 0.47875
18.01 0.47585
18.02 0.47243
18.03 0.46854
18.04 0.46423
18.05 0.45956
18.06 0.45457
18.07 0.44928
18.08 0.44373
18.09 0.43799
18.1 0.43216
18.11 0.42636
18.12 0.42067
18.13 0.4152
18.14 0.41001
18.15 0.40512
18.16 0.40055
18.17 0.39626
18.18 0.39221
18.19 0.3883
18.2 0.38447
18.21 0.38067
18.22 0.37687
18.23 0.37307
18.24 0.36927
18.25 0.36547
18.26 0.36172
18.27 0.35806
18.28 0.35459
18.29 0.3514
18.3 0.34859
18.31 0.34626
18.32 0.34444
18.33 0.34315
18.34 0.34234
18.35 0.34189
18.36 0.34167
18.37 0.34152
18.38 0.34134
18.39 0.34106
18.4 0.34063
18.41 0.34006
18.42 0.33933
18.43 0.33841
18.44 0.33729
18.45 0.33596
18.46 0.33442
18.47 0.33272
18.48 0.33088
18.49 0.32895
18.5 0.32694
18.51 0.32493
18.52 0.32297
18.53 0.32116
18.54 0.3196
18.55 0.31837
18.56 0.31754
18.57 0.31712
18.58 0.31707
18.59 0.31732
18.6 0.31775
18.61 0.31825
18.62 0.31869
18.63 0.31899
18.64 0.31905
18.65 0.31883
18.66 0.31829
18.67 0.31738
18.68 0.31608
18.69 0.31435
18.7 0.31218
18.71 0.30957
18.72 0.30656
18.73 0.30321
18.74 0.29958
18.75 0.29572
18.76 0.29164
18.77 0.28732
18.78 0.2827
18.79 0.27772
18.8 0.27236
18.81 0.26661
18.82 0.26054
18.83 0.25422
18.84 0.24777
18.85 0.24127
18.86 0.2348
18.87 0.22845
18.88 0.22229
18.89 0.21638
18.9 0.21077
18.91 0.20545
18.92 0.20041
18.93 0.19565
18.94 0.19116
18.95 0.18693
18.96 0.18298
18.97 0.17934
18.98 0.17603
18.99 0.1731
19 0.1706
19.01 0.16858
19.02 0.16707
19.03 0.1661
19.04 0.16569
19.05 0.16584
19.06 0.1666
19.07 0.16797
19.08 0.16999
19.09 0.17263
19.1 0.1758
19.11 0.17938
19.12 0.18319
19.13 0.18705
19.14 0.1908
19.15 0.19434
19.16 0.1976
19.17 0.20054
19.18 0.20311
19.19 0.20523
19.2 0.2068
19.21 0.20767
19.22 0.2077
19.23 0.20679
19.24 0.20486
19.25 0.20188
19.26 0.19784
19.27 0.19281
19.28 0.18688
19.29 0.18028
19.3 0.17326
19.31 0.16613
19.32 0.15922
19.33 0.15281
19.34 0.14716
19.35 0.14248
19.36 0.1389
19.37 0.13648
19.38 0.13519
19.39 0.13498
19.4 0.13578
19.41 0.13757
19.42 0.14038
19.43 0.14431
19.44 0.14957
19.45 0.15641
19.46 0.16517
19.47 0.1762
19.48 0.18984
19.49 0.20645
19.5 0.22632
19.51 0.24974
19.52 0.27688
19.53 0.30784
19.54 0.34256
19.55 0.38087
19.56 0.42243
19.57 0.4668
19.58 0.51347
19.59 0.56187
19.6 0.61148
19.61 0.66176
19.62 0.71221
19.63 0.76236
19.64 0.81177
19.65 0.86016
19.66 0.90727
19.67 0.95296
19.68 0.99711
19.69 1.0397
19.7 1.0807
19.71 1.1201
19.72 1.158
19.73 1.1944
19.74 1.2293
19.75 1.2628
19.76 1.295
19.77 1.3259
19.78 1.3555
19.79 1.3839
19.8 1.4113
19.81 1.4376
19.82 1.4631
19.83 1.4878
19.84 1.5119
19.85 1.5355
19.86 1.5587
19.87 1.5818
19.88 1.6048
19.89 1.628
19.9 1.6513
19.91 1.675
19.92 1.6991
19.93 1.7236
19.94 1.7484
19.95 1.7734
19.96 1.7985
19.97 1.8235
19.98 1.8483
19.99 1.8727
20 1.8967
20.01 1.9201
20.02 1.943
20.03 1.9652
20.04 1.9868
20.05 2.0079
20.06 2.0285
20.07 2.0487
20.08 2.0683
20.09 2.0875
20.1 2.1061
20.11 2.1243
20.12 2.1418
20.13 2.1586
20.14 2.1747
20.15 2.19
20.16 2.2045
20.17 2.218
20.18 2.2306
20.19 2.2424
20.2 2.2531
20.21 2.263
20.22 2.272
20.23 2.2803
20.24 2.2878
20.25 2.2946
20.26 2.3008
20.27 2.3061
20.28 2.3107
20.29 2.3145
20.3 2.3174
20.31 2.3192
20.32 2.3199
20.33 2.3193
20.34 2.3173
20.35 2.3136
20.36 2.3081
20.37 2.3006
20.38 2.2911
20.39 2.2793
20.4 2.2652
20.41 2.2487
20.42 2.2298
20.43 2.2083
20.44 2.1842
20.45 2.1577
20.46 2.1287
20.47 2.0976
20.48 2.0644
20.49 2.0295
20.5 1.9932
20.51 1.9558
20.52 1.9174
20.53 1.8785
20.54 1.8391
20.55 1.7996
20.56 1.7599
20.57 1.7203
20.58 1.6806
20.59 1.6411
20.6 1.6016
20.61 1.5623
20.62 1.5232
20.63 1.4844
20.64 1.4459
20.65 1.4077
20.66 1.3699
20.67 1.3326
20.68 1.2957
20.69 1.2593
20.7 1.2234
20.71 1.1878
20.72 1.1526
20.73 1.1175
20.74 1.0824
20.75 1.0474
20.76 1.0122
20.77 0.977
20.78 0.94177
20.79 0.90663
20.8 0.87164
20.81 0.83689
20.82 0.80243
20.83 0.76833
20.84 0.73465
20.85 0.70146
20.86 0.66886
20.87 0.63696
20.88 0.60587
20.89 0.57568
20.9 0.5465
20.91 0.51839
20.92 0.49141
20.93 0.46562
20.94 0.44102
20.95 0.41763
20.96 0.39547
20.97 0.37456
20.98 0.35493
20.99 0.33663
21 0.31971
21.01 0.30416
21.02 0.29
21.03 0.2772
21.04 0.26577
21.05 0.2557
21.06 0.247
21.07 0.23962
21.08 0.23352
21.09 0.22861
21.1 0.22479
21.11 0.22184
21.12 0.21947
21.13 0.21729
21.14 0.21491
21.15 0.21209
21.16 0.20874
21.17 0.20497
21.18 0.20103
21.19 0.19717
21.2 0.19364
21.21 0.19062
21.22 0.1882
21.23 0.18647
21.24 0.18549
21.25 0.18528
21.26 0.18581
21.27 0.18699
21.28 0.18868
21.29 0.19072
21.3 0.19293
21.31 0.19511
21.32 0.19711
21.33 0.19882
21.34 0.20015
21.35 0.20107
21.36 0.20159
21.37 0.20176
21.38 0.20166
21.39 0.20139
21.4 0.20105
21.41 0.20074
21.42 0.20053
21.43 0.20046
21.44 0.20051
21.45 0.20066
21.46 0.20082
21.47 0.20093
21.48 0.20091
21.49 0.20073
21.5 0.20038
21.51 0.19992
21.52 0.19942
21.53 0.19898
21.54 0.19868
21.55 0.19859
21.56 0.19874
21.57 0.19916
21.58 0.19984
21.59 0.20077
21.6 0.20193
21.61 0.20324
21.62 0.20463
21.63 0.20604
21.64 0.20737
21.65 0.20859
21.66 0.20969
21.67 0.2107
21.68 0.2117
21.69 0.21278
21.7 0.21403
21.71 0.21555
21.72 0.2174
21.73 0.21963
21.74 0.22224
21.75 0.22522
21.76 0.22847
21.77 0.23191
21.78 0.23538
21.79 0.23878
21.8 0.24201
21.81 0.245
21.82 0.24772
21.83 0.25019
21.84 0.25241
21.85 0.25445
21.86 0.25635
21.87 0.25818
21.88 0.26
21.89 0.26185
21.9 0.26376
21.91 0.26575
21.92 0.26783
21.93 0.27005
21.94 0.27245
21.95 0.27506
21.96 0.27789
21.97 0.28091
21.98 0.28406
21.99 0.28728
22 0.29055
22.01 0.29387
22.02 0.29726
22.03 0.30077
22.04 0.30442
22.05 0.30825
22.06 0.31228
22.07 0.31657
22.08 0.32115
22.09 0.32607
22.1 0.33133
22.11 0.33691
22.12 0.34275
22.13 0.34876
22.14 0.35486
22.15 0.36101
22.16 0.36719
22.17 0.37339
22.18 0.37962
22.19 0.38591
22.2 0.39226
22.21 0.39865
22.22 0.40496
22.23 0.41107
22.24 0.41677
22.25 0.42188
22.26 0.42625
22.27 0.42976
22.28 0.43235
22.29 0.43402
22.3 0.43483
22.31 0.43491
22.32 0.43442
22.33 0.43349
22.34 0.43226
22.35 0.43084
22.36 0.42927
22.37 0.42757
22.38 0.42574
22.39 0.42375
22.4 0.42156
22.41 0.41915
22.42 0.41646
22.43 0.41348
22.44 0.41016
22.45 0.40642
22.46 0.40224
22.47 0.3976
22.48 0.39254
22.49 0.38714
22.5 0.38149
22.51 0.3757
22.52 0.36993
22.53 0.3643
22.54 0.35893
22.55 0.35394
22.56 0.34938
22.57 0.34528
22.58 0.34163
22.59 0.33839
22.6 0.3355
22.61 0.33291
22.62 0.33057
22.63 0.3284
22.64 0.32638
22.65 0.32446
22.66 0.32265
22.67 0.32097
22.68 0.31944
22.69 0.31808
22.7 0.31687
22.71 0.3158
22.72 0.31481
22.73 0.31386
22.74 0.31292
22.75 0.31193
22.76 0.31086
22.77 0.30965
22.78 0.30827
22.79 0.30667
22.8 0.30482
22.81 0.30272
22.82 0.30037
22.83 0.29783
22.84 0.29519
22.85 0.2926
22.86 0.29021
22.87 0.28813
22.88 0.28643
22.89 0.28507
22.9 0.284
22.91 0.28317
22.92 0.28253
22.93 0.28205
22.94 0.28175
22.95 0.28165
22.96 0.28177
22.97 0.28212
22.98 0.28264
22.99 0.28322
23 0.28374
23.01 0.28406
23.02 0.28408
23.03 0.28373
23.04 0.28297
23.05 0.28181
23.06 0.28027
23.07 0.27841
23.08 0.27628
23.09 0.27397
23.1 0.27148
23.11 0.26882
23.12 0.26593
23.13 0.26275
23.14 0.25922
23.15 0.25531
23.16 0.25099
23.17 0.24629
23.18 0.24122
23.19 0.23586
23.2 0.23025
23.21 0.22442
23.22 0.21836
23.23 0.21208
23.24 0.20563
23.25 0.1991
23.26 0.1926
23.27 0.18624
23.28 0.18014
23.29 0.1744
23.3 0.16909
23.31 0.16426
23.32 0.15994
23.33 0.15611
23.34 0.15274
23.35 0.14982
23.36 0.14732
23.37 0.14527
23.38 0.14368
23.39 0.1426
23.4 0.14208
23.41 0.14215
23.42 0.14285
23.43 0.14415
23.44 0.14598
23.45 0.14819
23.46 0.15062
23.47 0.15308
23.48 0.15542
23.49 0.15755
23.5 0.15937
23.51 0.16087
23.52 0.16204
23.53 0.16294
23.54 0.16364
23.55 0.16424
23.56 0.16481
23.57 0.16543
23.58 0.16613
23.59 0.16698
23.6 0.16801
23.61 0.16928
23.62 0.17082
23.63 0.17261
23.64 0.1746
23.65 0.17668
23.66 0.17874
23.67 0.18067
23.68 0.18243
23.69 0.18404
23.7 0.18562
23.71 0.18733
23.72 0.18935
23.73 0.19191
23.74 0.19517
23.75 0.19925
23.76 0.20419
23.77 0.20994
23.78 0.2164
23.79 0.22346
23.8 0.23102
23.81 0.239
23.82 0.24744
23.83 0.25645
23.84 0.26623
23.85 0.27694
23.86 0.28874
23.87 0.30171
23.88 0.31589
23.89 0.33125
23.9 0.34771
23.91 0.36524
23.92 0.38382
23.93 0.40349
23.94 0.42434
23.95 0.4465
23.96 0.47012
23.97 0.49538
23.98 0.52245
23.99 0.55149
24 0.58264
24.01 0.616
24.02 0.65159
24.03 0.68936
24.04 0.7292
24.05 0.77093
24.06 0.81434
24.07 0.85922
24.08 0.90536
24.09 0.95252
24.1 1.0005
24.11 1.0489
24.12 1.0976
24.13 1.1462
24.14 1.1944
24.15 1.2421
24.16 1.2889
24.17 1.3346
24.18 1.3789
24.19 1.4217
24.2 1.4626
24.21 1.5016
24.22 1.5385
24.23 1.573
24.24 1.6053
24.25 1.6351
24.26 1.6625
24.27 1.6875
24.28 1.7103
24.29 1.731
24.3 1.7498
24.31 1.7669
24.32 1.7828
24.33 1.798
24.34 1.8127
24.35 1.8274
24.36 1.8425
24.37 1.8582
24.38 1.8748
24.39 1.8924
24.4 1.9112
24.41 1.9314
24.42 1.9529
24.43 1.9757
24.44 1.9997
24.45 2.0248
24.46 2.0507
24.47 2.0769
24.48 2.1032
24.49 2.1291
24.5 2.1543
24.51 2.1786
24.52 2.2019
24.53 2.2239
24.54 2.2446
24.55 2.264
24.56 2.2818
24.57 2.2981
24.58 2.3126
24.59 2.3255
24.6 2.3367
24.61 2.3462
24.62 2.354
24.63 2.3602
24.64 2.3649
24.65 2.3681
24.66 2.3701
24.67 2.371
24.68 2.3708
24.69 2.3699
24.7 2.3681
24.71 2.3657
24.72 2.3627
24.73 2.3591
24.74 2.3549
24.75 2.3502
24.76 2.3449
24.77 2.339
24.78 2.3323
24.79 2.3247
24.8 2.316
24.81 2.3061
24.82 2.2948
24.83 2.2821
24.84 2.2676
24.85 2.2516
24.86 2.2338
24.87 2.2142
24.88 2.193
24.89 2.17
24.9 2.1452
24.91 2.1189
24.92 2.0911
24.93 2.062
24.94 2.0318
24.95 2.0008
24.96 1.9692
24.97 1.9372
24.98 1.905
24.99 1.8726
25 1.8403
25.01 1.8081
25.02 1.776
25.03 1.744
25.04 1.7123
25.05 1.6807
25.06 1.6492
25.07 1.6175
25.08 1.5856
25.09 1.5532
25.1 1.52
25.11 1.4858
25.12 1.4503
25.13 1.4133
25.14 1.3745
25.15 1.3337
25.16 1.291
25.17 1.2464
25.18 1.1999
25.19 1.1519
25.2 1.1027
25.21 1.0526
25.22 1.0021
25.23 0.95174
25.24 0.902
25.25 0.85345
25.26 0.80659
25.27 0.76186
25.28 0.71962
25.29 0.68007
25.3 0.64327
25.31 0.60913
25.32 0.57747
25.33 0.54798
25.34 0.52029
25.35 0.494
25.36 0.46873
25.37 0.44419
25.38 0.42019
25.39 0.39664
25.4 0.37353
25.41 0.35091
25.42 0.3289
25.43 0.30766
25.44 0.28743
25.45 0.26845
25.46 0.25091
25.47 0.23496
25.48 0.22061
25.49 0.20776
25.5 0.1963
25.51 0.18614
25.52 0.17721
25.53 0.16945
25.54 0.1628
25.55 0.15724
25.56 0.15273
25.57 0.14919
25.58 0.14653
25.59 0.1446
25.6 0.14324
25.61 0.14232
25.62 0.14171
25.63 0.1413
25.64 0.141
25.65 0.14072
25.66 0.14041
25.67 0.14002
25.68 0.13955
25.69 0.13905
25.7 0.13858
25.71 0.1382
25.72 0.13798
25.73 0.13796
25.74 0.13817
25.75 0.13857
25.76 0.13913
25.77 0.1398
25.78 0.14052
25.79 0.14125
25.8 0.14197
25.81 0.14267
25.82 0.14337
25.83 0.14414
25.84 0.14504
25.85 0.14619
25.86 0.14767
25.87 0.14954
25.88 0.1518
25.89 0.1544
25.9 0.15719
25.91 0.16002
25.92 0.16272
25.93 0.16516
25.94 0.16726
25.95 0.16898
25.96 0.17035
25.97 0.17143
25.98 0.17231
25.99 0.1731
26 0.1739
26.01 0.17479
26.02 0.17581
26.03 0.17697
26.04 0.17823
26.05 0.17952
26.06 0.18079
26.07 0.18199
26.08 0.18308
26.09 0.18405
26.1 0.1849
26.11 0.18566
26.12 0.18635
26.13 0.187
26.14 0.18766
26.15 0.18836
26.16 0.18916
26.17 0.19008
26.18 0.19119
26.19 0.19255
26.2 0.19426
26.21 0.19637
26.22 0.19894
26.23 0.20197
26.24 0.20538
26.25 0.20903
26.26 0.21269
26.27 0.21609
26.28 0.21899
26.29 0.22119
26.3 0.22257
26.31 0.22309
26.32 0.22278
26.33 0.22178
26.34 0.22031
26.35 0.2187
26.36 0.21727
26.37 0.21634
26.38 0.21613
26.39 0.2168
26.4 0.2184
26.41 0.22086
26.42 0.22402
26.43 0.22764
26.44 0.23149
26.45 0.23534
26.46 0.23902
26.47 0.24238
26.48 0.24535
26.49 0.24788
26.5 0.24999
26.51 0.25169
26.52 0.25302
26.53 0.25408
26.54 0.25496
26.55 0.25578
26.56 0.25665
26.57 0.25764
26.58 0.25876
26.59 0.26005
26.6 0.26148
26.61 0.26304
26.62 0.26471
26.63 0.26645
26.64 0.26823
26.65 0.27002
26.66 0.27179
26.67 0.2735
26.68 0.27512
26.69 0.27662
26.7 0.27798
26.71 0.27919
26.72 0.28025
26.73 0.28113
26.74 0.28179
26.75 0.28216
26.76 0.28215
26.77 0.28167
26.78 0.28064
26.79 0.279
26.8 0.27672
26.81 0.27381
26.82 0.27034
26.83 0.26636
26.84 0.262
26.85 0.25737
26.86 0.25263
26.87 0.24794
26.88 0.24345
26.89 0.23926
26.9 0.2354
26.91 0.23186
26.92 0.22863
26.93 0.2257
26.94 0.22313
26.95 0.22093
26.96 0.2191
26.97 0.21765
26.98 0.21654
26.99 0.21576
27 0.21529
27.01 0.21512
27.02 0.21518
27.03 0.2154
27.04 0.21569
27.05 0.21602
27.06 0.21637
27.07 0.21679
27.08 0.21738
27.09 0.21828
27.1 0.21964
27.11 0.2216
27.12 0.22423
27.13 0.22753
27.14 0.2314
27.15 0.23563
27.16 0.23998
27.17 0.24419
27.18 0.24809
27.19 0.25159
27.2 0.25469
27.21 0.25746
27.22 0.26
27.23 0.26241
27.24 0.26477
27.25 0.26713
27.26 0.26948
27.27 0.27181
27.28 0.27405
27.29 0.27613
27.3 0.27796
27.31 0.27947
27.32 0.28059
27.33 0.28131
27.34 0.28164
27.35 0.28159
27.36 0.28119
27.37 0.2805
27.38 0.27954
27.39 0.27836
27.4 0.27699
27.41 0.2755
27.42 0.27397
27.43 0.2725
27.44 0.27117
27.45 0.27006
27.46 0.26924
27.47 0.26876
27.48 0.26862
27.49 0.26878
27.5 0.26916
27.51 0.26964
27.52 0.27009
27.53 0.27038
27.54 0.27043
27.55 0.27024
27.56 0.26989
27.57 0.26953
27.58 0.26938
27.59 0.2696
27.6 0.27029
27.61 0.27144
27.62 0.2729
27.63 0.27444
27.64 0.27579
27.65 0.27668
27.66 0.27691
27.67 0.27638
27.68 0.27508
27.69 0.27312
27.7 0.27071
27.71 0.26801
27.72 0.26516
27.73 0.26223
27.74 0.25924
27.75 0.25616
27.76 0.25299
27.77 0.24974
27.78 0.2465
27.79 0.24342
27.8 0.24069
27.81 0.23851
27.82 0.23708
27.83 0.23653
27.84 0.23697
27.85 0.23849
27.86 0.24117
27.87 0.24512
27.88 0.25047
27.89 0.25735
27.9 0.2659
27.91 0.27632
27.92 0.28879
27.93 0.30352
27.94 0.32064
27.95 0.34023
27.96 0.36232
27.97 0.38691
27.98 0.41395
27.99 0.44343
28 0.47536
28.01 0.50984
28.02 0.54698
28.03 0.5869
28.04 0.62968
28.05 0.67527
28.06 0.7235
28.07 0.77402
28.08 0.82633
28.09 0.8798
28.1 0.93374
28.11 0.98744
28.12 1.0403
28.13 1.0916
28.14 1.1411
28.15 1.1882
28.16 1.2326
28.17 1.2743
28.18 1.3129
28.19 1.3486
28.2 1.3815
28.21 1.4115
28.22 1.4389
28.23 1.4638
28.24 1.4864
28.25 1.5069
28.26 1.5255
28.27 1.5423
28.28 1.5574
28.29 1.5711
28.3 1.5836
28.31 1.5949
28.32 1.6054
28.33 1.6154
28.34 1.6251
28.35 1.6349
28.36 1.6451
28.37 1.6561
28.38 1.6681
28.39 1.6815
28.4 1.6964
28.41 1.7129
28.42 1.7313
28.43 1.7516
28.44 1.7736
28.45 1.7975
28.46 1.8228
28.47 1.8495
28.48 1.8771
28.49 1.9054
28.5 1.934
28.51 1.9626
28.52 1.9909
28.53 2.0187
28.54 2.0457
28.55 2.0716
28.56 2.0965
28.57 2.1201
28.58 2.1423
28.59 2.1631
28.6 2.1825
28.61 2.2004
28.62 2.2167
28.63 2.2316
28.64 2.2448
28.65 2.2566
28.66 2.2668
28.67 2.2757
28.68 2.2831
28.69 2.2892
28.7 2.294
28.71 2.2975
28.72 2.2998
28.73 2.3007
28.74 2.3004
28.75 2.2988
28.76 2.2959
28.77 2.2918
28.78 2.2863
28.79 2.2794
28.8 2.2711
28.81 2.2613
28.82 2.25
28.83 2.2371
28.84 2.2225
28.85 2.2064
28.86 2.1885
28.87 2.1689
28.88 2.1477
28.89 2.1247
28.9 2.1002
28.91 2.0742
28.92 2.0469
28.93 2.0185
28.94 1.9893
28.95 1.9594
28.96 1.929
28.97 1.8982
28.98 1.8671
28.99 1.8359
29 1.8047
29.01 1.7736
29.02 1.7428
29.03 1.7122
29.04 1.6822
29.05 1.6526
29.06 1.6236
29.07 1.5951
29.08 1.5671
29.09 1.5394
29.1 1.512
29.11 1.4847
29.12 1.4574
29.13 1.43
29.14 1.4025
29.15 1.3747
29.16 1.3467
29.17 1.3183
29.18 1.2895
29.19 1.2601
29.2 1.2301
29.21 1.1994
29.22 1.168
29.23 1.1359
29.24 1.1032
29.25 1.0699
29.26 1.0362
29.27 1.0022
29.28 0.96795
29.29 0.93354
29.3 0.89912
29.31 0.86482
29.32 0.83085
29.33 0.7974
29.34 0.7647
29.35 0.73302
29.36 0.70264
29.37 0.67382
29.38 0.64674
29.39 0.62149
29.4 0.59806
29.41 0.57629
29.42 0.55596
29.43 0.53675
29.44 0.51827
29.45 0.50012
29.46 0.48193
29.47 0.46348
29.48 0.4447
29.49 0.4257
29.5 0.40684
29.51 0.38859
29.52 0.37155
29.53 0.35634
29.54 0.34345
29.55 0.33317
29.56 0.32543
29.57 0.31985
29.58 0.31584
29.59 0.31276
29.6 0.31008
29.61 0.30747
29.62 0.30478
29.63 0.30198
29.64 0.29909
29.65 0.29614
29.66 0.29313
29.67 0.29005
29.68 0.28687
29.69 0.28364
29.7 0.28041
29.71 0.27729
29.72 0.27436
29.73 0.27168
29.74 0.26927
29.75 0.26711
29.76 0.26517
29.77 0.26337
29.78 0.26163
29.79 0.25991
29.8 0.25816
29.81 0.25639
29.82 0.25462
29.83 0.25285
29.84 0.25111
29.85 0.24939
29.86 0.24767
29.87 0.24589
29.88 0.244
29.89 0.24196
29.9 0.23974
29.91 0.23735
29.92 0.23483
29.93 0.23228
29.94 0.22979
29.95 0.22744
29.96 0.22529
29.97 0.22338
29.98 0.22171
29.99 0.22029
30 0.21911
30.01 0.21814
30.02 0.21733
30.03 0.21667
30.04 0.21612
30.05 0.21566
30.06 0.21527
30.07 0.21495
30.08 0.21468
30.09 0.21448
30.1 0.21436
30.11 0.21434
30.12 0.21442
30.13 0.2146
30.14 0.2149
30.15 0.2153
30.16 0.2158
30.17 0.21635
30.18 0.21689
30.19 0.21738
30.2 0.21775
30.21 0.21797
30.22 0.21801
30.23 0.21788
30.24 0.2176
30.25 0.21723
30.26 0.21679
30.27 0.21634
30.28 0.21592
30.29 0.21555
30.3 0.21525
30.31 0.21503
30.32 0.21489
30.33 0.21479
30.34 0.21473
30.35 0.21468
30.36 0.21464
30.37 0.21458
30.38 0.21454
30.39 0.21453
30.4 0.21456
30.41 0.21467
30.42 0.21487
30.43 0.21516
30.44 0.21553
30.45 0.21596
30.46 0.21643
30.47 0.21692
30.48 0.21741
30.49 0.21787
30.5 0.21829
30.51 0.21867
30.52 0.219
30.53 0.21928
30.54 0.2195
30.55 0.21969
30.56 0.21987
30.57 0.22004
30.58 0.22021
30.59 0.22038
30.6 0.22054
30.61 0.2207
30.62 0.22084
30.63 0.22096
30.64 0.22106
30.65 0.22111
30.66 0.22115
30.67 0.22116
30.68 0.22116
30.69 0.22115
30.7 0.22115
30.71 0.22116
30.72 0.22119
30.73 0.22124
30.74 0.22131
30.75 0.22139
30.76 0.22146
30.77 0.22152
30.78 0.22156
30.79 0.22157
30.8 0.22154
30.81 0.22148
30.82 0.22137
30.83 0.22121
30.84 0.221
30.85 0.22073
30.86 0.2204
30.87 0.22002
30.88 0.2196
30.89 0.21916
30.9 0.21869
30.91 0.21822
30.92 0.21773
30.93 0.21722
30.94 0.21671
30.95 0.21619
30.96 0.21567
30.97 0.21516
30.98 0.21465
30.99 0.21413
31 0.21361
31.01 0.21307
31.02 0.2125
31.03 0.2119
31.04 0.21123
31.05 0.21047
31.06 0.20958
31.07 0.20855
31.08 0.20736
31.09 0.206
31.1 0.20446
31.11 0.20275
31.12 0.20089
31.13 0.1989
31.14 0.19682
31.15 0.19469
31.16 0.19253
31.17 0.19038
31.18 0.18827
31.19 0.18623
31.2 0.18428
31.21 0.18246
31.22 0.18078
31.23 0.17927
31.24 0.17793
31.25 0.17678
31.26 0.17582
31.27 0.17506
31.28 0.17448
31.29 0.17406
31.3 0.1738
31.31 0.1737
31.32 0.17372
31.33 0.17384
31.34 0.17403
31.35 0.17425
31.36 0.17446
31.37 0.17462
31.38 0.1747
31.39 0.1747
31.4 0.17465
31.41 0.17457
31.42 0.17448
31.43 0.17442
31.44 0.17443
31.45 0.17453
31.46 0.17473
31.47 0.17505
31.48 0.17549
31.49 0.17601
31.5 0.17657
31.51 0.17714
31.52 0.17768
31.53 0.17819
31.54 0.17863
31.55 0.179
31.56 0.17929
31.57 0.17951
31.58 0.17968
31.59 0.17981
31.6 0.17991
31.61 0.18002
31.62 0.18014
31.63 0.18031
31.64 0.18053
31.65 0.18081
31.66 0.18114
31.67 0.1815
31.68 0.18187
31.69 0.18224
31.7 0.18259
31.71 0.1829
31.72 0.18319
31.73 0.18344
31.74 0.18366
31.75 0.18386
31.76 0.18405
31.77 0.18423
31.78 0.1844
31.79 0.18455
31.8 0.18469
31.81 0.18481
31.82 0.18492
31.83 0.18502
31.84 0.18511
31.85 0.1852
31.86 0.18529
31.87 0.18537
31.88 0.18544
31.89 0.18549
31.9 0.1855
31.91 0.18546
31.92 0.18536
31.93 0.18521
31.94 0.18502
31.95 0.18481
31.96 0.1846
31.97 0.18442
31.98 0.18426
31.99 0.18414
32 0.18406
32.01 0.18403
32.02 0.18404
32.03 0.1841
32.04 0.18422
32.05 0.18437
32.06 0.18457
32.07 0.18478
32.08 0.18501
32.09 0.18523
32.1 0.18545
32.11 0.18567
32.12 0.18587
32.13 0.18605
32.14 0.1862
32.15 0.18632
32.16 0.18641
32.17 0.18645
32.18 0.18647
32.19 0.18645
32.2 0.18642
32.21 0.18639
32.22 0.18638
32.23 0.18639
32.24 0.18644
32.25 0.18652
32.26 0.18664
32.27 0.18677
32.28 0.18691
32.29 0.18704
32.3 0.18717
32.31 0.18728
32.32 0.18738
32.33 0.18747
32.34 0.18756
32.35 0.18767
32.36 0.1878
32.37 0.18795
32.38 0.18811
32.39 0.18827
32.4 0.18844
32.41 0.18859
32.42 0.18873
32.43 0.18883
32.44 0.18891
32.45 0.18897
32.46 0.18903
32.47 0.18908
32.48 0.18915
32.49 0.18922
32.5 0.1893
32.51 0.18938
32.52 0.18947
32.53 0.18956
32.54 0.18964
32.55 0.18969
32.56 0.1897
32.57 0.18968
32.58 0.18962
32.59 0.18953
32.6 0.18944
32.61 0.18936
32.62 0.18929
32.63 0.18923
32.64 0.18919
32.65 0.18914
32.66 0.18909
32.67 0.18904
32.68 0.18899
32.69 0.18893
32.7 0.18887
32.71 0.18882
32.72 0.18878
32.73 0.18877
32.74 0.18878
32.75 0.18881
32.76 0.18887
32.77 0.18894
32.78 0.18901
32.79 0.1891
32.8 0.18919
32.81 0.18928
32.82 0.18937
32.83 0.18945
32.84 0.18951
32.85 0.18957
32.86 0.18961
32.87 0.18965
32.88 0.18968
32.89 0.18972
32.9 0.18976
32.91 0.18981
32.92 0.18989
32.93 0.19001
32.94 0.19017
32.95 0.19037
32.96 0.19061
32.97 0.19087
32.98 0.19113
32.99 0.19138
33 0.1916
33.01 0.19179
33.02 0.19192
33.03 0.19202
33.04 0.19207
33.05 0.19211
33.06 0.19215
33.07 0.19222
33.08 0.19232
33.09 0.19247
33.1 0.1927
33.11 0.193
33.12 0.19339
33.13 0.19388
33.14 0.19444
33.15 0.19505
33.16 0.19569
33.17 0.19634
33.18 0.19698
33.19 0.19758
33.2 0.19813
33.21 0.19861
33.22 0.19902
33.23 0.19936
33.24 0.19964
33.25 0.19985
33.26 0.2
33.27 0.2001
33.28 0.20014
33.29 0.20014
33.3 0.20009
33.31 0.20002
33.32 0.19992
33.33 0.19981
33.34 0.19971
33.35 0.19963
33.36 0.19958
33.37 0.19956
33.38 0.19956
33.39 0.19956
33.4 0.19957
33.41 0.19959
33.42 0.19963
33.43 0.1997
33.44 0.19981
33.45 0.19997
33.46 0.20018
33.47 0.20039
33.48 0.20059
33.49 0.20075
33.5 0.20088
33.51 0.20097
33.52 0.20104
33.53 0.2011
33.54 0.20116
33.55 0.20123
33.56 0.20129
33.57 0.20134
33.58 0.20138
33.59 0.20142
33.6 0.20146
33.61 0.20152
33.62 0.20159
33.63 0.20167
33.64 0.20177
33.65 0.2019
33.66 0.20205
33.67 0.20223
33.68 0.20244
33.69 0.20266
33.7 0.20289
33.71 0.20311
33.72 0.20332
33.73 0.20349
33.74 0.20363
33.75 0.20371
33.76 0.20373
33.77 0.20372
33.78 0.20368
33.79 0.20364
33.8 0.20361
33.81 0.20358
33.82 0.20354
33.83 0.20347
33.84 0.20336
33.85 0.20321
33.86 0.20302
33.87 0.20282
33.88 0.20261
33.89 0.20241
33.9 0.20224
33.91 0.20208
33.92 0.20196
33.93 0.20186
33.94 0.20178
33.95 0.20173
33.96 0.20168
33.97 0.20164
33.98 0.2016
33.99 0.20158
34 0.20157
34.01 0.20156
34.02 0.20156
34.03 0.20155
34.04 0.20152
34.05 0.20148
34.06 0.20144
34.07 0.20139
34.08 0.20133
34.09 0.20125
34.1 0.20116
34.11 0.20106
34.12 0.20094
34.13 0.20083
34.14 0.20071
34.15 0.20061
34.16 0.20051
34.17 0.20041
34.18 0.20031
34.19 0.2002
34.2 0.20007
34.21 0.19992
34.22 0.19976
34.23 0.19961
34.24 0.19945
34.25 0.19929
34.26 0.19914
34.27 0.19898
34.28 0.19881
34.29 0.19865
34.3 0.1985
34.31 0.19837
34.32 0.19826
34.33 0.19818
34.34 0.19813
34.35 0.19811
34.36 0.1981
34.37 0.19813
34.38 0.19818
34.39 0.19827
34.4 0.19838
34.41 0.19851
34.42 0.19864
34.43 0.19876
34.44 0.19888
34.45 0.199
34.46 0.19911
34.47 0.19924
34.48 0.1994
34.49 0.19958
34.5 0.19978
34.51 0.20002
34.52 0.20027
34.53 0.20054
34.54 0.20079
34.55 0.20102
34.56 0.20121
34.57 0.20137
34.58 0.20149
34.59 0.20157
34.6 0.20165
34.61 0.20172
34.62 0.2018
34.63 0.20188
34.64 0.20195
34.65 0.20202
34.66 0.20209
34.67 0.20216
34.68 0.20224
34.69 0.20234
34.7 0.20244
34.71 0.20254
34.72 0.20267
34.73 0.20283
34.74 0.20303
34.75 0.20328
34.76 0.20358
34.77 0.20391
34.78 0.20424
34.79 0.20454
34.8 0.20481
34.81 0.20501
34.82 0.20516
34.83 0.20526
34.84 0.2053
34.85 0.20531
34.86 0.2053
34.87 0.20528
34.88 0.20524
34.89 0.2052
34.9 0.20514
34.91 0.20506
34.92 0.20495
34.93 0.20483
34.94 0.20471
34.95 0.20459
34.96 0.20447
34.97 0.20434
34.98 0.2042
34.99 0.20406
35 0.20392
35.01 0.2038
35.02 0.20371
35.03 0.20363
35.04 0.20356
35.05 0.2035
35.06 0.20345
35.07 0.2034
35.08 0.20335
35.09 0.20332
35.1 0.20331
35.11 0.20332
35.12 0.20335
35.13 0.20341
35.14 0.20348
35.15 0.20356
35.16 0.20366
35.17 0.20377
35.18 0.20389
35.19 0.20401
35.2 0.20414
35.21 0.20428
35.22 0.20444
35.23 0.20462
35.24 0.20484
35.25 0.20507
35.26 0.20533
35.27 0.20559
35.28 0.20586
35.29 0.20613
35.3 0.20642
35.31 0.20672
35.32 0.20704
35.33 0.20736
35.34 0.20766
35.35 0.20794
35.36 0.20819
35.37 0.20839
35.38 0.20854
35.39 0.20863
35.4 0.20865
35.41 0.20862
35.42 0.20855
35.43 0.20845
35.44 0.20835
35.45 0.20826
35.46 0.20819
35.47 0.20815
35.48 0.20814
35.49 0.20815
35.5 0.2082
35.51 0.20827
35.52 0.20836
35.53 0.20844
35.54 0.20851
35.55 0.20857
35.56 0.20862
35.57 0.20864
35.58 0.20865
35.59 0.20864
35.6 0.20862
35.61 0.20859
35.62 0.20857
35.63 0.20856
35.64 0.20858
35.65 0.20862
35.66 0.20868
35.67 0.20877
35.68 0.20888
35.69 0.20899
35.7 0.20908
35.71 0.20913
35.72 0.20912
35.73 0.20902
35.74 0.20885
35.75 0.20859
35.76 0.20828
35.77 0.20793
35.78 0.20757
35.79 0.20722
35.8 0.2069
35.81 0.20662
35.82 0.20638
35.83 0.20619
35.84 0.20604
35.85 0.20595
35.86 0.20591
35.87 0.20593
35.88 0.20599
35.89 0.20608
35.9 0.20619
35.91 0.20632
35.92 0.20646
35.93 0.20659
35.94 0.20671
35.95 0.20681
35.96 0.2069
35.97 0.20698
35.98 0.20704
35.99 0.2071
36 0.20713
36.01 0.20716
36.02 0.20717
36.03 0.20718
36.04 0.20719
36.05 0.20719
36.06 0.2072
36.07 0.20722
36.08 0.20724
36.09 0.20728
36.1 0.20731
36.11 0.20734
36.12 0.20737
36.13 0.20739
36.14 0.20741
36.15 0.20743
36.16 0.20746
36.17 0.2075
36.18 0.20756
