0 -1.2821
0.01 -1.2798
0.02 -1.2773
0.03 -1.2748
0.04 -1.2723
0.05 -1.2697
0.06 -1.267
0.07 -1.2644
0.08 -1.2618
0.09 -1.2593
0.1 -1.2568
0.11 -1.2545
0.12 -1.2523
0.13 -1.2503
0.14 -1.2485
0.15 -1.247
0.16 -1.2456
0.17 -1.2445
0.18 -1.2435
0.19 -1.2426
0.2 -1.2417
0.21 -1.2407
0.22 -1.2396
0.23 -1.2384
0.24 -1.237
0.25 -1.2355
0.26 -1.2339
0.27 -1.2322
0.28 -1.2305
0.29 -1.2288
0.3 -1.2271
0.31 -1.2255
0.32 -1.224
0.33 -1.2225
0.34 -1.221
0.35 -1.2197
0.36 -1.2184
0.37 -1.2172
0.38 -1.216
0.39 -1.215
0.4 -1.2141
0.41 -1.2132
0.42 -1.2125
0.43 -1.2118
0.44 -1.2111
0.45 -1.2105
0.46 -1.2099
0.47 -1.2093
0.48 -1.2086
0.49 -1.2077
0.5 -1.2067
0.51 -1.2055
0.52 -1.2042
0.53 -1.2028
0.54 -1.2014
0.55 -1.2
0.56 -1.1986
0.57 -1.1973
0.58 -1.1961
0.59 -1.195
0.6 -1.1939
0.61 -1.1928
0.62 -1.1917
0.63 -1.1905
0.64 -1.1894
0.65 -1.1881
0.66 -1.1869
0.67 -1.1857
0.68 -1.1846
0.69 -1.1836
0.7 -1.1827
0.71 -1.182
0.72 -1.1814
0.73 -1.1811
0.74 -1.1811
0.75 -1.1814
0.76 -1.182
0.77 -1.1829
0.78 -1.1842
0.79 -1.1858
0.8 -1.1877
0.81 -1.1898
0.82 -1.1921
0.83 -1.1944
0.84 -1.1968
0.85 -1.1991
0.86 -1.2014
0.87 -1.2035
0.88 -1.2055
0.89 -1.2075
0.9 -1.2095
0.91 -1.2115
0.92 -1.2136
0.93 -1.216
0.94 -1.2187
0.95 -1.2217
0.96 -1.225
0.97 -1.2286
0.98 -1.2325
0.99 -1.2365
1 -1.2407
1.01 -1.245
1.02 -1.2492
1.03 -1.2533
1.04 -1.2573
1.05 -1.2612
1.06 -1.2648
1.07 -1.2683
1.08 -1.2717
1.09 -1.2749
1.1 -1.2781
1.11 -1.2814
1.12 -1.2847
1.13 -1.288
1.14 -1.2915
1.15 -1.295
1.16 -1.2985
1.17 -1.3021
1.18 -1.3056
1.19 -1.309
1.2 -1.3123
1.21 -1.3153
1.22 -1.3183
1.23 -1.321
1.24 -1.3237
1.25 -1.3263
1.26 -1.3289
1.27 -1.3314
1.28 -1.3339
1.29 -1.3363
1.3 -1.3387
1.31 -1.341
1.32 -1.3433
1.33 -1.3453
1.34 -1.3472
1.35 -1.349
1.36 -1.3504
1.37 -1.3516
1.38 -1.3525
1.39 -1.3531
1.4 -1.3534
1.41 -1.3533
1.42 -1.3529
1.43 -1.3521
1.44 -1.3511
1.45 -1.3497
1.46 -1.348
1.47 -1.3461
1.48 -1.344
1.49 -1.3416
1.5 -1.3389
1.51 -1.3361
1.52 -1.333
1.53 -1.3297
1.54 -1.3263
1.55 -1.3227
1.56 -1.3191
1.57 -1.3155
1.58 -1.3118
1.59 -1.308
1.6 -1.3042
1.61 -1.3003
1.62 -1.2963
1.63 -1.2922
1.64 -1.288
1.65 -1.2838
1.66 -1.2797
1.67 -1.2756
1.68 -1.2718
1.69 -1.2681
1.7 -1.2648
1.71 -1.2618
1.72 -1.2591
1.73 -1.2568
1.74 -1.2549
1.75 -1.2534
1.76 -1.2524
1.77 -1.2517
1.78 -1.2515
1.79 -1.2516
1.8 -1.2522
1.81 -1.2532
1.82 -1.2546
1.83 -1.2563
1.84 -1.2584
1.85 -1.2607
1.86 -1.2634
1.87 -1.2663
1.88 -1.2695
1.89 -1.2729
1.9 -1.2766
1.91 -1.2805
1.92 -1.2845
1.93 -1.2888
1.94 -1.2931
1.95 -1.2976
1.96 -1.302
1.97 -1.3064
1.98 -1.3107
1.99 -1.3148
2 -1.3187
2.01 -1.3224
2.02 -1.3257
2.03 -1.3287
2.04 -1.3315
2.05 -1.3339
2.06 -1.3361
2.07 -1.338
2.08 -1.3395
2.09 -1.3408
2.1 -1.3418
2.11 -1.3425
2.12 -1.3428
2.13 -1.3429
2.14 -1.3427
2.15 -1.3421
2.16 -1.3413
2.17 -1.3401
2.18 -1.3386
2.19 -1.3368
2.2 -1.3348
2.21 -1.3327
2.22 -1.3304
2.23 -1.3281
2.24 -1.3257
2.25 -1.3233
2.26 -1.3208
2.27 -1.3183
2.28 -1.3157
2.29 -1.313
2.3 -1.3102
2.31 -1.3073
2.32 -1.3042
2.33 -1.301
2.34 -1.2978
2.35 -1.2945
2.36 -1.2911
2.37 -1.2878
2.38 -1.2845
2.39 -1.2812
2.4 -1.2778
2.41 -1.2746
2.42 -1.2713
2.43 -1.268
2.44 -1.2648
2.45 -1.2616
2.46 -1.2584
2.47 -1.2552
2.48 -1.2522
2.49 -1.2492
2.5 -1.2464
2.51 -1.2438
2.52 -1.2414
2.53 -1.2394
2.54 -1.2376
2.55 -1.2362
2.56 -1.2351
2.57 -1.2342
2.58 -1.2336
2.59 -1.2331
2.6 -1.2329
2.61 -1.2327
2.62 -1.2327
2.63 -1.2327
2.64 -1.2327
2.65 -1.2327
2.66 -1.2326
2.67 -1.2326
2.68 -1.2325
2.69 -1.2324
2.7 -1.2323
2.71 -1.2323
2.72 -1.2325
2.73 -1.2327
2.74 -1.2332
2.75 -1.2337
2.76 -1.2345
2.77 -1.2354
2.78 -1.2364
2.79 -1.2375
2.8 -1.2387
2.81 -1.2401
2.82 -1.2414
2.83 -1.2429
2.84 -1.2443
2.85 -1.2458
2.86 -1.2473
2.87 -1.2488
2.88 -1.2503
2.89 -1.2519
2.9 -1.2535
2.91 -1.2552
2.92 -1.2569
2.93 -1.2586
2.94 -1.2604
2.95 -1.2623
2.96 -1.2644
2.97 -1.2665
2.98 -1.2688
2.99 -1.2711
3 -1.2733
3.01 -1.2756
3.02 -1.2777
3.03 -1.2798
3.04 -1.2818
3.05 -1.2838
3.06 -1.2857
3.07 -1.2878
3.08 -1.2898
3.09 -1.292
3.1 -1.2942
3.11 -1.2963
3.12 -1.2984
3.13 -1.3003
3.14 -1.302
3.15 -1.3034
3.16 -1.3046
3.17 -1.3055
3.18 -1.3061
3.19 -1.3066
3.2 -1.3069
3.21 -1.3071
3.22 -1.3073
3.23 -1.3074
3.24 -1.3075
3.25 -1.3076
3.26 -1.3078
3.27 -1.308
3.28 -1.3084
3.29 -1.309
3.3 -1.3097
3.31 -1.3106
3.32 -1.3116
3.33 -1.3128
3.34 -1.3141
3.35 -1.3154
3.36 -1.3167
3.37 -1.3181
3.38 -1.3194
3.39 -1.3207
3.4 -1.3218
3.41 -1.3228
3.42 -1.3237
3.43 -1.3246
3.44 -1.3254
3.45 -1.3261
3.46 -1.3268
3.47 -1.3276
3.48 -1.3283
3.49 -1.3289
3.5 -1.3294
3.51 -1.3299
3.52 -1.3302
3.53 -1.3304
3.54 -1.3305
3.55 -1.3304
3.56 -1.3302
3.57 -1.3298
3.58 -1.3293
3.59 -1.3286
3.6 -1.3279
3.61 -1.327
3.62 -1.3261
3.63 -1.325
3.64 -1.3238
3.65 -1.3224
3.66 -1.3209
3.67 -1.3192
3.68 -1.3173
3.69 -1.3152
3.7 -1.3129
3.71 -1.3104
3.72 -1.3077
3.73 -1.3047
3.74 -1.3015
3.75 -1.2981
3.76 -1.2944
3.77 -1.2904
3.78 -1.2863
3.79 -1.282
3.8 -1.2775
3.81 -1.273
3.82 -1.2685
3.83 -1.2641
3.84 -1.2599
3.85 -1.256
3.86 -1.2523
3.87 -1.249
3.88 -1.246
3.89 -1.2433
3.9 -1.2408
3.91 -1.2384
3.92 -1.2361
3.93 -1.2338
3.94 -1.2314
3.95 -1.2289
3.96 -1.2262
3.97 -1.2233
3.98 -1.2202
3.99 -1.217
4 -1.2135
4.01 -1.2099
4.02 -1.2061
4.03 -1.2022
4.04 -1.1982
4.05 -1.194
4.06 -1.1898
4.07 -1.1856
4.08 -1.1813
4.09 -1.177
4.1 -1.1728
4.11 -1.1686
4.12 -1.1644
4.13 -1.1603
4.14 -1.1561
4.15 -1.1519
4.16 -1.1476
4.17 -1.1431
4.18 -1.1387
4.19 -1.1342
4.2 -1.1299
4.21 -1.1256
4.22 -1.1216
4.23 -1.1177
4.24 -1.1141
4.25 -1.1107
4.26 -1.1076
4.27 -1.1047
4.28 -1.1021
4.29 -1.0997
4.3 -1.0976
4.31 -1.0958
4.32 -1.0942
4.33 -1.0929
4.34 -1.0917
4.35 -1.0907
4.36 -1.0899
4.37 -1.0892
4.38 -1.0886
4.39 -1.088
4.4 -1.0875
4.41 -1.0869
4.42 -1.0864
4.43 -1.0859
4.44 -1.0854
4.45 -1.0848
4.46 -1.0842
4.47 -1.0835
4.48 -1.0828
4.49 -1.0819
4.5 -1.081
4.51 -1.0799
4.52 -1.0788
4.53 -1.0776
4.54 -1.0763
4.55 -1.0749
4.56 -1.0735
4.57 -1.072
4.58 -1.0705
4.59 -1.069
4.6 -1.0674
4.61 -1.0659
4.62 -1.0643
4.63 -1.0627
4.64 -1.0612
4.65 -1.0599
4.66 -1.0586
4.67 -1.0577
4.68 -1.0569
4.69 -1.0564
4.7 -1.0561
4.71 -1.056
4.72 -1.056
4.73 -1.0562
4.74 -1.0566
4.75 -1.057
4.76 -1.0576
4.77 -1.0584
4.78 -1.0592
4.79 -1.0601
4.8 -1.0611
4.81 -1.0623
4.82 -1.0635
4.83 -1.0649
4.84 -1.0666
4.85 -1.0684
4.86 -1.0704
4.87 -1.0725
4.88 -1.0749
4.89 -1.0775
4.9 -1.0802
4.91 -1.0832
4.92 -1.0864
4.93 -1.0899
4.94 -1.0936
4.95 -1.0974
4.96 -1.1015
4.97 -1.1057
4.98 -1.1102
4.99 -1.1148
5 -1.1197
5.01 -1.1248
5.02 -1.1302
5.03 -1.1357
5.04 -1.1415
5.05 -1.1473
5.06 -1.1533
5.07 -1.1593
5.08 -1.1653
5.09 -1.1713
5.1 -1.1774
5.11 -1.1835
5.12 -1.1897
5.13 -1.196
5.14 -1.2024
5.15 -1.2088
5.16 -1.2153
5.17 -1.2217
5.18 -1.228
5.19 -1.2342
5.2 -1.2402
5.21 -1.2461
5.22 -1.2517
5.23 -1.2572
5.24 -1.2625
5.25 -1.2677
5.26 -1.2727
5.27 -1.2777
5.28 -1.2824
5.29 -1.2871
5.3 -1.2915
5.31 -1.2958
5.32 -1.2999
5.33 -1.3038
5.34 -1.3075
5.35 -1.3109
5.36 -1.3142
5.37 -1.3173
5.38 -1.3202
5.39 -1.323
5.4 -1.3257
5.41 -1.3282
5.42 -1.3305
5.43 -1.3326
5.44 -1.3344
5.45 -1.3359
5.46 -1.3371
5.47 -1.3379
5.48 -1.3382
5.49 -1.3381
5.5 -1.3376
5.51 -1.3367
5.52 -1.3356
5.53 -1.3341
5.54 -1.3325
5.55 -1.3307
5.56 -1.3289
5.57 -1.3271
5.58 -1.3253
5.59 -1.3236
5.6 -1.3219
5.61 -1.3203
5.62 -1.3186
5.63 -1.3168
5.64 -1.3149
5.65 -1.3128
5.66 -1.3106
5.67 -1.3081
5.68 -1.3055
5.69 -1.3029
5.7 -1.3003
5.71 -1.2978
5.72 -1.2956
5.73 -1.2936
5.74 -1.292
5.75 -1.2908
5.76 -1.2898
5.77 -1.2891
5.78 -1.2886
5.79 -1.2882
5.8 -1.2878
5.81 -1.2875
5.82 -1.2871
5.83 -1.2867
5.84 -1.2862
5.85 -1.2856
5.86 -1.2849
5.87 -1.2843
5.88 -1.2836
5.89 -1.283
5.9 -1.2826
5.91 -1.2823
5.92 -1.2823
5.93 -1.2825
5.94 -1.2829
5.95 -1.2836
5.96 -1.2844
5.97 -1.2854
5.98 -1.2866
5.99 -1.2879
6 -1.2892
6.01 -1.2906
6.02 -1.292
6.03 -1.2933
6.04 -1.2947
6.05 -1.296
6.06 -1.2973
6.07 -1.2985
6.08 -1.2998
6.09 -1.301
6.1 -1.3022
6.11 -1.3034
6.12 -1.3045
6.13 -1.3055
6.14 -1.3065
6.15 -1.3074
6.16 -1.3083
6.17 -1.3091
6.18 -1.31
6.19 -1.3108
6.2 -1.3115
6.21 -1.3121
6.22 -1.3126
6.23 -1.3128
6.24 -1.3128
6.25 -1.3125
6.26 -1.3119
6.27 -1.311
6.28 -1.3098
6.29 -1.3082
6.3 -1.3064
6.31 -1.3042
6.32 -1.3018
6.33 -1.2991
6.34 -1.2961
6.35 -1.2929
6.36 -1.2895
6.37 -1.286
6.38 -1.2823
6.39 -1.2784
6.4 -1.2744
6.41 -1.2702
6.42 -1.2659
6.43 -1.2614
6.44 -1.2568
6.45 -1.2521
6.46 -1.2471
6.47 -1.242
6.48 -1.2367
6.49 -1.2313
6.5 -1.2258
6.51 -1.2203
6.52 -1.2147
6.53 -1.2091
6.54 -1.2036
6.55 -1.198
6.56 -1.1925
6.57 -1.1871
6.58 -1.1819
6.59 -1.177
6.6 -1.1723
6.61 -1.168
6.62 -1.1641
6.63 -1.1605
6.64 -1.1574
6.65 -1.1545
6.66 -1.152
6.67 -1.1497
6.68 -1.1476
6.69 -1.1456
6.7 -1.1438
6.71 -1.1422
6.72 -1.1407
6.73 -1.1394
6.74 -1.1383
6.75 -1.1373
6.76 -1.1366
6.77 -1.136
6.78 -1.1354
6.79 -1.1349
6.8 -1.1344
6.81 -1.1339
6.82 -1.1333
6.83 -1.1327
6.84 -1.132
6.85 -1.1313
6.86 -1.1306
6.87 -1.13
6.88 -1.1295
6.89 -1.1291
6.9 -1.129
6.91 -1.1291
6.92 -1.1293
6.93 -1.1299
6.94 -1.1305
6.95 -1.1314
6.96 -1.1323
6.97 -1.1334
6.98 -1.1346
6.99 -1.1359
7 -1.1375
7.01 -1.1393
7.02 -1.1414
7.03 -1.1439
7.04 -1.1467
7.05 -1.15
7.06 -1.1535
7.07 -1.1574
7.08 -1.1615
7.09 -1.1657
7.1 -1.17
7.11 -1.1743
7.12 -1.1785
7.13 -1.1827
7.14 -1.1869
7.15 -1.1911
7.16 -1.1953
7.17 -1.1995
7.18 -1.2038
7.19 -1.2082
7.2 -1.2125
7.21 -1.2169
7.22 -1.2213
7.23 -1.2258
7.24 -1.2302
7.25 -1.2345
7.26 -1.2388
7.27 -1.2431
7.28 -1.2473
7.29 -1.2515
7.3 -1.2556
7.31 -1.2597
7.32 -1.2637
7.33 -1.2678
7.34 -1.2718
7.35 -1.2756
7.36 -1.2794
7.37 -1.2829
7.38 -1.2863
7.39 -1.2895
7.4 -1.2925
7.41 -1.2954
7.42 -1.2982
7.43 -1.301
7.44 -1.3036
7.45 -1.3062
7.46 -1.3087
7.47 -1.3111
7.48 -1.3135
7.49 -1.3158
7.5 -1.3182
7.51 -1.3205
7.52 -1.3229
7.53 -1.3252
7.54 -1.3275
7.55 -1.3298
7.56 -1.332
7.57 -1.334
7.58 -1.3358
7.59 -1.3374
7.6 -1.3386
7.61 -1.3395
7.62 -1.3401
7.63 -1.3404
7.64 -1.3405
7.65 -1.3403
7.66 -1.3398
7.67 -1.3392
7.68 -1.3385
7.69 -1.3376
7.7 -1.3366
7.71 -1.3356
7.72 -1.3346
7.73 -1.3335
7.74 -1.3323
7.75 -1.3312
7.76 -1.33
7.77 -1.3289
7.78 -1.3279
7.79 -1.327
7.8 -1.3262
7.81 -1.3256
7.82 -1.3251
7.83 -1.3247
7.84 -1.3244
7.85 -1.3242
7.86 -1.3241
7.87 -1.324
7.88 -1.3239
7.89 -1.3238
7.9 -1.3236
7.91 -1.3233
7.92 -1.323
7.93 -1.3226
7.94 -1.3221
7.95 -1.3217
7.96 -1.3212
7.97 -1.3207
7.98 -1.3203
7.99 -1.32
8 -1.3197
8.01 -1.3195
8.02 -1.3193
8.03 -1.3192
8.04 -1.319
8.05 -1.3188
8.06 -1.3185
8.07 -1.3181
8.08 -1.3177
8.09 -1.3173
8.1 -1.3167
8.11 -1.3162
8.12 -1.3156
8.13 -1.3151
8.14 -1.3145
8.15 -1.314
8.16 -1.3134
8.17 -1.3129
8.18 -1.3125
8.19 -1.312
8.2 -1.3116
8.21 -1.3113
8.22 -1.311
8.23 -1.3107
8.24 -1.3105
8.25 -1.3104
8.26 -1.3103
8.27 -1.3102
8.28 -1.3101
8.29 -1.3099
8.3 -1.3097
8.31 -1.3094
8.32 -1.309
8.33 -1.3085
8.34 -1.308
8.35 -1.3075
8.36 -1.307
8.37 -1.3066
8.38 -1.3062
8.39 -1.3059
8.4 -1.3056
8.41 -1.3055
8.42 -1.3054
8.43 -1.3053
8.44 -1.3053
8.45 -1.3053
8.46 -1.3052
8.47 -1.3052
8.48 -1.3051
8.49 -1.3049
8.5 -1.3048
8.51 -1.3046
8.52 -1.3045
8.53 -1.3043
8.54 -1.3041
8.55 -1.3039
8.56 -1.3037
8.57 -1.3035
8.58 -1.3033
8.59 -1.3031
8.6 -1.3029
8.61 -1.3026
8.62 -1.3024
8.63 -1.3021
8.64 -1.3019
8.65 -1.3017
8.66 -1.3015
8.67 -1.3014
8.68 -1.3013
8.69 -1.3013
8.7 -1.3012
8.71 -1.3011
8.72 -1.3011
8.73 -1.301
8.74 -1.3009
8.75 -1.3007
8.76 -1.3006
8.77 -1.3004
8.78 -1.3002
8.79 -1.2999
8.8 -1.2997
8.81 -1.2994
8.82 -1.2991
8.83 -1.2988
8.84 -1.2985
8.85 -1.2982
8.86 -1.298
8.87 -1.2978
8.88 -1.2976
8.89 -1.2976
8.9 -1.2977
8.91 -1.298
8.92 -1.2985
8.93 -1.2992
8.94 -1.3001
8.95 -1.3013
8.96 -1.3027
8.97 -1.3041
8.98 -1.3056
8.99 -1.3069
9 -1.308
9.01 -1.3087
9.02 -1.3089
9.03 -1.3085
9.04 -1.3076
9.05 -1.306
9.06 -1.3038
9.07 -1.3011
9.08 -1.2978
9.09 -1.2942
9.1 -1.2902
9.11 -1.286
9.12 -1.2816
9.13 -1.2771
9.14 -1.2725
9.15 -1.2679
9.16 -1.2633
9.17 -1.2589
9.18 -1.2546
9.19 -1.2504
9.2 -1.2465
9.21 -1.2428
9.22 -1.2395
9.23 -1.2365
9.24 -1.2338
9.25 -1.2315
9.26 -1.2297
9.27 -1.2282
9.28 -1.227
9.29 -1.2262
9.3 -1.2258
9.31 -1.2256
9.32 -1.2256
9.33 -1.2259
9.34 -1.2264
9.35 -1.227
9.36 -1.2277
9.37 -1.2284
9.38 -1.2292
9.39 -1.2301
9.4 -1.2309
9.41 -1.2317
9.42 -1.2325
9.43 -1.2332
9.44 -1.2339
9.45 -1.2346
9.46 -1.2352
9.47 -1.2357
9.48 -1.2363
9.49 -1.2368
9.5 -1.2373
9.51 -1.2379
9.52 -1.2384
9.53 -1.2389
9.54 -1.2394
9.55 -1.24
9.56 -1.2406
9.57 -1.2412
9.58 -1.2419
9.59 -1.2427
9.6 -1.2434
9.61 -1.2441
9.62 -1.2448
9.63 -1.2454
9.64 -1.2459
9.65 -1.2463
9.66 -1.2467
9.67 -1.247
9.68 -1.2474
9.69 -1.2477
9.7 -1.2482
9.71 -1.2488
9.72 -1.2495
9.73 -1.2505
9.74 -1.2516
9.75 -1.2529
9.76 -1.2544
9.77 -1.2561
9.78 -1.258
9.79 -1.2601
9.8 -1.2623
9.81 -1.2646
9.82 -1.2671
9.83 -1.2698
9.84 -1.2727
9.85 -1.2757
9.86 -1.2788
9.87 -1.2819
9.88 -1.2851
9.89 -1.2882
9.9 -1.2912
9.91 -1.294
9.92 -1.2967
9.93 -1.2993
9.94 -1.3017
9.95 -1.3039
9.96 -1.3059
9.97 -1.3078
9.98 -1.3096
9.99 -1.3111
10 -1.3126
10.01 -1.3138
10.02 -1.3149
10.03 -1.3157
10.04 -1.3163
10.05 -1.3166
10.06 -1.3167
10.07 -1.3165
10.08 -1.3162
10.09 -1.3157
10.1 -1.3152
10.11 -1.3147
10.12 -1.3141
10.13 -1.3135
10.14 -1.3129
10.15 -1.3122
10.16 -1.3115
10.17 -1.3108
10.18 -1.31
10.19 -1.3091
10.2 -1.3081
10.21 -1.3071
10.22 -1.3059
10.23 -1.3047
10.24 -1.3033
10.25 -1.3019
10.26 -1.3005
10.27 -1.299
10.28 -1.2974
10.29 -1.2958
10.3 -1.2942
10.31 -1.2926
10.32 -1.2909
10.33 -1.2892
10.34 -1.2875
10.35 -1.2858
10.36 -1.2841
10.37 -1.2825
10.38 -1.281
10.39 -1.2795
10.4 -1.278
10.41 -1.2767
10.42 -1.2754
10.43 -1.2741
10.44 -1.2729
10.45 -1.2718
10.46 -1.2707
10.47 -1.2697
10.48 -1.2687
10.49 -1.2678
10.5 -1.2671
10.51 -1.2663
10.52 -1.2657
10.53 -1.2651
10.54 -1.2646
10.55 -1.2641
10.56 -1.2636
10.57 -1.2633
10.58 -1.263
10.59 -1.2629
10.6 -1.2628
10.61 -1.2629
10.62 -1.2631
10.63 -1.2633
10.64 -1.2636
10.65 -1.264
10.66 -1.2643
10.67 -1.2647
10.68 -1.2651
10.69 -1.2655
10.7 -1.2659
10.71 -1.2664
10.72 -1.2668
10.73 -1.2672
10.74 -1.2676
10.75 -1.2679
10.76 -1.2683
10.77 -1.2686
10.78 -1.2689
10.79 -1.2691
10.8 -1.2693
10.81 -1.2694
10.82 -1.2694
10.83 -1.2694
10.84 -1.2693
10.85 -1.2691
10.86 -1.2688
10.87 -1.2684
10.88 -1.268
10.89 -1.2674
10.9 -1.2668
10.91 -1.2662
10.92 -1.2656
10.93 -1.265
10.94 -1.2645
10.95 -1.264
10.96 -1.2635
10.97 -1.2631
10.98 -1.2627
10.99 -1.2624
11 -1.262
11.01 -1.2616
11.02 -1.2613
11.03 -1.2609
11.04 -1.2605
11.05 -1.2601
11.06 -1.2597
11.07 -1.2592
11.08 -1.2588
11.09 -1.2583
11.1 -1.2578
11.11 -1.2572
11.12 -1.2566
11.13 -1.256
11.14 -1.2554
11.15 -1.2547
11.16 -1.254
11.17 -1.2533
11.18 -1.2526
11.19 -1.2519
11.2 -1.2512
11.21 -1.2506
11.22 -1.2501
11.23 -1.2496
11.24 -1.2493
11.25 -1.2491
11.26 -1.249
11.27 -1.2491
11.28 -1.2493
11.29 -1.2497
11.3 -1.2503
11.31 -1.2511
11.32 -1.2521
11.33 -1.2532
11.34 -1.2545
11.35 -1.2559
11.36 -1.2574
11.37 -1.2589
11.38 -1.2605
11.39 -1.2621
11.4 -1.2638
11.41 -1.2655
11.42 -1.2672
11.43 -1.2689
11.44 -1.2707
11.45 -1.2724
11.46 -1.2741
11.47 -1.2758
11.48 -1.2774
11.49 -1.2789
11.5 -1.2803
11.51 -1.2817
11.52 -1.2831
11.53 -1.2845
11.54 -1.286
11.55 -1.2875
11.56 -1.2891
11.57 -1.2907
11.58 -1.2923
11.59 -1.294
11.6 -1.2956
11.61 -1.2972
11.62 -1.2988
11.63 -1.3003
11.64 -1.3018
11.65 -1.3033
11.66 -1.3046
11.67 -1.306
11.68 -1.3072
11.69 -1.3084
11.7 -1.3095
11.71 -1.3105
11.72 -1.3114
11.73 -1.3122
11.74 -1.3129
11.75 -1.3134
11.76 -1.3139
11.77 -1.3143
11.78 -1.3147
11.79 -1.315
11.8 -1.3153
11.81 -1.3156
11.82 -1.3158
11.83 -1.316
11.84 -1.3162
11.85 -1.3164
11.86 -1.3166
11.87 -1.3168
11.88 -1.3171
11.89 -1.3174
11.9 -1.3177
11.91 -1.3181
11.92 -1.3185
11.93 -1.3188
11.94 -1.3192
11.95 -1.3196
11.96 -1.3199
11.97 -1.3202
11.98 -1.3205
11.99 -1.3207
12 -1.3209
12.01 -1.3211
12.02 -1.3213
12.03 -1.3214
12.04 -1.3215
12.05 -1.3215
12.06 -1.3216
12.07 -1.3216
12.08 -1.3216
12.09 -1.3215
12.1 -1.3214
12.11 -1.3212
12.12 -1.3209
12.13 -1.3205
12.14 -1.32
12.15 -1.3193
12.16 -1.3186
12.17 -1.3179
12.18 -1.317
12.19 -1.3161
12.2 -1.3151
12.21 -1.3141
12.22 -1.3131
12.23 -1.3119
12.24 -1.3107
12.25 -1.3095
12.26 -1.3081
12.27 -1.3067
12.28 -1.3052
12.29 -1.3036
12.3 -1.302
12.31 -1.3003
12.32 -1.2986
12.33 -1.2968
12.34 -1.2951
12.35 -1.2933
12.36 -1.2916
12.37 -1.29
12.38 -1.2883
12.39 -1.2867
12.4 -1.2852
12.41 -1.2837
12.42 -1.2822
12.43 -1.2808
12.44 -1.2795
12.45 -1.2782
12.46 -1.277
12.47 -1.2757
12.48 -1.2745
12.49 -1.2734
12.5 -1.2722
12.51 -1.2711
12.52 -1.2701
12.53 -1.2691
12.54 -1.2682
12.55 -1.2673
12.56 -1.2665
12.57 -1.2657
12.58 -1.2649
12.59 -1.2642
12.6 -1.2635
12.61 -1.2629
12.62 -1.2623
12.63 -1.2618
12.64 -1.2613
12.65 -1.2608
12.66 -1.2603
12.67 -1.2599
12.68 -1.2595
12.69 -1.2591
12.7 -1.2588
12.71 -1.2585
12.72 -1.2581
12.73 -1.2578
12.74 -1.2575
12.75 -1.2571
12.76 -1.2568
12.77 -1.2564
12.78 -1.2561
12.79 -1.2557
12.8 -1.2553
12.81 -1.2549
12.82 -1.2545
12.83 -1.2541
12.84 -1.2537
12.85 -1.2533
12.86 -1.2529
12.87 -1.2525
12.88 -1.2522
12.89 -1.252
12.9 -1.2518
12.91 -1.2517
12.92 -1.2516
12.93 -1.2515
12.94 -1.2514
12.95 -1.2514
12.96 -1.2513
12.97 -1.2513
12.98 -1.2512
12.99 -1.2512
13 -1.2511
13.01 -1.2511
13.02 -1.251
13.03 -1.251
13.04 -1.2509
13.05 -1.2508
13.06 -1.2508
13.07 -1.2506
13.08 -1.2505
13.09 -1.2503
13.1 -1.2502
13.11 -1.25
13.12 -1.2498
13.13 -1.2496
13.14 -1.2494
13.15 -1.2492
13.16 -1.2491
13.17 -1.2489
13.18 -1.2488
13.19 -1.2487
13.2 -1.2487
13.21 -1.2487
13.22 -1.2488
13.23 -1.2488
13.24 -1.2489
13.25 -1.2489
13.26 -1.2489
13.27 -1.2489
13.28 -1.2489
13.29 -1.249
13.3 -1.249
13.31 -1.2491
13.32 -1.2492
13.33 -1.2493
13.34 -1.2494
13.35 -1.2494
13.36 -1.2495
13.37 -1.2496
13.38 -1.2497
13.39 -1.2497
13.4 -1.2498
13.41 -1.2498
13.42 -1.2498
13.43 -1.2498
13.44 -1.2498
13.45 -1.2498
13.46 -1.2498
13.47 -1.2499
13.48 -1.2499
13.49 -1.2499
13.5 -1.2498
13.51 -1.2497
13.52 -1.2496
13.53 -1.2494
13.54 -1.2492
13.55 -1.2489
13.56 -1.2487
13.57 -1.2484
13.58 -1.2481
13.59 -1.2478
13.6 -1.2476
13.61 -1.2473
13.62 -1.247
13.63 -1.2468
13.64 -1.2466
13.65 -1.2463
13.66 -1.2461
13.67 -1.2458
13.68 -1.2456
13.69 -1.2454
13.7 -1.2451
13.71 -1.2449
13.72 -1.2447
13.73 -1.2445
13.74 -1.2443
13.75 -1.2441
13.76 -1.2439
13.77 -1.2436
13.78 -1.2434
13.79 -1.2431
13.8 -1.2428
13.81 -1.2425
13.82 -1.2422
13.83 -1.2419
13.84 -1.2416
13.85 -1.2413
13.86 -1.241
13.87 -1.2407
13.88 -1.2405
13.89 -1.2402
13.9 -1.2399
13.91 -1.2396
13.92 -1.2393
13.93 -1.239
13.94 -1.2386
13.95 -1.2384
13.96 -1.2381
13.97 -1.2378
13.98 -1.2375
13.99 -1.2373
14 -1.2371
14.01 -1.237
14.02 -1.2368
14.03 -1.2367
14.04 -1.2365
14.05 -1.2364
14.06 -1.2362
14.07 -1.2361
14.08 -1.2359
14.09 -1.2358
14.1 -1.2357
14.11 -1.2356
14.12 -1.2355
14.13 -1.2354
14.14 -1.2354
14.15 -1.2353
14.16 -1.2353
14.17 -1.2353
14.18 -1.2353
14.19 -1.2353
14.2 -1.2353
14.21 -1.2353
14.22 -1.2353
14.23 -1.2352
14.24 -1.2351
14.25 -1.235
14.26 -1.2349
14.27 -1.2348
14.28 -1.2346
14.29 -1.2344
14.3 -1.2343
14.31 -1.2341
14.32 -1.2339
14.33 -1.2337
14.34 -1.2335
14.35 -1.2334
14.36 -1.2332
14.37 -1.2331
14.38 -1.233
14.39 -1.2329
14.4 -1.2328
14.41 -1.2328
14.42 -1.2328
14.43 -1.2329
14.44 -1.233
14.45 -1.2331
14.46 -1.2332
14.47 -1.2333
14.48 -1.2334
14.49 -1.2334
14.5 -1.2334
14.51 -1.2334
14.52 -1.2334
14.53 -1.2334
14.54 -1.2333
14.55 -1.2333
14.56 -1.2332
14.57 -1.2331
14.58 -1.233
14.59 -1.2329
14.6 -1.2328
14.61 -1.2327
14.62 -1.2326
14.63 -1.2325
14.64 -1.2324
14.65 -1.2323
14.66 -1.2322
14.67 -1.2321
14.68 -1.232
14.69 -1.2319
14.7 -1.2319
14.71 -1.2318
14.72 -1.2317
14.73 -1.2317
14.74 -1.2316
14.75 -1.2316
14.76 -1.2316
14.77 -1.2315
14.78 -1.2315
14.79 -1.2315
14.8 -1.2314
14.81 -1.2314
14.82 -1.2313
14.83 -1.2311
14.84 -1.2309
14.85 -1.2308
14.86 -1.2306
14.87 -1.2304
14.88 -1.2303
14.89 -1.2301
14.9 -1.23
14.91 -1.23
14.92 -1.2299
14.93 -1.2299
14.94 -1.2299
14.95 -1.2299
14.96 -1.2299
14.97 -1.2299
14.98 -1.2299
14.99 -1.2299
15 -1.2299
15.01 -1.2298
15.02 -1.2298
15.03 -1.2297
15.04 -1.2297
15.05 -1.2296
15.06 -1.2296
15.07 -1.2295
15.08 -1.2294
15.09 -1.2293
15.1 -1.2292
15.11 -1.229
15.12 -1.2289
15.13 -1.2287
15.14 -1.2285
15.15 -1.2284
15.16 -1.2282
15.17 -1.2281
15.18 -1.228
15.19 -1.2278
15.2 -1.2277
15.21 -1.2276
15.22 -1.2275
15.23 -1.2275
15.24 -1.2274
15.25 -1.2274
15.26 -1.2275
15.27 -1.2275
15.28 -1.2275
15.29 -1.2275
15.3 -1.2275
15.31 -1.2275
15.32 -1.2274
15.33 -1.2274
15.34 -1.2274
15.35 -1.2273
15.36 -1.2273
15.37 -1.2273
15.38 -1.2273
15.39 -1.2273
15.4 -1.2274
15.41 -1.2275
15.42 -1.2276
15.43 -1.2277
15.44 -1.2278
15.45 -1.2279
15.46 -1.228
15.47 -1.228
15.48 -1.228
15.49 -1.228
15.5 -1.228
15.51 -1.2279
15.52 -1.2278
15.53 -1.2277
15.54 -1.2276
15.55 -1.2275
15.56 -1.2274
15.57 -1.2274
15.58 -1.2273
15.59 -1.2273
15.6 -1.2273
15.61 -1.2273
15.62 -1.2274
15.63 -1.2275
15.64 -1.2277
15.65 -1.2279
15.66 -1.2283
15.67 -1.2288
15.68 -1.2294
15.69 -1.2303
15.7 -1.2314
15.71 -1.2327
15.72 -1.2342
15.73 -1.2359
15.74 -1.2379
15.75 -1.24
15.76 -1.2423
15.77 -1.2447
15.78 -1.2473
15.79 -1.2499
15.8 -1.2526
15.81 -1.2553
15.82 -1.2581
15.83 -1.2609
15.84 -1.2637
15.85 -1.2665
15.86 -1.2693
15.87 -1.2722
15.88 -1.2752
15.89 -1.2782
15.9 -1.2812
15.91 -1.2842
15.92 -1.2872
15.93 -1.2902
15.94 -1.2931
15.95 -1.296
15.96 -1.2987
15.97 -1.3013
15.98 -1.3037
15.99 -1.306
16 -1.3081
16.01 -1.3101
16.02 -1.3119
16.03 -1.3136
16.04 -1.3151
16.05 -1.3166
16.06 -1.318
16.07 -1.3194
16.08 -1.3208
16.09 -1.3221
16.1 -1.3235
16.11 -1.3249
16.12 -1.3263
16.13 -1.3277
16.14 -1.329
16.15 -1.3303
16.16 -1.3315
16.17 -1.3326
16.18 -1.3336
16.19 -1.3345
16.2 -1.3353
16.21 -1.336
16.22 -1.3367
16.23 -1.3373
16.24 -1.3378
16.25 -1.3384
16.26 -1.3389
16.27 -1.3394
16.28 -1.3401
16.29 -1.3407
16.3 -1.3415
16.31 -1.3425
16.32 -1.3434
16.33 -1.3445
16.34 -1.3456
16.35 -1.3466
16.36 -1.3477
16.37 -1.3486
16.38 -1.3494
16.39 -1.3501
16.4 -1.3507
16.41 -1.3511
16.42 -1.3514
16.43 -1.3516
16.44 -1.3517
16.45 -1.3517
16.46 -1.3517
16.47 -1.3516
16.48 -1.3515
16.49 -1.3514
16.5 -1.3513
16.51 -1.3513
16.52 -1.3513
16.53 -1.3514
16.54 -1.3515
16.55 -1.3518
16.56 -1.3522
16.57 -1.3526
16.58 -1.3532
16.59 -1.3538
16.6 -1.3546
16.61 -1.3553
16.62 -1.3561
16.63 -1.357
16.64 -1.3578
16.65 -1.3588
16.66 -1.3599
16.67 -1.3611
16.68 -1.3626
16.69 -1.3643
16.7 -1.3663
16.71 -1.3685
16.72 -1.371
16.73 -1.3738
16.74 -1.3767
16.75 -1.3797
16.76 -1.3827
16.77 -1.3855
16.78 -1.3881
16.79 -1.3904
16.8 -1.3923
16.81 -1.3938
16.82 -1.3948
16.83 -1.3955
16.84 -1.3957
16.85 -1.3957
16.86 -1.3952
16.87 -1.3945
16.88 -1.3936
16.89 -1.3924
16.9 -1.391
16.91 -1.3894
16.92 -1.3877
16.93 -1.3859
16.94 -1.384
16.95 -1.3821
16.96 -1.3802
16.97 -1.3783
16.98 -1.3763
16.99 -1.3743
17 -1.3723
17.01 -1.3703
17.02 -1.3681
17.03 -1.366
17.04 -1.3638
17.05 -1.3616
17.06 -1.3595
17.07 -1.3575
17.08 -1.3556
17.09 -1.3539
17.1 -1.3524
17.11 -1.3511
17.12 -1.3499
17.13 -1.3489
17.14 -1.3481
17.15 -1.3475
17.16 -1.3471
17.17 -1.347
17.18 -1.3471
17.19 -1.3475
17.2 -1.3481
17.21 -1.3489
17.22 -1.35
17.23 -1.3512
17.24 -1.3525
17.25 -1.3538
17.26 -1.355
17.27 -1.3562
17.28 -1.3571
17.29 -1.3578
17.3 -1.3582
17.31 -1.3583
17.32 -1.3581
17.33 -1.3576
17.34 -1.3569
17.35 -1.3559
17.36 -1.3548
17.37 -1.3535
17.38 -1.352
17.39 -1.3505
17.4 -1.3489
17.41 -1.3473
17.42 -1.3456
17.43 -1.3439
17.44 -1.3422
17.45 -1.3404
17.46 -1.3387
17.47 -1.337
17.48 -1.3353
17.49 -1.3336
17.5 -1.332
17.51 -1.3304
17.52 -1.3288
17.53 -1.3272
17.54 -1.3256
17.55 -1.324
17.56 -1.3223
17.57 -1.3207
17.58 -1.319
17.59 -1.3175
17.6 -1.3161
17.61 -1.3149
17.62 -1.3138
17.63 -1.3128
17.64 -1.312
17.65 -1.3113
17.66 -1.3107
17.67 -1.3102
17.68 -1.3097
17.69 -1.3092
17.7 -1.3088
17.71 -1.3084
17.72 -1.3079
17.73 -1.3074
17.74 -1.3068
17.75 -1.3061
17.76 -1.3052
17.77 -1.3043
17.78 -1.3032
17.79 -1.3021
17.8 -1.3009
17.81 -1.2997
17.82 -1.2985
17.83 -1.2973
17.84 -1.2962
17.85 -1.2951
17.86 -1.2941
17.87 -1.2931
17.88 -1.2923
17.89 -1.2917
17.9 -1.2913
17.91 -1.2911
17.92 -1.2912
17.93 -1.2915
17.94 -1.292
17.95 -1.2927
17.96 -1.2936
17.97 -1.2946
17.98 -1.2958
17.99 -1.2973
18 -1.299
18.01 -1.301
18.02 -1.3034
18.03 -1.306
18.04 -1.309
18.05 -1.3121
18.06 -1.3156
18.07 -1.3192
18.08 -1.323
18.09 -1.327
18.1 -1.3311
18.11 -1.3353
18.12 -1.3396
18.13 -1.344
18.14 -1.3485
18.15 -1.3529
18.16 -1.3572
18.17 -1.3615
18.18 -1.3655
18.19 -1.3693
18.2 -1.3728
18.21 -1.376
18.22 -1.379
18.23 -1.3817
18.24 -1.3842
18.25 -1.3865
18.26 -1.3888
18.27 -1.391
18.28 -1.3932
18.29 -1.3955
18.3 -1.3977
18.31 -1.4
18.32 -1.4023
18.33 -1.4046
18.34 -1.4068
18.35 -1.4089
18.36 -1.4108
18.37 -1.4125
18.38 -1.4141
18.39 -1.4155
18.4 -1.4168
18.41 -1.4179
18.42 -1.4189
18.43 -1.4198
18.44 -1.4207
18.45 -1.4215
18.46 -1.4222
18.47 -1.4229
18.48 -1.4235
18.49 -1.424
18.5 -1.4245
18.51 -1.4249
18.52 -1.4254
18.53 -1.4259
18.54 -1.4265
18.55 -1.4271
18.56 -1.4277
18.57 -1.4285
18.58 -1.4292
18.59 -1.4299
18.6 -1.4305
18.61 -1.431
18.62 -1.4315
18.63 -1.4318
18.64 -1.432
18.65 -1.432
18.66 -1.432
18.67 -1.4318
18.68 -1.4315
18.69 -1.4311
18.7 -1.4305
18.71 -1.4298
18.72 -1.4289
18.73 -1.428
18.74 -1.4269
18.75 -1.4256
18.76 -1.4242
18.77 -1.4227
18.78 -1.4209
18.79 -1.419
18.8 -1.417
18.81 -1.4147
18.82 -1.4122
18.83 -1.4096
18.84 -1.4067
18.85 -1.4036
18.86 -1.4003
18.87 -1.3967
18.88 -1.393
18.89 -1.3891
18.9 -1.385
18.91 -1.3808
18.92 -1.3765
18.93 -1.3722
18.94 -1.3679
18.95 -1.3636
18.96 -1.3594
18.97 -1.3553
18.98 -1.3513
18.99 -1.3474
19 -1.3436
19.01 -1.3399
19.02 -1.3363
19.03 -1.3328
19.04 -1.3294
19.05 -1.3261
19.06 -1.3229
19.07 -1.32
19.08 -1.3172
19.09 -1.3148
19.1 -1.3126
19.11 -1.3106
19.12 -1.309
19.13 -1.3075
19.14 -1.3063
19.15 -1.3052
19.16 -1.3042
19.17 -1.3034
19.18 -1.3026
19.19 -1.3019
19.2 -1.3011
19.21 -1.3004
19.22 -1.2998
19.23 -1.2991
19.24 -1.2985
19.25 -1.298
19.26 -1.2976
19.27 -1.2972
19.28 -1.297
19.29 -1.2969
19.3 -1.2969
19.31 -1.297
19.32 -1.2973
19.33 -1.2978
19.34 -1.2984
19.35 -1.2992
19.36 -1.3001
19.37 -1.3011
19.38 -1.3022
19.39 -1.3033
19.4 -1.3044
19.41 -1.3055
19.42 -1.3064
19.43 -1.3072
19.44 -1.3079
19.45 -1.3084
19.46 -1.3088
19.47 -1.309
19.48 -1.3091
19.49 -1.3092
19.5 -1.3092
19.51 -1.3094
19.52 -1.3096
19.53 -1.3099
19.54 -1.3105
19.55 -1.3111
19.56 -1.312
19.57 -1.3129
19.58 -1.3139
19.59 -1.3149
19.6 -1.3158
19.61 -1.3166
19.62 -1.3172
19.63 -1.3176
19.64 -1.3179
19.65 -1.3181
19.66 -1.3182
19.67 -1.3182
19.68 -1.3183
19.69 -1.3184
19.7 -1.3186
19.71 -1.3189
19.72 -1.3192
19.73 -1.3196
19.74 -1.3201
19.75 -1.3206
19.76 -1.3211
19.77 -1.3217
19.78 -1.3222
19.79 -1.3226
19.8 -1.3231
19.81 -1.3234
19.82 -1.3238
19.83 -1.3241
19.84 -1.3243
19.85 -1.3245
19.86 -1.3247
19.87 -1.3249
19.88 -1.3249
19.89 -1.3249
19.9 -1.3248
19.91 -1.3245
19.92 -1.3241
19.93 -1.3236
19.94 -1.323
19.95 -1.3224
19.96 -1.3218
19.97 -1.3212
19.98 -1.3207
19.99 -1.3204
20 -1.3201
20.01 -1.3199
20.02 -1.3197
20.03 -1.3195
20.04 -1.3192
20.05 -1.3189
20.06 -1.3183
20.07 -1.3177
20.08 -1.3169
20.09 -1.316
20.1 -1.315
20.11 -1.3139
20.12 -1.3129
20.13 -1.3118
20.14 -1.3107
20.15 -1.3097
20.16 -1.3086
20.17 -1.3076
20.18 -1.3065
20.19 -1.3054
20.2 -1.3043
20.21 -1.3031
20.22 -1.302
20.23 -1.3009
20.24 -1.2999
20.25 -1.299
20.26 -1.2981
20.27 -1.2975
20.28 -1.2969
20.29 -1.2966
20.3 -1.2965
20.31 -1.2965
20.32 -1.2968
20.33 -1.2973
20.34 -1.298
20.35 -1.299
20.36 -1.3002
20.37 -1.3016
20.38 -1.3031
20.39 -1.3047
20.4 -1.3063
20.41 -1.308
20.42 -1.3096
20.43 -1.3112
20.44 -1.3128
20.45 -1.3143
20.46 -1.3157
20.47 -1.3171
20.48 -1.3184
20.49 -1.3195
20.5 -1.3206
20.51 -1.3217
20.52 -1.3227
20.53 -1.3237
20.54 -1.3248
20.55 -1.3259
20.56 -1.3271
20.57 -1.3284
20.58 -1.3298
20.59 -1.3313
20.6 -1.3329
20.61 -1.3346
20.62 -1.3363
20.63 -1.3381
20.64 -1.3399
20.65 -1.3416
20.66 -1.3434
20.67 -1.3453
20.68 -1.3471
20.69 -1.349
20.7 -1.3509
20.71 -1.3528
20.72 -1.3547
20.73 -1.3565
20.74 -1.3583
20.75 -1.3601
20.76 -1.3619
20.77 -1.3636
20.78 -1.3654
20.79 -1.3671
20.8 -1.3688
20.81 -1.3705
20.82 -1.372
20.83 -1.3735
20.84 -1.3748
20.85 -1.376
20.86 -1.377
20.87 -1.3778
20.88 -1.3785
20.89 -1.379
20.9 -1.3793
20.91 -1.3795
20.92 -1.3796
20.93 -1.3796
20.94 -1.3795
20.95 -1.3793
20.96 -1.3791
20.97 -1.3788
20.98 -1.3784
20.99 -1.378
21 -1.3776
21.01 -1.377
21.02 -1.3764
21.03 -1.3758
21.04 -1.375
21.05 -1.3742
21.06 -1.3733
21.07 -1.3724
21.08 -1.3713
21.09 -1.3701
21.1 -1.3688
21.11 -1.3674
21.12 -1.3658
21.13 -1.3641
21.14 -1.3622
21.15 -1.3601
21.16 -1.3578
21.17 -1.3554
21.18 -1.3527
21.19 -1.35
21.2 -1.3472
21.21 -1.3443
21.22 -1.3414
21.23 -1.3386
21.24 -1.3359
21.25 -1.3333
21.26 -1.3307
21.27 -1.3283
21.28 -1.3259
21.29 -1.3236
21.3 -1.3214
21.31 -1.3193
21.32 -1.3171
21.33 -1.3151
21.34 -1.3131
21.35 -1.3111
21.36 -1.3093
21.37 -1.3075
21.38 -1.3058
21.39 -1.3042
21.4 -1.3027
21.41 -1.3012
21.42 -1.2998
21.43 -1.2985
21.44 -1.2973
21.45 -1.2962
21.46 -1.2953
21.47 -1.2945
21.48 -1.2938
21.49 -1.2933
21.5 -1.293
21.51 -1.2928
21.52 -1.2927
21.53 -1.2927
21.54 -1.2929
21.55 -1.2932
21.56 -1.2937
21.57 -1.2944
21.58 -1.2952
21.59 -1.2961
21.6 -1.2973
21.61 -1.2987
21.62 -1.3004
21.63 -1.3022
21.64 -1.3043
21.65 -1.3066
21.66 -1.3091
21.67 -1.3117
21.68 -1.3145
21.69 -1.3175
21.7 -1.3206
21.71 -1.3236
21.72 -1.3266
21.73 -1.3294
21.74 -1.332
21.75 -1.3343
21.76 -1.3363
21.77 -1.338
21.78 -1.3393
21.79 -1.3403
21.8 -1.3411
21.81 -1.3416
21.82 -1.3418
21.83 -1.3419
21.84 -1.3418
21.85 -1.3415
21.86 -1.3411
21.87 -1.3405
21.88 -1.3397
21.89 -1.3387
21.9 -1.3375
21.91 -1.3362
21.92 -1.3349
21.93 -1.3334
21.94 -1.3319
21.95 -1.3305
21.96 -1.3291
21.97 -1.3278
21.98 -1.3266
21.99 -1.3254
22 -1.3243
22.01 -1.3232
22.02 -1.3221
22.03 -1.321
22.04 -1.32
22.05 -1.3189
22.06 -1.3179
22.07 -1.3169
22.08 -1.316
22.09 -1.3152
22.1 -1.3144
22.11 -1.3136
22.12 -1.3129
22.13 -1.3122
22.14 -1.3115
22.15 -1.3107
22.16 -1.3098
22.17 -1.3089
22.18 -1.3079
22.19 -1.3068
22.2 -1.3056
22.21 -1.3044
22.22 -1.3031
22.23 -1.3018
22.24 -1.3004
22.25 -1.299
22.26 -1.2976
22.27 -1.2964
22.28 -1.2952
22.29 -1.2943
22.3 -1.2936
22.31 -1.2933
22.32 -1.2933
22.33 -1.2935
22.34 -1.294
22.35 -1.2948
22.36 -1.2957
22.37 -1.2968
22.38 -1.2979
22.39 -1.2991
22.4 -1.3003
22.41 -1.3016
22.42 -1.3029
22.43 -1.3042
22.44 -1.3056
22.45 -1.3071
22.46 -1.3086
22.47 -1.3102
22.48 -1.3119
22.49 -1.3135
22.5 -1.3151
22.51 -1.3167
22.52 -1.3182
22.53 -1.3197
22.54 -1.3211
22.55 -1.3224
22.56 -1.3236
22.57 -1.3247
22.58 -1.3257
22.59 -1.3265
22.6 -1.3271
22.61 -1.3276
22.62 -1.3279
22.63 -1.328
22.64 -1.328
22.65 -1.3279
22.66 -1.3277
22.67 -1.3276
22.68 -1.3275
22.69 -1.3275
22.7 -1.3276
22.71 -1.3278
22.72 -1.328
22.73 -1.3284
22.74 -1.3288
22.75 -1.3292
22.76 -1.3298
22.77 -1.3305
22.78 -1.3312
22.79 -1.3321
22.8 -1.3331
22.81 -1.3341
22.82 -1.3353
22.83 -1.3364
22.84 -1.3376
22.85 -1.3388
22.86 -1.34
22.87 -1.3413
22.88 -1.3427
22.89 -1.3441
22.9 -1.3456
22.91 -1.3471
22.92 -1.3486
22.93 -1.35
22.94 -1.3515
22.95 -1.353
22.96 -1.3545
22.97 -1.356
22.98 -1.3576
22.99 -1.3591
23 -1.3607
23.01 -1.3622
23.02 -1.3636
23.03 -1.3649
23.04 -1.3661
23.05 -1.3671
23.06 -1.368
23.07 -1.3687
23.08 -1.3692
23.09 -1.3696
23.1 -1.3699
23.11 -1.37
23.12 -1.3699
23.13 -1.3696
23.14 -1.3691
23.15 -1.3685
23.16 -1.3677
23.17 -1.3667
23.18 -1.3656
23.19 -1.3645
23.2 -1.3633
23.21 -1.3622
23.22 -1.3609
23.23 -1.3597
23.24 -1.3583
23.25 -1.3569
23.26 -1.3554
23.27 -1.3538
23.28 -1.352
23.29 -1.3501
23.3 -1.348
23.31 -1.3458
23.32 -1.3435
23.33 -1.3412
23.34 -1.3388
23.35 -1.3366
23.36 -1.3345
23.37 -1.3325
23.38 -1.3307
23.39 -1.329
23.4 -1.3275
23.41 -1.3262
23.42 -1.3251
23.43 -1.324
23.44 -1.323
23.45 -1.3221
23.46 -1.3211
23.47 -1.3201
23.48 -1.319
23.49 -1.3179
23.5 -1.3165
23.51 -1.3151
23.52 -1.3135
23.53 -1.3118
23.54 -1.3099
23.55 -1.308
23.56 -1.306
23.57 -1.3039
23.58 -1.3018
23.59 -1.2997
23.6 -1.2976
23.61 -1.2955
23.62 -1.2934
23.63 -1.2914
23.64 -1.2895
23.65 -1.2876
23.66 -1.2858
23.67 -1.2841
23.68 -1.2824
23.69 -1.2808
23.7 -1.2793
23.71 -1.2779
23.72 -1.2767
23.73 -1.2756
23.74 -1.2746
23.75 -1.2739
23.76 -1.2732
23.77 -1.2727
23.78 -1.2722
23.79 -1.2716
23.8 -1.271
23.81 -1.2703
23.82 -1.2693
23.83 -1.2681
23.84 -1.2667
23.85 -1.2651
23.86 -1.2633
23.87 -1.2614
23.88 -1.2593
23.89 -1.2572
23.9 -1.2551
23.91 -1.253
23.92 -1.251
23.93 -1.249
23.94 -1.247
23.95 -1.2451
23.96 -1.2432
23.97 -1.2412
23.98 -1.2392
23.99 -1.2371
24 -1.2349
24.01 -1.2327
24.02 -1.2305
24.03 -1.2283
24.04 -1.2262
24.05 -1.2242
24.06 -1.2222
24.07 -1.2204
24.08 -1.2187
24.09 -1.2172
24.1 -1.2157
24.11 -1.2143
24.12 -1.2129
24.13 -1.2116
24.14 -1.2104
24.15 -1.2093
24.16 -1.2082
24.17 -1.2072
24.18 -1.2062
24.19 -1.2053
24.2 -1.2044
24.21 -1.2035
24.22 -1.2027
24.23 -1.2019
24.24 -1.2011
24.25 -1.2002
24.26 -1.1993
24.27 -1.1983
24.28 -1.1973
24.29 -1.196
24.3 -1.1947
24.31 -1.1933
24.32 -1.1919
24.33 -1.1904
24.34 -1.1889
24.35 -1.1874
24.36 -1.186
24.37 -1.1847
24.38 -1.1836
24.39 -1.1826
24.4 -1.1817
24.41 -1.1809
24.42 -1.1802
24.43 -1.1795
24.44 -1.1789
24.45 -1.1783
24.46 -1.1778
24.47 -1.1773
24.48 -1.1769
24.49 -1.1767
24.5 -1.1766
24.51 -1.1767
24.52 -1.177
24.53 -1.1774
24.54 -1.178
24.55 -1.1787
24.56 -1.1796
24.57 -1.1805
24.58 -1.1815
24.59 -1.1825
24.6 -1.1836
24.61 -1.1847
24.62 -1.1857
24.63 -1.1868
24.64 -1.1878
24.65 -1.1889
24.66 -1.1899
24.67 -1.1909
24.68 -1.1918
24.69 -1.1928
24.7 -1.1937
24.71 -1.1945
24.72 -1.1954
24.73 -1.1962
24.74 -1.1969
24.75 -1.1977
24.76 -1.1984
24.77 -1.199
24.78 -1.1996
24.79 -1.2002
24.8 -1.2008
24.81 -1.2013
24.82 -1.2018
24.83 -1.2024
24.84 -1.203
24.85 -1.2037
24.86 -1.2045
24.87 -1.2054
24.88 -1.2066
24.89 -1.2079
24.9 -1.2095
24.91 -1.2113
24.92 -1.2132
24.93 -1.2152
24.94 -1.2172
24.95 -1.2192
24.96 -1.2211
24.97 -1.2229
24.98 -1.2245
24.99 -1.226
25 -1.2274
25.01 -1.2287
25.02 -1.2299
25.03 -1.2312
25.04 -1.2325
25.05 -1.2339
25.06 -1.2354
25.07 -1.2371
25.08 -1.239
25.09 -1.2411
25.1 -1.2434
25.11 -1.2459
25.12 -1.2485
25.13 -1.2512
25.14 -1.2539
25.15 -1.2566
25.16 -1.2593
25.17 -1.2621
25.18 -1.265
25.19 -1.2679
25.2 -1.2711
25.21 -1.2745
25.22 -1.2781
25.23 -1.282
25.24 -1.286
25.25 -1.2902
25.26 -1.2944
25.27 -1.2986
25.28 -1.3028
25.29 -1.3067
25.3 -1.3105
25.31 -1.3141
25.32 -1.3174
25.33 -1.3204
25.34 -1.3232
25.35 -1.3258
25.36 -1.328
25.37 -1.3301
25.38 -1.3318
25.39 -1.3334
25.4 -1.3348
25.41 -1.336
25.42 -1.3371
25.43 -1.338
25.44 -1.3388
25.45 -1.3394
25.46 -1.3399
25.47 -1.3403
25.48 -1.3406
25.49 -1.3407
25.5 -1.3407
25.51 -1.3407
25.52 -1.3407
25.53 -1.3408
25.54 -1.3409
25.55 -1.3411
25.56 -1.3414
25.57 -1.3417
25.58 -1.342
25.59 -1.3423
25.6 -1.3425
25.61 -1.3427
25.62 -1.3426
25.63 -1.3425
25.64 -1.3423
25.65 -1.342
25.66 -1.3417
25.67 -1.3414
25.68 -1.3411
25.69 -1.3409
25.7 -1.3408
25.71 -1.3407
25.72 -1.3408
25.73 -1.341
25.74 -1.3413
25.75 -1.3417
25.76 -1.3422
25.77 -1.3429
25.78 -1.3436
25.79 -1.3445
25.8 -1.3455
25.81 -1.3466
25.82 -1.3479
25.83 -1.3493
25.84 -1.3508
25.85 -1.3524
25.86 -1.3541
25.87 -1.3557
25.88 -1.3574
25.89 -1.359
25.9 -1.3606
25.91 -1.3621
25.92 -1.3637
25.93 -1.3653
25.94 -1.3669
25.95 -1.3687
25.96 -1.3706
25.97 -1.3726
25.98 -1.3749
25.99 -1.3773
26 -1.3798
26.01 -1.3825
26.02 -1.3852
26.03 -1.3878
26.04 -1.3904
26.05 -1.3929
26.06 -1.3951
26.07 -1.3971
26.08 -1.3988
26.09 -1.4002
26.1 -1.4013
26.11 -1.4022
26.12 -1.4027
26.13 -1.403
26.14 -1.403
26.15 -1.4028
26.16 -1.4022
26.17 -1.4015
26.18 -1.4005
26.19 -1.3994
26.2 -1.3981
26.21 -1.3968
26.22 -1.3953
26.23 -1.3938
26.24 -1.3923
26.25 -1.3907
26.26 -1.389
26.27 -1.3873
26.28 -1.3856
26.29 -1.3837
26.3 -1.3818
26.31 -1.3797
26.32 -1.3776
26.33 -1.3754
26.34 -1.3731
26.35 -1.3708
26.36 -1.3686
26.37 -1.3664
26.38 -1.3644
26.39 -1.3624
26.4 -1.3606
26.41 -1.3588
26.42 -1.3572
26.43 -1.3555
26.44 -1.3539
26.45 -1.3522
26.46 -1.3505
26.47 -1.3488
26.48 -1.347
26.49 -1.3452
26.5 -1.3436
26.51 -1.342
26.52 -1.3406
26.53 -1.3395
26.54 -1.3386
26.55 -1.3379
26.56 -1.3374
26.57 -1.337
26.58 -1.3368
26.59 -1.3367
26.6 -1.3365
26.61 -1.3364
26.62 -1.3363
26.63 -1.3361
26.64 -1.3359
26.65 -1.3357
26.66 -1.3356
26.67 -1.3355
26.68 -1.3355
26.69 -1.3357
26.7 -1.3359
26.71 -1.3363
26.72 -1.3368
26.73 -1.3375
26.74 -1.3384
26.75 -1.3393
26.76 -1.3404
26.77 -1.3416
26.78 -1.3427
26.79 -1.3439
26.8 -1.345
26.81 -1.3461
26.82 -1.3472
26.83 -1.3482
26.84 -1.3494
26.85 -1.3506
26.86 -1.3519
26.87 -1.3536
26.88 -1.3555
26.89 -1.358
26.9 -1.361
26.91 -1.3647
26.92 -1.369
26.93 -1.3738
26.94 -1.379
26.95 -1.3844
26.96 -1.3897
26.97 -1.3947
26.98 -1.3992
26.99 -1.4032
27 -1.4065
27.01 -1.4093
27.02 -1.4117
27.03 -1.4138
27.04 -1.4156
27.05 -1.4173
27.06 -1.4189
27.07 -1.4207
27.08 -1.4226
27.09 -1.4247
27.1 -1.4273
27.11 -1.4303
27.12 -1.4338
27.13 -1.4377
27.14 -1.442
27.15 -1.4466
27.16 -1.4514
27.17 -1.4562
27.18 -1.4611
27.19 -1.466
27.2 -1.4709
27.21 -1.4758
27.22 -1.4808
27.23 -1.4857
27.24 -1.4907
27.25 -1.4955
27.26 -1.5002
27.27 -1.5045
27.28 -1.5084
27.29 -1.5118
27.3 -1.5146
27.31 -1.5169
27.32 -1.5186
27.33 -1.5199
27.34 -1.5208
27.35 -1.5213
27.36 -1.5214
27.37 -1.5213
27.38 -1.5209
27.39 -1.5203
27.4 -1.5195
27.41 -1.5187
27.42 -1.5178
27.43 -1.5171
27.44 -1.5164
27.45 -1.5159
27.46 -1.5155
27.47 -1.5151
27.48 -1.5147
27.49 -1.5142
27.5 -1.5134
27.51 -1.5123
27.52 -1.5106
27.53 -1.5084
27.54 -1.5055
27.55 -1.502
27.56 -1.4979
27.57 -1.4933
27.58 -1.4882
27.59 -1.4827
27.6 -1.477
27.61 -1.4712
27.62 -1.4653
27.63 -1.4594
27.64 -1.4537
27.65 -1.4483
27.66 -1.4432
27.67 -1.4385
27.68 -1.4343
27.69 -1.4307
27.7 -1.4277
27.71 -1.4251
27.72 -1.4231
27.73 -1.4214
27.74 -1.42
27.75 -1.4188
27.76 -1.4177
27.77 -1.4169
27.78 -1.4162
27.79 -1.4156
27.8 -1.4153
27.81 -1.415
27.82 -1.4148
27.83 -1.4145
27.84 -1.4143
27.85 -1.4139
27.86 -1.4133
27.87 -1.4126
27.88 -1.4118
27.89 -1.4107
27.9 -1.4096
27.91 -1.4083
27.92 -1.4069
27.93 -1.4055
27.94 -1.404
27.95 -1.4025
27.96 -1.4009
27.97 -1.3991
27.98 -1.3973
27.99 -1.3953
28 -1.3932
28.01 -1.3909
28.02 -1.3886
28.03 -1.3861
28.04 -1.3837
28.05 -1.3814
28.06 -1.3792
28.07 -1.3772
28.08 -1.3754
28.09 -1.3739
28.1 -1.3727
28.11 -1.3717
28.12 -1.371
28.13 -1.3704
28.14 -1.3701
28.15 -1.3698
28.16 -1.3697
28.17 -1.3696
28.18 -1.3696
28.19 -1.3695
28.2 -1.3695
28.21 -1.3695
28.22 -1.3694
28.23 -1.3692
28.24 -1.369
28.25 -1.3688
28.26 -1.3685
28.27 -1.3681
28.28 -1.3677
28.29 -1.3672
28.3 -1.3668
28.31 -1.3664
28.32 -1.366
28.33 -1.3657
28.34 -1.3655
28.35 -1.3653
28.36 -1.3654
28.37 -1.3655
28.38 -1.3657
28.39 -1.3661
28.4 -1.3666
28.41 -1.3671
28.42 -1.3678
28.43 -1.3685
28.44 -1.3692
28.45 -1.37
28.46 -1.3707
28.47 -1.3714
28.48 -1.372
28.49 -1.3725
28.5 -1.3728
28.51 -1.3731
28.52 -1.3732
28.53 -1.3732
28.54 -1.3731
28.55 -1.3729
28.56 -1.3726
28.57 -1.3723
28.58 -1.3719
28.59 -1.3714
28.6 -1.3709
28.61 -1.3703
28.62 -1.3696
28.63 -1.3689
28.64 -1.3681
28.65 -1.3672
28.66 -1.3663
28.67 -1.3653
28.68 -1.3644
28.69 -1.3634
28.7 -1.3625
28.71 -1.3616
28.72 -1.3608
28.73 -1.3601
28.74 -1.3595
28.75 -1.359
28.76 -1.3586
28.77 -1.3584
28.78 -1.3583
28.79 -1.3585
28.8 -1.3588
28.81 -1.3594
28.82 -1.3602
28.83 -1.3611
28.84 -1.3622
28.85 -1.3634
28.86 -1.3647
28.87 -1.3661
28.88 -1.3675
28.89 -1.369
28.9 -1.3706
28.91 -1.3722
28.92 -1.3738
28.93 -1.3755
28.94 -1.3772
28.95 -1.379
28.96 -1.3808
28.97 -1.3826
28.98 -1.3844
28.99 -1.3861
29 -1.3877
29.01 -1.3891
29.02 -1.3904
29.03 -1.3915
29.04 -1.3924
29.05 -1.3932
29.06 -1.3937
29.07 -1.3942
29.08 -1.3945
29.09 -1.3947
29.1 -1.3948
29.11 -1.3948
29.12 -1.3948
29.13 -1.3948
29.14 -1.3947
29.15 -1.3946
29.16 -1.3945
29.17 -1.3944
29.18 -1.3942
29.19 -1.394
29.2 -1.3936
29.21 -1.3932
29.22 -1.3927
29.23 -1.3921
29.24 -1.3915
29.25 -1.3908
29.26 -1.3902
29.27 -1.3897
29.28 -1.3891
29.29 -1.3887
29.3 -1.3882
29.31 -1.3877
29.32 -1.3873
29.33 -1.3868
29.34 -1.3862
29.35 -1.3856
29.36 -1.3849
29.37 -1.3841
29.38 -1.3832
29.39 -1.3823
29.4 -1.3813
29.41 -1.3802
29.42 -1.379
29.43 -1.3777
29.44 -1.3764
29.45 -1.3749
29.46 -1.3732
29.47 -1.3715
29.48 -1.3696
29.49 -1.3676
29.5 -1.3655
29.51 -1.3635
29.52 -1.3615
29.53 -1.3596
29.54 -1.3578
29.55 -1.3562
29.56 -1.3546
29.57 -1.3532
29.58 -1.3518
29.59 -1.3504
29.6 -1.349
29.61 -1.3475
29.62 -1.346
29.63 -1.3444
29.64 -1.3427
29.65 -1.341
29.66 -1.3393
29.67 -1.3377
29.68 -1.336
29.69 -1.3345
29.7 -1.3331
29.71 -1.3319
29.72 -1.3308
29.73 -1.33
29.74 -1.3294
29.75 -1.3289
29.76 -1.3287
29.77 -1.3286
29.78 -1.3286
29.79 -1.3287
29.8 -1.329
29.81 -1.3293
29.82 -1.3297
29.83 -1.3301
29.84 -1.3306
29.85 -1.3312
29.86 -1.3318
29.87 -1.3324
29.88 -1.3331
29.89 -1.3338
29.9 -1.3346
29.91 -1.3353
29.92 -1.3362
29.93 -1.337
29.94 -1.3379
29.95 -1.3388
29.96 -1.3396
29.97 -1.3404
29.98 -1.3412
29.99 -1.3419
30 -1.3426
30.01 -1.3432
30.02 -1.3437
30.03 -1.3442
30.04 -1.3446
30.05 -1.3449
30.06 -1.345
30.07 -1.3451
30.08 -1.345
30.09 -1.3448
30.1 -1.3445
30.11 -1.3441
30.12 -1.3436
30.13 -1.3431
30.14 -1.3427
30.15 -1.3422
30.16 -1.3418
30.17 -1.3414
30.18 -1.341
30.19 -1.3406
30.2 -1.3403
30.21 -1.34
30.22 -1.3396
30.23 -1.3393
30.24 -1.339
30.25 -1.3387
30.26 -1.3384
30.27 -1.3381
30.28 -1.3379
30.29 -1.3378
30.3 -1.3377
30.31 -1.3376
30.32 -1.3376
30.33 -1.3376
30.34 -1.3377
30.35 -1.3378
30.36 -1.3379
30.37 -1.338
30.38 -1.3381
30.39 -1.3382
30.4 -1.3383
30.41 -1.3383
30.42 -1.3384
30.43 -1.3384
30.44 -1.3384
30.45 -1.3384
30.46 -1.3384
30.47 -1.3384
30.48 -1.3384
30.49 -1.3384
30.5 -1.3384
30.51 -1.3384
30.52 -1.3384
30.53 -1.3384
30.54 -1.3385
30.55 -1.3386
30.56 -1.3387
30.57 -1.3388
30.58 -1.339
30.59 -1.3391
30.6 -1.3392
30.61 -1.3394
30.62 -1.3394
30.63 -1.3395
30.64 -1.3396
30.65 -1.3395
30.66 -1.3395
30.67 -1.3394
30.68 -1.3393
30.69 -1.3391
30.7 -1.3389
30.71 -1.3387
30.72 -1.3385
30.73 -1.3383
30.74 -1.3381
30.75 -1.3379
30.76 -1.3376
30.77 -1.3374
30.78 -1.3372
30.79 -1.337
30.8 -1.3368
30.81 -1.3367
30.82 -1.3366
30.83 -1.3366
30.84 -1.3365
30.85 -1.3365
30.86 -1.3365
30.87 -1.3365
30.88 -1.3365
30.89 -1.3365
30.9 -1.3365
30.91 -1.3364
30.92 -1.3363
30.93 -1.3362
30.94 -1.336
30.95 -1.3359
30.96 -1.3357
30.97 -1.3355
30.98 -1.3353
30.99 -1.3352
31 -1.335
31.01 -1.3348
31.02 -1.3346
31.03 -1.3344
31.04 -1.3342
31.05 -1.3339
31.06 -1.3336
31.07 -1.3333
31.08 -1.3329
31.09 -1.3324
31.1 -1.3319
31.11 -1.3313
31.12 -1.3307
31.13 -1.33
31.14 -1.3293
31.15 -1.3285
31.16 -1.3277
31.17 -1.3269
31.18 -1.3261
31.19 -1.3253
31.2 -1.3244
31.21 -1.3236
31.22 -1.3228
31.23 -1.322
31.24 -1.3213
31.25 -1.3205
31.26 -1.3198
31.27 -1.3191
31.28 -1.3185
31.29 -1.3179
31.3 -1.3173
31.31 -1.3167
31.32 -1.3162
31.33 -1.3157
31.34 -1.3152
31.35 -1.3147
31.36 -1.3142
31.37 -1.3137
31.38 -1.3132
31.39 -1.3127
31.4 -1.3122
31.41 -1.3116
31.42 -1.3111
31.43 -1.3105
31.44 -1.31
31.45 -1.3094
31.46 -1.3089
31.47 -1.3084
31.48 -1.3078
31.49 -1.3073
31.5 -1.3068
31.51 -1.3063
31.52 -1.3059
31.53 -1.3054
31.54 -1.305
31.55 -1.3046
31.56 -1.3042
31.57 -1.3038
31.58 -1.3034
31.59 -1.303
31.6 -1.3027
31.61 -1.3024
31.62 -1.3021
31.63 -1.3018
31.64 -1.3015
31.65 -1.3013
31.66 -1.3011
31.67 -1.3009
31.68 -1.3007
31.69 -1.3006
31.7 -1.3004
31.71 -1.3003
31.72 -1.3002
31.73 -1.3001
31.74 -1.3001
31.75 -1.3
31.76 -1.3
31.77 -1.3001
31.78 -1.3001
31.79 -1.3002
31.8 -1.3002
31.81 -1.3003
31.82 -1.3003
31.83 -1.3004
31.84 -1.3004
31.85 -1.3005
31.86 -1.3006
31.87 -1.3007
31.88 -1.3008
31.89 -1.3009
31.9 -1.301
31.91 -1.3012
31.92 -1.3013
31.93 -1.3015
31.94 -1.3017
31.95 -1.3019
31.96 -1.302
31.97 -1.3022
31.98 -1.3024
31.99 -1.3026
32 -1.3029
32.01 -1.3031
32.02 -1.3033
32.03 -1.3035
32.04 -1.3038
32.05 -1.304
32.06 -1.3042
32.07 -1.3045
32.08 -1.3047
32.09 -1.3049
32.1 -1.3051
32.11 -1.3053
32.12 -1.3054
32.13 -1.3056
32.14 -1.3057
32.15 -1.3058
32.16 -1.3059
32.17 -1.306
32.18 -1.3062
32.19 -1.3063
32.2 -1.3065
32.21 -1.3066
32.22 -1.3068
32.23 -1.307
32.24 -1.3073
32.25 -1.3075
32.26 -1.3077
32.27 -1.308
32.28 -1.3082
32.29 -1.3085
32.3 -1.3086
32.31 -1.3088
32.32 -1.3089
32.33 -1.3091
32.34 -1.3092
32.35 -1.3094
32.36 -1.3096
32.37 -1.3098
32.38 -1.3102
32.39 -1.3105
32.4 -1.3109
32.41 -1.3113
32.42 -1.3116
32.43 -1.3119
32.44 -1.3122
32.45 -1.3123
32.46 -1.3124
32.47 -1.3124
32.48 -1.3124
32.49 -1.3123
32.5 -1.3122
32.51 -1.3121
32.52 -1.312
32.53 -1.3119
32.54 -1.3118
32.55 -1.3117
32.56 -1.3117
32.57 -1.3116
32.58 -1.3115
32.59 -1.3115
32.6 -1.3114
32.61 -1.3113
32.62 -1.3112
32.63 -1.3112
32.64 -1.3111
32.65 -1.3111
32.66 -1.3111
32.67 -1.3111
32.68 -1.3111
32.69 -1.3111
32.7 -1.3111
32.71 -1.3111
32.72 -1.3111
32.73 -1.3111
32.74 -1.3112
32.75 -1.3113
32.76 -1.3113
32.77 -1.3114
32.78 -1.3115
32.79 -1.3115
32.8 -1.3116
32.81 -1.3117
32.82 -1.3117
32.83 -1.3117
32.84 -1.3117
32.85 -1.3117
32.86 -1.3117
32.87 -1.3117
32.88 -1.3116
32.89 -1.3116
32.9 -1.3116
32.91 -1.3115
32.92 -1.3115
32.93 -1.3116
32.94 -1.3116
32.95 -1.3116
32.96 -1.3117
32.97 -1.3117
32.98 -1.3117
32.99 -1.3116
33 -1.3115
33.01 -1.3114
33.02 -1.3112
33.03 -1.311
33.04 -1.3108
33.05 -1.3106
33.06 -1.3103
33.07 -1.3101
33.08 -1.3098
33.09 -1.3096
33.1 -1.3094
33.11 -1.3092
33.12 -1.309
33.13 -1.3088
33.14 -1.3086
33.15 -1.3085
33.16 -1.3083
33.17 -1.3081
33.18 -1.308
33.19 -1.3078
33.2 -1.3077
33.21 -1.3076
33.22 -1.3074
33.23 -1.3073
33.24 -1.3072
33.25 -1.307
33.26 -1.3069
33.27 -1.3067
33.28 -1.3064
33.29 -1.3061
33.3 -1.3059
33.31 -1.3055
33.32 -1.3052
33.33 -1.3049
33.34 -1.3045
33.35 -1.3042
33.36 -1.3039
33.37 -1.3036
33.38 -1.3033
33.39 -1.303
33.4 -1.3027
33.41 -1.3025
33.42 -1.3023
33.43 -1.3021
33.44 -1.3019
33.45 -1.3017
33.46 -1.3015
33.47 -1.3014
33.48 -1.3013
33.49 -1.3012
33.5 -1.3011
33.51 -1.301
33.52 -1.301
33.53 -1.3009
33.54 -1.3008
33.55 -1.3008
33.56 -1.3007
33.57 -1.3006
33.58 -1.3005
33.59 -1.3005
33.6 -1.3004
33.61 -1.3003
33.62 -1.3002
33.63 -1.3001
33.64 -1.3
33.65 -1.2999
33.66 -1.2998
33.67 -1.2997
33.68 -1.2996
33.69 -1.2995
33.7 -1.2994
33.71 -1.2993
33.72 -1.2992
33.73 -1.2992
33.74 -1.2991
33.75 -1.2991
33.76 -1.299
33.77 -1.2989
33.78 -1.2988
33.79 -1.2986
33.8 -1.2985
33.81 -1.2983
33.82 -1.2981
33.83 -1.2979
33.84 -1.2977
33.85 -1.2976
33.86 -1.2974
33.87 -1.2972
33.88 -1.297
33.89 -1.2969
33.9 -1.2967
33.91 -1.2966
33.92 -1.2965
33.93 -1.2964
33.94 -1.2963
33.95 -1.2963
33.96 -1.2963
33.97 -1.2963
33.98 -1.2963
33.99 -1.2963
34 -1.2963
34.01 -1.2963
34.02 -1.2964
34.03 -1.2964
34.04 -1.2965
34.05 -1.2965
34.06 -1.2966
34.07 -1.2967
34.08 -1.2967
34.09 -1.2968
34.1 -1.2969
34.11 -1.2969
34.12 -1.297
34.13 -1.2971
34.14 -1.2973
34.15 -1.2975
34.16 -1.2977
34.17 -1.2979
34.18 -1.2981
34.19 -1.2983
34.2 -1.2984
34.21 -1.2985
34.22 -1.2986
34.23 -1.2987
34.24 -1.2988
34.25 -1.2989
34.26 -1.2989
34.27 -1.299
34.28 -1.299
34.29 -1.299
34.3 -1.299
34.31 -1.2989
34.32 -1.2988
34.33 -1.2987
34.34 -1.2986
34.35 -1.2984
34.36 -1.2982
34.37 -1.298
34.38 -1.2977
34.39 -1.2975
34.4 -1.2973
34.41 -1.2971
34.42 -1.2969
34.43 -1.2967
34.44 -1.2966
34.45 -1.2964
34.46 -1.2963
34.47 -1.2961
34.48 -1.296
34.49 -1.2958
34.5 -1.2956
34.51 -1.2954
34.52 -1.2953
34.53 -1.2951
34.54 -1.2949
34.55 -1.2947
34.56 -1.2945
34.57 -1.2944
34.58 -1.2942
34.59 -1.294
34.6 -1.2939
34.61 -1.2937
34.62 -1.2936
34.63 -1.2935
34.64 -1.2934
34.65 -1.2934
34.66 -1.2934
34.67 -1.2934
34.68 -1.2935
34.69 -1.2936
34.7 -1.2938
34.71 -1.294
34.72 -1.2942
34.73 -1.2945
34.74 -1.2948
34.75 -1.2951
34.76 -1.2954
34.77 -1.2958
34.78 -1.2961
34.79 -1.2965
34.8 -1.2968
34.81 -1.2972
34.82 -1.2975
34.83 -1.2978
34.84 -1.2981
34.85 -1.2984
34.86 -1.2986
34.87 -1.2989
34.88 -1.2991
34.89 -1.2992
34.9 -1.2994
34.91 -1.2995
34.92 -1.2996
34.93 -1.2997
34.94 -1.2997
34.95 -1.2997
34.96 -1.2997
34.97 -1.2996
34.98 -1.2995
34.99 -1.2994
35 -1.2992
35.01 -1.299
35.02 -1.2988
35.03 -1.2985
35.04 -1.2983
35.05 -1.298
35.06 -1.2976
35.07 -1.2973
35.08 -1.2969
35.09 -1.2965
35.1 -1.2961
35.11 -1.2957
35.12 -1.2952
35.13 -1.2948
35.14 -1.2944
35.15 -1.2939
35.16 -1.2935
35.17 -1.2931
35.18 -1.2927
35.19 -1.2923
35.2 -1.2919
35.21 -1.2915
35.22 -1.2911
35.23 -1.2908
35.24 -1.2905
35.25 -1.2902
35.26 -1.2899
35.27 -1.2897
35.28 -1.2896
35.29 -1.2895
35.3 -1.2894
35.31 -1.2894
35.32 -1.2894
35.33 -1.2895
35.34 -1.2895
35.35 -1.2896
35.36 -1.2896
35.37 -1.2896
35.38 -1.2897
35.39 -1.2897
35.4 -1.2898
35.41 -1.2899
35.42 -1.29
35.43 -1.2901
35.44 -1.2902
35.45 -1.2903
35.46 -1.2904
35.47 -1.2905
35.48 -1.2905
35.49 -1.2906
35.5 -1.2906
35.51 -1.2905
35.52 -1.2905
35.53 -1.2904
35.54 -1.2904
35.55 -1.2902
35.56 -1.2901
35.57 -1.2899
35.58 -1.2897
35.59 -1.2895
35.6 -1.2893
35.61 -1.289
35.62 -1.2888
35.63 -1.2885
35.64 -1.2883
35.65 -1.288
35.66 -1.2878
35.67 -1.2877
35.68 -1.2876
35.69 -1.2875
35.7 -1.2875
35.71 -1.2875
35.72 -1.2875
35.73 -1.2876
35.74 -1.2877
35.75 -1.2878
35.76 -1.288
35.77 -1.2881
35.78 -1.2883
35.79 -1.2885
35.8 -1.2887
35.81 -1.2889
35.82 -1.289
35.83 -1.2892
35.84 -1.2893
35.85 -1.2894
35.86 -1.2894
35.87 -1.2895
35.88 -1.2896
35.89 -1.2897
35.9 -1.2898
35.91 -1.2899
35.92 -1.29
35.93 -1.2901
35.94 -1.2901
35.95 -1.2902
35.96 -1.2902
35.97 -1.2902
35.98 -1.2902
35.99 -1.2902
36 -1.2901
36.01 -1.2901
36.02 -1.29
36.03 -1.29
36.04 -1.29
36.05 -1.2901
36.06 -1.2902
36.07 -1.2902
36.08 -1.2904
36.09 -1.2905
36.1 -1.2906
36.11 -1.2907
36.12 -1.2908
36.13 -1.2909
36.14 -1.291
36.15 -1.2911
36.16 -1.2912
36.17 -1.2914
36.18 -1.2915
