0 0.27937
0.01 0.27824
0.02 0.27706
0.03 0.27583
0.04 0.27454
0.05 0.27321
0.06 0.27183
0.07 0.27041
0.08 0.26896
0.09 0.2675
0.1 0.26605
0.11 0.26466
0.12 0.26342
0.13 0.26238
0.14 0.26162
0.15 0.26121
0.16 0.26122
0.17 0.26169
0.18 0.26262
0.19 0.264
0.2 0.26575
0.21 0.26781
0.22 0.27009
0.23 0.27252
0.24 0.27502
0.25 0.27754
0.26 0.28007
0.27 0.28255
0.28 0.285
0.29 0.28738
0.3 0.28973
0.31 0.29205
0.32 0.29437
0.33 0.29674
0.34 0.29919
0.35 0.30175
0.36 0.30446
0.37 0.30731
0.38 0.31031
0.39 0.31346
0.4 0.31676
0.41 0.32026
0.42 0.32399
0.43 0.328
0.44 0.33233
0.45 0.33701
0.46 0.34205
0.47 0.34741
0.48 0.35307
0.49 0.35902
0.5 0.36529
0.51 0.37187
0.52 0.37874
0.53 0.38586
0.54 0.39318
0.55 0.40061
0.56 0.40807
0.57 0.41545
0.58 0.42263
0.59 0.42951
0.6 0.43596
0.61 0.4419
0.62 0.44726
0.63 0.45201
0.64 0.45616
0.65 0.45973
0.66 0.46276
0.67 0.4653
0.68 0.46739
0.69 0.46902
0.7 0.47017
0.71 0.47083
0.72 0.47098
0.73 0.47062
0.74 0.4698
0.75 0.46858
0.76 0.46702
0.77 0.46523
0.78 0.4633
0.79 0.46129
0.8 0.45923
0.81 0.45707
0.82 0.45477
0.83 0.45226
0.84 0.44951
0.85 0.44649
0.86 0.44321
0.87 0.4397
0.88 0.43595
0.89 0.43196
0.9 0.4277
0.91 0.42315
0.92 0.41831
0.93 0.4132
0.94 0.4079
0.95 0.4025
0.96 0.39709
0.97 0.39175
0.98 0.38652
0.99 0.38143
1 0.37647
1.01 0.37162
1.02 0.36687
1.03 0.36218
1.04 0.35753
1.05 0.35291
1.06 0.3483
1.07 0.34374
1.08 0.33929
1.09 0.33502
1.1 0.33103
1.11 0.32742
1.12 0.32424
1.13 0.32152
1.14 0.31928
1.15 0.3175
1.16 0.31614
1.17 0.31509
1.18 0.31419
1.19 0.31326
1.2 0.31218
1.21 0.31086
1.22 0.30925
1.23 0.30737
1.24 0.30526
1.25 0.30298
1.26 0.3006
1.27 0.29818
1.28 0.29578
1.29 0.29346
1.3 0.29122
1.31 0.28906
1.32 0.28698
1.33 0.28494
1.34 0.28295
1.35 0.28098
1.36 0.27902
1.37 0.27709
1.38 0.2752
1.39 0.27336
1.4 0.27161
1.41 0.26996
1.42 0.26842
1.43 0.26701
1.44 0.26571
1.45 0.26452
1.46 0.26343
1.47 0.26243
1.48 0.26149
1.49 0.26058
1.5 0.25965
1.51 0.25865
1.52 0.25755
1.53 0.2563
1.54 0.2549
1.55 0.25333
1.56 0.25163
1.57 0.2498
1.58 0.24788
1.59 0.24587
1.6 0.24377
1.61 0.24159
1.62 0.23933
1.63 0.23707
1.64 0.23485
1.65 0.23276
1.66 0.23088
1.67 0.22927
1.68 0.228
1.69 0.22712
1.7 0.22675
1.71 0.22697
1.72 0.22791
1.73 0.2297
1.74 0.2325
1.75 0.2365
1.76 0.24193
1.77 0.2491
1.78 0.25839
1.79 0.27016
1.8 0.28479
1.81 0.30256
1.82 0.32366
1.83 0.34822
1.84 0.37621
1.85 0.40755
1.86 0.44206
1.87 0.47953
1.88 0.51972
1.89 0.56234
1.9 0.60709
1.91 0.65363
1.92 0.70163
1.93 0.75071
1.94 0.8005
1.95 0.85066
1.96 0.90084
1.97 0.95072
1.98 1
1.99 1.0485
2 1.096
2.01 1.1422
2.02 1.1871
2.03 1.2306
2.04 1.2726
2.05 1.3131
2.06 1.3521
2.07 1.3897
2.08 1.4257
2.09 1.4603
2.1 1.4933
2.11 1.5246
2.12 1.5541
2.13 1.5818
2.14 1.6076
2.15 1.6313
2.16 1.653
2.17 1.6726
2.18 1.6902
2.19 1.7059
2.2 1.7198
2.21 1.7323
2.22 1.7434
2.23 1.7535
2.24 1.7628
2.25 1.7716
2.26 1.7802
2.27 1.7889
2.28 1.7982
2.29 1.8083
2.3 1.8197
2.31 1.8325
2.32 1.8472
2.33 1.8638
2.34 1.8827
2.35 1.9038
2.36 1.9275
2.37 1.9537
2.38 1.9824
2.39 2.0136
2.4 2.0471
2.41 2.0826
2.42 2.1197
2.43 2.1579
2.44 2.1966
2.45 2.2352
2.46 2.273
2.47 2.3093
2.48 2.3438
2.49 2.3759
2.5 2.4055
2.51 2.4323
2.52 2.4563
2.53 2.4774
2.54 2.4957
2.55 2.5114
2.56 2.5244
2.57 2.5351
2.58 2.5434
2.59 2.5496
2.6 2.5538
2.61 2.5562
2.62 2.5568
2.63 2.5558
2.64 2.5533
2.65 2.5493
2.66 2.5439
2.67 2.5373
2.68 2.5296
2.69 2.5211
2.7 2.512
2.71 2.5025
2.72 2.4928
2.73 2.4833
2.74 2.4741
2.75 2.4654
2.76 2.4573
2.77 2.4499
2.78 2.4433
2.79 2.4376
2.8 2.4329
2.81 2.4291
2.82 2.4263
2.83 2.4245
2.84 2.4235
2.85 2.4232
2.86 2.4235
2.87 2.424
2.88 2.4246
2.89 2.4253
2.9 2.4256
2.91 2.4254
2.92 2.4244
2.93 2.4222
2.94 2.4184
2.95 2.4125
2.96 2.4039
2.97 2.3923
2.98 2.3768
2.99 2.3571
3 2.3326
3.01 2.3025
3.02 2.2665
3.03 2.2238
3.04 2.174
3.05 2.1169
3.06 2.0524
3.07 1.9812
3.08 1.9048
3.09 1.8254
3.1 1.7457
3.11 1.6685
3.12 1.5962
3.13 1.5306
3.14 1.4723
3.15 1.4216
3.16 1.378
3.17 1.3408
3.18 1.3092
3.19 1.2823
3.2 1.2592
3.21 1.2392
3.22 1.2215
3.23 1.2056
3.24 1.191
3.25 1.1774
3.26 1.1649
3.27 1.1533
3.28 1.1429
3.29 1.1337
3.3 1.1257
3.31 1.119
3.32 1.1133
3.33 1.1086
3.34 1.1045
3.35 1.1008
3.36 1.0971
3.37 1.093
3.38 1.0879
3.39 1.0813
3.4 1.0728
3.41 1.0619
3.42 1.0482
3.43 1.0315
3.44 1.0115
3.45 0.98841
3.46 0.96223
3.47 0.93333
3.48 0.90221
3.49 0.86947
3.5 0.83575
3.51 0.80167
3.52 0.76768
3.53 0.73408
3.54 0.70096
3.55 0.6683
3.56 0.63599
3.57 0.60402
3.58 0.57246
3.59 0.5415
3.6 0.5114
3.61 0.48242
3.62 0.4548
3.63 0.42875
3.64 0.40444
3.65 0.38196
3.66 0.36141
3.67 0.34285
3.68 0.32635
3.69 0.31192
3.7 0.29951
3.71 0.28906
3.72 0.28039
3.73 0.27333
3.74 0.26765
3.75 0.26313
3.76 0.25957
3.77 0.25683
3.78 0.25482
3.79 0.2535
3.8 0.2529
3.81 0.25306
3.82 0.25401
3.83 0.25577
3.84 0.25829
3.85 0.26152
3.86 0.26535
3.87 0.26966
3.88 0.27428
3.89 0.27907
3.9 0.2839
3.91 0.28869
3.92 0.29338
3.93 0.29796
3.94 0.30244
3.95 0.30681
3.96 0.31106
3.97 0.31516
3.98 0.31907
3.99 0.32277
4 0.32623
4.01 0.32944
4.02 0.3324
4.03 0.33513
4.04 0.33765
4.05 0.34001
4.06 0.34225
4.07 0.3444
4.08 0.34651
4.09 0.3486
4.1 0.35071
4.11 0.35285
4.12 0.355
4.13 0.35711
4.14 0.35909
4.15 0.36086
4.16 0.36237
4.17 0.36361
4.18 0.3646
4.19 0.36539
4.2 0.36602
4.21 0.36651
4.22 0.36687
4.23 0.36711
4.24 0.3672
4.25 0.36717
4.26 0.36702
4.27 0.3668
4.28 0.36658
4.29 0.36641
4.3 0.36633
4.31 0.36634
4.32 0.36644
4.33 0.36663
4.34 0.36694
4.35 0.36742
4.36 0.36815
4.37 0.36924
4.38 0.37076
4.39 0.37279
4.4 0.37538
4.41 0.37857
4.42 0.38235
4.43 0.38668
4.44 0.39151
4.45 0.39676
4.46 0.40238
4.47 0.40831
4.48 0.41451
4.49 0.42091
4.5 0.42746
4.51 0.43409
4.52 0.44076
4.53 0.44741
4.54 0.45394
4.55 0.46028
4.56 0.46632
4.57 0.47197
4.58 0.47717
4.59 0.48188
4.6 0.48607
4.61 0.48976
4.62 0.49297
4.63 0.49574
4.64 0.49812
4.65 0.50017
4.66 0.50192
4.67 0.5034
4.68 0.50459
4.69 0.50548
4.7 0.50604
4.71 0.50624
4.72 0.50607
4.73 0.50555
4.74 0.50465
4.75 0.5034
4.76 0.50178
4.77 0.49978
4.78 0.4974
4.79 0.49465
4.8 0.49153
4.81 0.48807
4.82 0.48429
4.83 0.48021
4.84 0.47585
4.85 0.47122
4.86 0.46635
4.87 0.46128
4.88 0.45605
4.89 0.45069
4.9 0.44526
4.91 0.43976
4.92 0.43423
4.93 0.42868
4.94 0.42315
4.95 0.41764
4.96 0.41219
4.97 0.40679
4.98 0.40147
4.99 0.39625
5 0.39116
5.01 0.38626
5.02 0.38159
5.03 0.37719
5.04 0.37306
5.05 0.36922
5.06 0.36565
5.07 0.36234
5.08 0.35925
5.09 0.35635
5.1 0.35363
5.11 0.35106
5.12 0.34866
5.13 0.34639
5.14 0.34419
5.15 0.342
5.16 0.3397
5.17 0.33722
5.18 0.33449
5.19 0.33147
5.2 0.32816
5.21 0.32461
5.22 0.32087
5.23 0.31701
5.24 0.3131
5.25 0.30919
5.26 0.30533
5.27 0.30152
5.28 0.29778
5.29 0.29411
5.3 0.29052
5.31 0.28697
5.32 0.28346
5.33 0.27997
5.34 0.27651
5.35 0.27315
5.36 0.26994
5.37 0.26699
5.38 0.26434
5.39 0.26205
5.4 0.26015
5.41 0.25863
5.42 0.25751
5.43 0.25674
5.44 0.2563
5.45 0.25611
5.46 0.25611
5.47 0.25621
5.48 0.25633
5.49 0.25644
5.5 0.2565
5.51 0.25653
5.52 0.25654
5.53 0.2566
5.54 0.25678
5.55 0.25716
5.56 0.2578
5.57 0.25876
5.58 0.26003
5.59 0.26159
5.6 0.26334
5.61 0.26516
5.62 0.26688
5.63 0.26833
5.64 0.26939
5.65 0.26996
5.66 0.27
5.67 0.26954
5.68 0.26867
5.69 0.26754
5.7 0.2663
5.71 0.26512
5.72 0.26414
5.73 0.26343
5.74 0.26303
5.75 0.26291
5.76 0.263
5.77 0.26321
5.78 0.26346
5.79 0.26366
5.8 0.26376
5.81 0.26369
5.82 0.26344
5.83 0.26298
5.84 0.26233
5.85 0.26149
5.86 0.26048
5.87 0.2593
5.88 0.25795
5.89 0.25644
5.9 0.25476
5.91 0.2529
5.92 0.25082
5.93 0.24852
5.94 0.246
5.95 0.24332
5.96 0.2406
5.97 0.23803
5.98 0.23585
5.99 0.23435
6 0.23389
6.01 0.23487
6.02 0.2377
6.03 0.24281
6.04 0.25057
6.05 0.26133
6.06 0.2754
6.07 0.29296
6.08 0.31412
6.09 0.33887
6.1 0.36703
6.11 0.39832
6.12 0.43233
6.13 0.46859
6.14 0.50662
6.15 0.54593
6.16 0.58612
6.17 0.62682
6.18 0.6677
6.19 0.70849
6.2 0.74893
6.21 0.78883
6.22 0.82801
6.23 0.86627
6.24 0.90344
6.25 0.93937
6.26 0.97399
6.27 1.0072
6.28 1.0391
6.29 1.0695
6.3 1.0988
6.31 1.1268
6.32 1.1539
6.33 1.1802
6.34 1.2059
6.35 1.2312
6.36 1.2563
6.37 1.2813
6.38 1.3062
6.39 1.3311
6.4 1.3562
6.41 1.3815
6.42 1.4072
6.43 1.4333
6.44 1.4599
6.45 1.4869
6.46 1.5144
6.47 1.5423
6.48 1.5706
6.49 1.5994
6.5 1.6285
6.51 1.658
6.52 1.688
6.53 1.7184
6.54 1.7494
6.55 1.7811
6.56 1.8136
6.57 1.8471
6.58 1.8815
6.59 1.9171
6.6 1.9538
6.61 1.9914
6.62 2.03
6.63 2.0694
6.64 2.1093
6.65 2.1496
6.66 2.1899
6.67 2.2299
6.68 2.2692
6.69 2.3077
6.7 2.3449
6.71 2.3806
6.72 2.4146
6.73 2.4466
6.74 2.4765
6.75 2.5042
6.76 2.5297
6.77 2.5528
6.78 2.5735
6.79 2.5917
6.8 2.6075
6.81 2.6208
6.82 2.6319
6.83 2.6407
6.84 2.6476
6.85 2.6526
6.86 2.656
6.87 2.6579
6.88 2.6586
6.89 2.6582
6.9 2.6568
6.91 2.6547
6.92 2.6519
6.93 2.6485
6.94 2.6447
6.95 2.6404
6.96 2.6357
6.97 2.6305
6.98 2.6246
6.99 2.6178
7 2.61
7.01 2.6007
7.02 2.5896
7.03 2.5763
7.04 2.5602
7.05 2.5407
7.06 2.5171
7.07 2.4887
7.08 2.4548
7.09 2.4146
7.1 2.3673
7.11 2.3122
7.12 2.2489
7.13 2.1773
7.14 2.0979
7.15 2.0122
7.16 1.9226
7.17 1.8321
7.18 1.7438
7.19 1.6604
7.2 1.5838
7.21 1.5151
7.22 1.4546
7.23 1.4021
7.24 1.357
7.25 1.3185
7.26 1.2858
7.27 1.2581
7.28 1.2347
7.29 1.2146
7.3 1.1974
7.31 1.1824
7.32 1.169
7.33 1.1566
7.34 1.1449
7.35 1.1334
7.36 1.1217
7.37 1.1094
7.38 1.0962
7.39 1.082
7.4 1.0667
7.41 1.0501
7.42 1.0323
7.43 1.0135
7.44 0.9937
7.45 0.97302
7.46 0.9516
7.47 0.92957
7.48 0.90708
7.49 0.88425
7.5 0.86118
7.51 0.83796
7.52 0.81469
7.53 0.79146
7.54 0.7684
7.55 0.74562
7.56 0.72329
7.57 0.70156
7.58 0.68054
7.59 0.66027
7.6 0.6406
7.61 0.62131
7.62 0.60212
7.63 0.58274
7.64 0.56301
7.65 0.54287
7.66 0.5224
7.67 0.50176
7.68 0.48119
7.69 0.4609
7.7 0.44105
7.71 0.42179
7.72 0.40321
7.73 0.3854
7.74 0.36841
7.75 0.3523
7.76 0.33709
7.77 0.32282
7.78 0.30951
7.79 0.29717
7.8 0.28577
7.81 0.27527
7.82 0.26558
7.83 0.25662
7.84 0.24831
7.85 0.24062
7.86 0.23353
7.87 0.22703
7.88 0.22111
7.89 0.2158
7.9 0.21113
7.91 0.20713
7.92 0.20383
7.93 0.20125
7.94 0.19942
7.95 0.19835
7.96 0.19804
7.97 0.19843
7.98 0.19946
7.99 0.20105
8 0.20307
8.01 0.20541
8.02 0.20796
8.03 0.21058
8.04 0.21318
8.05 0.21567
8.06 0.218
8.07 0.22014
8.08 0.22208
8.09 0.22381
8.1 0.22533
8.11 0.22663
8.12 0.22771
8.13 0.22854
8.14 0.22913
8.15 0.22945
8.16 0.22952
8.17 0.22936
8.18 0.229
8.19 0.2285
8.2 0.22794
8.21 0.22741
8.22 0.227
8.23 0.22676
8.24 0.22675
8.25 0.22695
8.26 0.22735
8.27 0.22788
8.28 0.22849
8.29 0.22912
8.3 0.22971
8.31 0.2302
8.32 0.23058
8.33 0.23084
8.34 0.23097
8.35 0.23099
8.36 0.23091
8.37 0.23076
8.38 0.23055
8.39 0.23032
8.4 0.23008
8.41 0.22986
8.42 0.22967
8.43 0.2295
8.44 0.22937
8.45 0.22924
8.46 0.22912
8.47 0.229
8.48 0.22886
8.49 0.2287
8.5 0.22852
8.51 0.22832
8.52 0.22808
8.53 0.22781
8.54 0.2275
8.55 0.22718
8.56 0.22684
8.57 0.22651
8.58 0.22621
8.59 0.22594
8.6 0.22573
8.61 0.22559
8.62 0.22552
8.63 0.22552
8.64 0.22562
8.65 0.2258
8.66 0.22603
8.67 0.2263
8.68 0.22656
8.69 0.22682
8.7 0.22705
8.71 0.22726
8.72 0.22745
8.73 0.22761
8.74 0.22772
8.75 0.22777
8.76 0.22774
8.77 0.22763
8.78 0.22744
8.79 0.22719
8.8 0.22689
8.81 0.22657
8.82 0.22624
8.83 0.22592
8.84 0.22563
8.85 0.22536
8.86 0.22511
8.87 0.2249
8.88 0.22472
8.89 0.22459
8.9 0.22453
8.91 0.22456
8.92 0.2247
8.93 0.22497
8.94 0.22539
8.95 0.22598
8.96 0.22674
8.97 0.2277
8.98 0.22885
8.99 0.23018
9 0.23166
9.01 0.23328
9.02 0.23502
9.03 0.23687
9.04 0.23881
9.05 0.24081
9.06 0.24288
9.07 0.245
9.08 0.24719
9.09 0.24948
9.1 0.25191
9.11 0.25455
9.12 0.25743
9.13 0.26061
9.14 0.26409
9.15 0.26787
9.16 0.27194
9.17 0.27623
9.18 0.28072
9.19 0.28535
9.2 0.29005
9.21 0.29471
9.22 0.29925
9.23 0.30358
9.24 0.30762
9.25 0.31134
9.26 0.31471
9.27 0.31772
9.28 0.32035
9.29 0.3226
9.3 0.32444
9.31 0.32587
9.32 0.32691
9.33 0.32754
9.34 0.3278
9.35 0.32771
9.36 0.32732
9.37 0.32666
9.38 0.32581
9.39 0.32484
9.4 0.3238
9.41 0.32277
9.42 0.32178
9.43 0.32087
9.44 0.32007
9.45 0.31938
9.46 0.3188
9.47 0.3183
9.48 0.31787
9.49 0.31748
9.5 0.31713
9.51 0.31681
9.52 0.31654
9.53 0.31631
9.54 0.31612
9.55 0.31598
9.56 0.31587
9.57 0.31581
9.58 0.31577
9.59 0.31576
9.6 0.31576
9.61 0.31581
9.62 0.31595
9.63 0.31626
9.64 0.31686
9.65 0.31791
9.66 0.31961
9.67 0.3222
9.68 0.32591
9.69 0.33102
9.7 0.33777
9.71 0.34643
9.72 0.35727
9.73 0.37057
9.74 0.38662
9.75 0.40572
9.76 0.42814
9.77 0.4541
9.78 0.48376
9.79 0.51723
9.8 0.55457
9.81 0.59575
9.82 0.64066
9.83 0.6891
9.84 0.74078
9.85 0.79534
9.86 0.85236
9.87 0.91135
9.88 0.9718
9.89 1.0332
9.9 1.095
9.91 1.1567
9.92 1.2181
9.93 1.2787
9.94 1.3383
9.95 1.3967
9.96 1.4536
9.97 1.509
9.98 1.5626
9.99 1.6143
10 1.664
10.01 1.7115
10.02 1.7565
10.03 1.7988
10.04 1.8384
10.05 1.8752
10.06 1.9092
10.07 1.9405
10.08 1.9692
10.09 1.9956
10.1 2.0198
10.11 2.042
10.12 2.0624
10.13 2.0812
10.14 2.0986
10.15 2.1147
10.16 2.1296
10.17 2.1436
10.18 2.1567
10.19 2.1692
10.2 2.181
10.21 2.1922
10.22 2.2028
10.23 2.213
10.24 2.2225
10.25 2.2314
10.26 2.2397
10.27 2.2472
10.28 2.2539
10.29 2.2599
10.3 2.2651
10.31 2.2695
10.32 2.2732
10.33 2.2763
10.34 2.2787
10.35 2.2805
10.36 2.2818
10.37 2.2825
10.38 2.2827
10.39 2.2824
10.4 2.2818
10.41 2.281
10.42 2.28
10.43 2.2789
10.44 2.2777
10.45 2.2764
10.46 2.2753
10.47 2.2742
10.48 2.2733
10.49 2.2726
10.5 2.272
10.51 2.2716
10.52 2.2712
10.53 2.2708
10.54 2.2704
10.55 2.2699
10.56 2.2692
10.57 2.2684
10.58 2.2674
10.59 2.2663
10.6 2.2652
10.61 2.2641
10.62 2.2631
10.63 2.2623
10.64 2.2617
10.65 2.2612
10.66 2.2609
10.67 2.2607
10.68 2.2606
10.69 2.2604
10.7 2.2602
10.71 2.2599
10.72 2.2596
10.73 2.2594
10.74 2.2593
10.75 2.2592
10.76 2.2594
10.77 2.2598
10.78 2.2604
10.79 2.2611
10.8 2.2618
10.81 2.2626
10.82 2.2633
10.83 2.2638
10.84 2.2641
10.85 2.2642
10.86 2.2641
10.87 2.2637
10.88 2.263
10.89 2.2621
10.9 2.2608
10.91 2.2592
10.92 2.2571
10.93 2.2545
10.94 2.2514
10.95 2.2477
10.96 2.2433
10.97 2.2383
10.98 2.2328
10.99 2.2267
11 2.2201
11.01 2.2131
11.02 2.2058
11.03 2.198
11.04 2.1899
11.05 2.1814
11.06 2.1727
11.07 2.1637
11.08 2.1545
11.09 2.1451
11.1 2.1352
11.11 2.1248
11.12 2.1137
11.13 2.1016
11.14 2.0882
11.15 2.0734
11.16 2.0569
11.17 2.0384
11.18 2.0178
11.19 1.9951
11.2 1.97
11.21 1.9428
11.22 1.9135
11.23 1.8822
11.24 1.8494
11.25 1.8153
11.26 1.7804
11.27 1.745
11.28 1.7095
11.29 1.6741
11.3 1.6388
11.31 1.6038
11.32 1.5688
11.33 1.5338
11.34 1.4989
11.35 1.464
11.36 1.4291
11.37 1.3942
11.38 1.3591
11.39 1.3238
11.4 1.2881
11.41 1.2522
11.42 1.2161
11.43 1.18
11.44 1.1441
11.45 1.1085
11.46 1.0734
11.47 1.0388
11.48 1.005
11.49 0.97197
11.5 0.93986
11.51 0.9087
11.52 0.87856
11.53 0.84954
11.54 0.82182
11.55 0.79567
11.56 0.77143
11.57 0.74952
11.58 0.73029
11.59 0.71397
11.6 0.70063
11.61 0.69017
11.62 0.68237
11.63 0.67692
11.64 0.67345
11.65 0.67154
11.66 0.67081
11.67 0.67091
11.68 0.67153
11.69 0.67243
11.7 0.67343
11.71 0.67436
11.72 0.67515
11.73 0.67573
11.74 0.6761
11.75 0.67627
11.76 0.6763
11.77 0.67623
11.78 0.67611
11.79 0.67598
11.8 0.67586
11.81 0.67577
11.82 0.67572
11.83 0.67571
11.84 0.67573
11.85 0.67575
11.86 0.67574
11.87 0.67567
11.88 0.67551
11.89 0.67525
11.9 0.67491
11.91 0.67449
11.92 0.67403
11.93 0.67354
11.94 0.67304
11.95 0.67254
11.96 0.67204
11.97 0.67154
11.98 0.67103
11.99 0.67051
12 0.66996
12.01 0.66939
12.02 0.66878
12.03 0.66812
12.04 0.66741
12.05 0.66664
12.06 0.66581
12.07 0.66491
12.08 0.66393
12.09 0.66287
12.1 0.66173
12.11 0.6605
12.12 0.65919
12.13 0.65777
12.14 0.65625
12.15 0.65464
12.16 0.65295
12.17 0.65122
12.18 0.64946
12.19 0.6477
12.2 0.64595
12.21 0.64422
12.22 0.64249
12.23 0.64075
12.24 0.639
12.25 0.63722
12.26 0.63538
12.27 0.63348
12.28 0.63149
12.29 0.6294
12.3 0.62719
12.31 0.62486
12.32 0.62241
12.33 0.61987
12.34 0.61724
12.35 0.61455
12.36 0.61181
12.37 0.60905
12.38 0.60629
12.39 0.60355
12.4 0.60085
12.41 0.59822
12.42 0.59568
12.43 0.59324
12.44 0.5909
12.45 0.58864
12.46 0.58647
12.47 0.58438
12.48 0.58235
12.49 0.58039
12.5 0.57848
12.51 0.57663
12.52 0.57483
12.53 0.57309
12.54 0.57139
12.55 0.56974
12.56 0.56814
12.57 0.56658
12.58 0.56508
12.59 0.56364
12.6 0.56227
12.61 0.56095
12.62 0.55971
12.63 0.55854
12.64 0.55744
12.65 0.55642
12.66 0.55547
12.67 0.55455
12.68 0.55367
12.69 0.55279
12.7 0.5519
12.71 0.55099
12.72 0.55005
12.73 0.54906
12.74 0.54804
12.75 0.54698
12.76 0.5459
12.77 0.5448
12.78 0.54369
12.79 0.54258
12.8 0.54146
12.81 0.54033
12.82 0.53918
12.83 0.53802
12.84 0.53685
12.85 0.53569
12.86 0.53455
12.87 0.53345
12.88 0.53239
12.89 0.53139
12.9 0.53046
12.91 0.52958
12.92 0.52875
12.93 0.52793
12.94 0.52711
12.95 0.52627
12.96 0.52541
12.97 0.52453
12.98 0.52362
12.99 0.5227
13 0.52179
13.01 0.52088
13.02 0.51999
13.03 0.51912
13.04 0.51826
13.05 0.51742
13.06 0.51659
13.07 0.51577
13.08 0.51494
13.09 0.51412
13.1 0.51328
13.11 0.51243
13.12 0.51157
13.13 0.51071
13.14 0.50985
13.15 0.509
13.16 0.50816
13.17 0.50733
13.18 0.50651
13.19 0.50572
13.2 0.50496
13.21 0.50421
13.22 0.50348
13.23 0.50276
13.24 0.50205
13.25 0.50133
13.26 0.50063
13.27 0.49994
13.28 0.49927
13.29 0.49861
13.3 0.49796
13.31 0.49732
13.32 0.49666
13.33 0.496
13.34 0.49532
13.35 0.49464
13.36 0.49394
13.37 0.49324
13.38 0.49253
13.39 0.49182
13.4 0.4911
13.41 0.49038
13.42 0.48965
13.43 0.48893
13.44 0.48821
13.45 0.4875
13.46 0.48679
13.47 0.48609
13.48 0.4854
13.49 0.48472
13.5 0.48404
13.51 0.48335
13.52 0.48266
13.53 0.48194
13.54 0.48118
13.55 0.48039
13.56 0.47954
13.57 0.47864
13.58 0.47771
13.59 0.47673
13.6 0.47574
13.61 0.47474
13.62 0.47374
13.63 0.47275
13.64 0.47178
13.65 0.47084
13.66 0.46992
13.67 0.46904
13.68 0.46819
13.69 0.46737
13.7 0.46657
13.71 0.46579
13.72 0.46503
13.73 0.46427
13.74 0.46349
13.75 0.46271
13.76 0.46191
13.77 0.46109
13.78 0.46025
13.79 0.4594
13.8 0.45853
13.81 0.45765
13.82 0.45675
13.83 0.45585
13.84 0.45493
13.85 0.454
13.86 0.45307
13.87 0.45213
13.88 0.45119
13.89 0.45026
13.9 0.44934
13.91 0.44844
13.92 0.44757
13.93 0.44672
13.94 0.44589
13.95 0.44507
13.96 0.44425
13.97 0.44342
13.98 0.44259
13.99 0.44174
14 0.44087
14.01 0.43999
14.02 0.43908
14.03 0.43815
14.04 0.4372
14.05 0.43622
14.06 0.43522
14.07 0.43422
14.08 0.43323
14.09 0.43227
14.1 0.43133
14.11 0.43044
14.12 0.42959
14.13 0.42879
14.14 0.42803
14.15 0.42732
14.16 0.42665
14.17 0.42602
14.18 0.42542
14.19 0.42484
14.2 0.42425
14.21 0.42364
14.22 0.42299
14.23 0.4223
14.24 0.42156
14.25 0.42077
14.26 0.41992
14.27 0.41903
14.28 0.41809
14.29 0.41711
14.3 0.41609
14.31 0.41507
14.32 0.41405
14.33 0.41304
14.34 0.41207
14.35 0.41114
14.36 0.41025
14.37 0.4094
14.38 0.40859
14.39 0.40783
14.4 0.40711
14.41 0.40644
14.42 0.40579
14.43 0.40518
14.44 0.40461
14.45 0.40408
14.46 0.40359
14.47 0.40313
14.48 0.40268
14.49 0.40224
14.5 0.40179
14.51 0.40132
14.52 0.40082
14.53 0.40031
14.54 0.39976
14.55 0.3992
14.56 0.3986
14.57 0.39797
14.58 0.39732
14.59 0.39665
14.6 0.39595
14.61 0.39522
14.62 0.39447
14.63 0.39368
14.64 0.39287
14.65 0.39202
14.66 0.39115
14.67 0.39025
14.68 0.38934
14.69 0.38842
14.7 0.3875
14.71 0.38658
14.72 0.38566
14.73 0.38475
14.74 0.38385
14.75 0.38295
14.76 0.38206
14.77 0.38117
14.78 0.38028
14.79 0.3794
14.8 0.37853
14.81 0.37769
14.82 0.37687
14.83 0.37607
14.84 0.37531
14.85 0.37456
14.86 0.37381
14.87 0.37307
14.88 0.37232
14.89 0.37156
14.9 0.3708
14.91 0.37003
14.92 0.36926
14.93 0.3685
14.94 0.36773
14.95 0.36697
14.96 0.3662
14.97 0.36542
14.98 0.36466
14.99 0.3639
15 0.36315
15.01 0.36243
15.02 0.36174
15.03 0.36107
15.04 0.36043
15.05 0.35981
15.06 0.35921
15.07 0.35862
15.08 0.35803
15.09 0.35743
15.1 0.35682
15.11 0.35619
15.12 0.35554
15.13 0.35488
15.14 0.35419
15.15 0.35348
15.16 0.35275
15.17 0.352
15.18 0.35124
15.19 0.35047
15.2 0.34971
15.21 0.34896
15.22 0.34822
15.23 0.3475
15.24 0.3468
15.25 0.34613
15.26 0.3455
15.27 0.34491
15.28 0.34437
15.29 0.34389
15.3 0.34346
15.31 0.34309
15.32 0.34276
15.33 0.34246
15.34 0.34219
15.35 0.34194
15.36 0.3417
15.37 0.34148
15.38 0.34125
15.39 0.34103
15.4 0.34081
15.41 0.34057
15.42 0.34031
15.43 0.34002
15.44 0.3397
15.45 0.33934
15.46 0.33893
15.47 0.33847
15.48 0.33797
15.49 0.33743
15.5 0.33685
15.51 0.33626
15.52 0.33565
15.53 0.33504
15.54 0.33444
15.55 0.33385
15.56 0.33329
15.57 0.33277
15.58 0.33231
15.59 0.33195
15.6 0.33171
15.61 0.33162
15.62 0.33171
15.63 0.33202
15.64 0.33256
15.65 0.33335
15.66 0.33439
15.67 0.33566
15.68 0.33713
15.69 0.33879
15.7 0.34059
15.71 0.34252
15.72 0.3445
15.73 0.34647
15.74 0.34832
15.75 0.34996
15.76 0.35133
15.77 0.35235
15.78 0.35299
15.79 0.35323
15.8 0.35307
15.81 0.35252
15.82 0.35164
15.83 0.35047
15.84 0.34903
15.85 0.3473
15.86 0.34532
15.87 0.34311
15.88 0.3407
15.89 0.33812
15.9 0.3354
15.91 0.33252
15.92 0.3295
15.93 0.32633
15.94 0.32302
15.95 0.31955
15.96 0.31596
15.97 0.31227
15.98 0.30851
15.99 0.3047
16 0.30088
16.01 0.29704
16.02 0.29318
16.03 0.28931
16.04 0.28544
16.05 0.28158
16.06 0.27776
16.07 0.27403
16.08 0.27044
16.09 0.26702
16.1 0.26379
16.11 0.26073
16.12 0.25781
16.13 0.25496
16.14 0.25213
16.15 0.2493
16.16 0.24643
16.17 0.24354
16.18 0.24065
16.19 0.2378
16.2 0.23504
16.21 0.23241
16.22 0.22994
16.23 0.22768
16.24 0.22565
16.25 0.22383
16.26 0.22221
16.27 0.22079
16.28 0.21955
16.29 0.21846
16.3 0.21751
16.31 0.2167
16.32 0.21603
16.33 0.2155
16.34 0.21511
16.35 0.21486
16.36 0.21472
16.37 0.21468
16.38 0.21471
16.39 0.2148
16.4 0.21489
16.41 0.21496
16.42 0.21494
16.43 0.2148
16.44 0.21448
16.45 0.21397
16.46 0.21326
16.47 0.21235
16.48 0.21129
16.49 0.21014
16.5 0.20896
16.51 0.20781
16.52 0.20674
16.53 0.20581
16.54 0.20502
16.55 0.20438
16.56 0.20386
16.57 0.20343
16.58 0.20306
16.59 0.20272
16.6 0.2024
16.61 0.20208
16.62 0.20174
16.63 0.20134
16.64 0.20086
16.65 0.20027
16.66 0.19958
16.67 0.19879
16.68 0.19793
16.69 0.197
16.7 0.19603
16.71 0.19504
16.72 0.19404
16.73 0.19303
16.74 0.19197
16.75 0.19084
16.76 0.18957
16.77 0.18811
16.78 0.18645
16.79 0.18457
16.8 0.18247
16.81 0.18016
16.82 0.17767
16.83 0.17502
16.84 0.17224
16.85 0.16938
16.86 0.16645
16.87 0.16352
16.88 0.16062
16.89 0.15777
16.9 0.15498
16.91 0.15228
16.92 0.1497
16.93 0.1473
16.94 0.14511
16.95 0.14319
16.96 0.14156
16.97 0.1403
16.98 0.13949
16.99 0.13926
17 0.13977
17.01 0.14127
17.02 0.14403
17.03 0.1484
17.04 0.15474
17.05 0.16344
17.06 0.17487
17.07 0.18932
17.08 0.20704
17.09 0.22818
17.1 0.25284
17.11 0.28102
17.12 0.31266
17.13 0.34765
17.14 0.38583
17.15 0.42698
17.16 0.47086
17.17 0.5172
17.18 0.56569
17.19 0.61604
17.2 0.66792
17.21 0.72101
17.22 0.77495
17.23 0.82939
17.24 0.88399
17.25 0.93838
17.26 0.99225
17.27 1.0453
17.28 1.0974
17.29 1.1482
17.3 1.1975
17.31 1.2453
17.32 1.2913
17.33 1.3354
17.34 1.3776
17.35 1.4176
17.36 1.4555
17.37 1.4913
17.38 1.5251
17.39 1.5569
17.4 1.5869
17.41 1.6153
17.42 1.6423
17.43 1.6681
17.44 1.693
17.45 1.7174
17.46 1.7415
17.47 1.7656
17.48 1.7899
17.49 1.8146
17.5 1.8397
17.51 1.8652
17.52 1.8913
17.53 1.9179
17.54 1.945
17.55 1.9725
17.56 2.0003
17.57 2.0282
17.58 2.0559
17.59 2.0833
17.6 2.1101
17.61 2.1361
17.62 2.1614
17.63 2.1859
17.64 2.2095
17.65 2.2322
17.66 2.2541
17.67 2.275
17.68 2.295
17.69 2.314
17.7 2.332
17.71 2.349
17.72 2.3649
17.73 2.3798
17.74 2.3936
17.75 2.4064
17.76 2.418
17.77 2.4284
17.78 2.4376
17.79 2.4455
17.8 2.4523
17.81 2.4578
17.82 2.4621
17.83 2.4654
17.84 2.4676
17.85 2.4691
17.86 2.4697
17.87 2.4697
17.88 2.4692
17.89 2.4682
17.9 2.4667
17.91 2.4647
17.92 2.4623
17.93 2.4595
17.94 2.4563
17.95 2.4528
17.96 2.449
17.97 2.4447
17.98 2.4399
17.99 2.4345
18 2.4283
18.01 2.4213
18.02 2.4131
18.03 2.4037
18.04 2.3928
18.05 2.3803
18.06 2.3662
18.07 2.3502
18.08 2.3322
18.09 2.3121
18.1 2.2896
18.11 2.2645
18.12 2.2364
18.13 2.205
18.14 2.1701
18.15 2.1314
18.16 2.0889
18.17 2.0427
18.18 1.9932
18.19 1.9409
18.2 1.8864
18.21 1.8307
18.22 1.7746
18.23 1.7187
18.24 1.664
18.25 1.6108
18.26 1.5598
18.27 1.5111
18.28 1.4648
18.29 1.421
18.3 1.3793
18.31 1.3398
18.32 1.3021
18.33 1.2662
18.34 1.2319
18.35 1.199
18.36 1.1672
18.37 1.1365
18.38 1.1065
18.39 1.0773
18.4 1.0485
18.41 1.02
18.42 0.99177
18.43 0.96353
18.44 0.93518
18.45 0.90656
18.46 0.8775
18.47 0.84785
18.48 0.81749
18.49 0.78627
18.5 0.7541
18.51 0.72095
18.52 0.68686
18.53 0.65197
18.54 0.61652
18.55 0.58084
18.56 0.54532
18.57 0.51039
18.58 0.47654
18.59 0.44426
18.6 0.41402
18.61 0.38627
18.62 0.36133
18.63 0.33939
18.64 0.3204
18.65 0.30407
18.66 0.28994
18.67 0.27751
18.68 0.26633
18.69 0.25607
18.7 0.24653
18.71 0.23764
18.72 0.22941
18.73 0.22186
18.74 0.21498
18.75 0.20871
18.76 0.20298
18.77 0.19769
18.78 0.19277
18.79 0.1882
18.8 0.18401
18.81 0.18024
18.82 0.17695
18.83 0.17419
18.84 0.17199
18.85 0.17038
18.86 0.16938
18.87 0.169
18.88 0.16922
18.89 0.17003
18.9 0.17139
18.91 0.17322
18.92 0.17545
18.93 0.17798
18.94 0.18072
18.95 0.18357
18.96 0.18644
18.97 0.18924
18.98 0.19191
18.99 0.19439
19 0.19666
19.01 0.19867
19.02 0.20036
19.03 0.20173
19.04 0.20278
19.05 0.20354
19.06 0.20407
19.07 0.20444
19.08 0.20472
19.09 0.20497
19.1 0.20522
19.11 0.2055
19.12 0.20579
19.13 0.20607
19.14 0.20631
19.15 0.20644
19.16 0.20641
19.17 0.20615
19.18 0.2056
19.19 0.20469
19.2 0.20338
19.21 0.20164
19.22 0.19946
19.23 0.19687
19.24 0.19392
19.25 0.19065
19.26 0.18715
19.27 0.18347
19.28 0.17968
19.29 0.17586
19.3 0.17208
19.31 0.16842
19.32 0.16496
19.33 0.16176
19.34 0.15887
19.35 0.15635
19.36 0.15426
19.37 0.1526
19.38 0.15137
19.39 0.15051
19.4 0.14996
19.41 0.14964
19.42 0.14947
19.43 0.14935
19.44 0.14919
19.45 0.14895
19.46 0.1486
19.47 0.14814
19.48 0.1476
19.49 0.147
19.5 0.14641
19.51 0.14586
19.52 0.14542
19.53 0.14513
19.54 0.14503
19.55 0.14516
19.56 0.14554
19.57 0.14617
19.58 0.14703
19.59 0.14809
19.6 0.14929
19.61 0.15056
19.62 0.15186
19.63 0.15315
19.64 0.15442
19.65 0.15567
19.66 0.15691
19.67 0.15816
19.68 0.15946
19.69 0.16082
19.7 0.16227
19.71 0.16381
19.72 0.16545
19.73 0.16717
19.74 0.16898
19.75 0.17086
19.76 0.1728
19.77 0.17479
19.78 0.17684
19.79 0.17894
19.8 0.18113
19.81 0.18341
19.82 0.1858
19.83 0.18832
19.84 0.19097
19.85 0.19372
19.86 0.19656
19.87 0.19946
19.88 0.20242
19.89 0.20542
19.9 0.20845
19.91 0.21151
19.92 0.21461
19.93 0.21776
19.94 0.221
19.95 0.22432
19.96 0.22776
19.97 0.23132
19.98 0.235
19.99 0.23879
20 0.24268
20.01 0.24664
20.02 0.25066
20.03 0.25472
20.04 0.25881
20.05 0.26294
20.06 0.26714
20.07 0.27144
20.08 0.27589
20.09 0.2805
20.1 0.28531
20.11 0.2903
20.12 0.29546
20.13 0.30073
20.14 0.30607
20.15 0.31139
20.16 0.31662
20.17 0.32167
20.18 0.32648
20.19 0.33099
20.2 0.33515
20.21 0.33894
20.22 0.34233
20.23 0.3453
20.24 0.34782
20.25 0.34991
20.26 0.35159
20.27 0.35291
20.28 0.35392
20.29 0.35461
20.3 0.35497
20.31 0.35498
20.32 0.35461
20.33 0.35388
20.34 0.35278
20.35 0.35134
20.36 0.34957
20.37 0.3475
20.38 0.34515
20.39 0.34252
20.4 0.3396
20.41 0.33642
20.42 0.333
20.43 0.32937
20.44 0.32559
20.45 0.32172
20.46 0.31782
20.47 0.31393
20.48 0.31007
20.49 0.30622
20.5 0.3024
20.51 0.29861
20.52 0.29488
20.53 0.29125
20.54 0.28776
20.55 0.28444
20.56 0.28133
20.57 0.27844
20.58 0.2758
20.59 0.27342
20.6 0.27137
20.61 0.26966
20.62 0.26833
20.63 0.26739
20.64 0.26682
20.65 0.26661
20.66 0.26672
20.67 0.2671
20.68 0.26765
20.69 0.26824
20.7 0.26874
20.71 0.26903
20.72 0.26904
20.73 0.26873
20.74 0.26807
20.75 0.26708
20.76 0.26577
20.77 0.26417
20.78 0.26232
20.79 0.26027
20.8 0.25809
20.81 0.25583
20.82 0.25355
20.83 0.25127
20.84 0.249
20.85 0.24677
20.86 0.24458
20.87 0.24246
20.88 0.24044
20.89 0.23855
20.9 0.23678
20.91 0.23515
20.92 0.23364
20.93 0.23225
20.94 0.23098
20.95 0.22981
20.96 0.22873
20.97 0.22774
20.98 0.22684
20.99 0.22603
21 0.22528
21.01 0.22459
21.02 0.22394
21.03 0.22328
21.04 0.2226
21.05 0.22187
21.06 0.22107
21.07 0.2202
21.08 0.21928
21.09 0.21833
21.1 0.2174
21.11 0.21649
21.12 0.21564
21.13 0.21486
21.14 0.21413
21.15 0.21345
21.16 0.2128
21.17 0.21217
21.18 0.21155
21.19 0.21096
21.2 0.21039
21.21 0.20985
21.22 0.20933
21.23 0.20881
21.24 0.20828
21.25 0.20773
21.26 0.20717
21.27 0.20659
21.28 0.206
21.29 0.20537
21.3 0.20468
21.31 0.20388
21.32 0.20294
21.33 0.20185
21.34 0.2006
21.35 0.19918
21.36 0.19764
21.37 0.19603
21.38 0.1944
21.39 0.19284
21.4 0.19146
21.41 0.19041
21.42 0.18987
21.43 0.19003
21.44 0.1911
21.45 0.1933
21.46 0.19688
21.47 0.20212
21.48 0.2093
21.49 0.21876
21.5 0.23079
21.51 0.24571
21.52 0.26382
21.53 0.28536
21.54 0.31051
21.55 0.33935
21.56 0.37186
21.57 0.40793
21.58 0.44735
21.59 0.48987
21.6 0.53516
21.61 0.58289
21.62 0.63267
21.63 0.6841
21.64 0.73679
21.65 0.79034
21.66 0.84439
21.67 0.89857
21.68 0.95255
21.69 1.006
21.7 1.0587
21.71 1.1104
21.72 1.1609
21.73 1.21
21.74 1.2576
21.75 1.3034
21.76 1.3473
21.77 1.3892
21.78 1.429
21.79 1.4666
21.8 1.5022
21.81 1.5358
21.82 1.5677
21.83 1.598
21.84 1.627
21.85 1.6548
21.86 1.6818
21.87 1.7083
21.88 1.7345
21.89 1.7609
21.9 1.7876
21.91 1.815
21.92 1.8432
21.93 1.8724
21.94 1.9026
21.95 1.9335
21.96 1.9651
21.97 1.997
21.98 2.0289
21.99 2.0605
22 2.0914
22.01 2.1216
22.02 2.1506
22.03 2.1784
22.04 2.2048
22.05 2.2298
22.06 2.2532
22.07 2.2751
22.08 2.2956
22.09 2.3145
22.1 2.3321
22.11 2.3483
22.12 2.3632
22.13 2.377
22.14 2.3897
22.15 2.4012
22.16 2.4116
22.17 2.4209
22.18 2.4292
22.19 2.4363
22.2 2.4424
22.21 2.4476
22.22 2.4518
22.23 2.4553
22.24 2.4582
22.25 2.4607
22.26 2.4628
22.27 2.4648
22.28 2.4667
22.29 2.4685
22.3 2.4702
22.31 2.4717
22.32 2.4728
22.33 2.4735
22.34 2.4736
22.35 2.4731
22.36 2.4716
22.37 2.4692
22.38 2.4657
22.39 2.4609
22.4 2.4546
22.41 2.4467
22.42 2.437
22.43 2.4253
22.44 2.4115
22.45 2.3956
22.46 2.3774
22.47 2.3571
22.48 2.3346
22.49 2.3099
22.5 2.283
22.51 2.2537
22.52 2.2221
22.53 2.1879
22.54 2.1511
22.55 2.1118
22.56 2.07
22.57 2.026
22.58 1.9803
22.59 1.9333
22.6 1.8856
22.61 1.8376
22.62 1.79
22.63 1.7433
22.64 1.6981
22.65 1.6547
22.66 1.6137
22.67 1.575
22.68 1.5388
22.69 1.505
22.7 1.4734
22.71 1.4437
22.72 1.4157
22.73 1.389
22.74 1.3632
22.75 1.3382
22.76 1.3135
22.77 1.2889
22.78 1.264
22.79 1.2388
22.8 1.2131
22.81 1.1868
22.82 1.1599
22.83 1.1324
22.84 1.1043
22.85 1.0754
22.86 1.0457
22.87 1.0151
22.88 0.98357
22.89 0.95111
22.9 0.91772
22.91 0.88348
22.92 0.84855
22.93 0.81309
22.94 0.77731
22.95 0.74142
22.96 0.70561
22.97 0.67005
22.98 0.63493
22.99 0.60042
23 0.56668
23.01 0.53388
23.02 0.50223
23.03 0.47196
23.04 0.44332
23.05 0.41646
23.06 0.39146
23.07 0.36833
23.08 0.34696
23.09 0.32723
23.1 0.309
23.11 0.29209
23.12 0.27639
23.13 0.26178
23.14 0.2482
23.15 0.23559
23.16 0.22389
23.17 0.21306
23.18 0.20302
23.19 0.19368
23.2 0.18499
23.21 0.17686
23.22 0.16926
23.23 0.16212
23.24 0.15544
23.25 0.14916
23.26 0.14327
23.27 0.13773
23.28 0.1325
23.29 0.12756
23.3 0.12289
23.31 0.1185
23.32 0.11443
23.33 0.11073
23.34 0.10743
23.35 0.10458
23.36 0.10219
23.37 0.10027
23.38 0.098842
23.39 0.097878
23.4 0.097357
23.41 0.097243
23.42 0.097495
23.43 0.098069
23.44 0.098912
23.45 0.099963
23.46 0.10116
23.47 0.10243
23.48 0.10373
23.49 0.105
23.5 0.10623
23.51 0.1074
23.52 0.10848
23.53 0.1095
23.54 0.11046
23.55 0.11138
23.56 0.11229
23.57 0.11321
23.58 0.11416
23.59 0.11512
23.6 0.1161
23.61 0.11711
23.62 0.11815
23.63 0.11923
23.64 0.12038
23.65 0.12159
23.66 0.12285
23.67 0.12416
23.68 0.12548
23.69 0.12679
23.7 0.12808
23.71 0.12933
23.72 0.13056
23.73 0.1318
23.74 0.1331
23.75 0.13448
23.76 0.13599
23.77 0.13762
23.78 0.13937
23.79 0.14119
23.8 0.14304
23.81 0.14486
23.82 0.1466
23.83 0.14826
23.84 0.14984
23.85 0.1514
23.86 0.153
23.87 0.15471
23.88 0.15656
23.89 0.15859
23.9 0.16079
23.91 0.16313
23.92 0.16557
23.93 0.16808
23.94 0.17061
23.95 0.17313
23.96 0.17558
23.97 0.17792
23.98 0.18009
23.99 0.18206
24 0.18381
24.01 0.18537
24.02 0.18677
24.03 0.18807
24.04 0.1893
24.05 0.19051
24.06 0.19171
24.07 0.19291
24.08 0.19414
24.09 0.1954
24.1 0.19671
24.11 0.19807
24.12 0.19949
24.13 0.20099
24.14 0.20254
24.15 0.20412
24.16 0.20572
24.17 0.20732
24.18 0.20893
24.19 0.21054
24.2 0.21216
24.21 0.21377
24.22 0.21535
24.23 0.2169
24.24 0.21838
24.25 0.21978
24.26 0.22111
24.27 0.22236
24.28 0.22357
24.29 0.22479
24.3 0.22608
24.31 0.22754
24.32 0.22922
24.33 0.23121
24.34 0.23357
24.35 0.23634
24.36 0.23953
24.37 0.24313
24.38 0.24712
24.39 0.25143
24.4 0.25598
24.41 0.26066
24.42 0.26538
24.43 0.27003
24.44 0.27454
24.45 0.27886
24.46 0.28295
24.47 0.28681
24.48 0.29046
24.49 0.29397
24.5 0.29738
24.51 0.30074
24.52 0.30411
24.53 0.30748
24.54 0.31082
24.55 0.31411
24.56 0.31728
24.57 0.32028
24.58 0.32307
24.59 0.32558
24.6 0.32779
24.61 0.32967
24.62 0.3312
24.63 0.3324
24.64 0.33327
24.65 0.33386
24.66 0.33419
24.67 0.33431
24.68 0.33424
24.69 0.33401
24.7 0.33361
24.71 0.33303
24.72 0.33228
24.73 0.33136
24.74 0.33025
24.75 0.32899
24.76 0.32759
24.77 0.32606
24.78 0.32442
24.79 0.32266
24.8 0.32077
24.81 0.31873
24.82 0.31652
24.83 0.31411
24.84 0.3115
24.85 0.3087
24.86 0.30575
24.87 0.30271
24.88 0.29961
24.89 0.29647
24.9 0.29332
24.91 0.29013
24.92 0.28692
24.93 0.28368
24.94 0.28044
24.95 0.27722
24.96 0.27404
24.97 0.27093
24.98 0.26794
24.99 0.26511
25 0.26247
25.01 0.26004
25.02 0.2578
25.03 0.25574
25.04 0.25386
25.05 0.25217
25.06 0.25067
25.07 0.24939
25.08 0.24834
25.09 0.24747
25.1 0.24673
25.11 0.24601
25.12 0.2452
25.13 0.24421
25.14 0.24299
25.15 0.24152
25.16 0.23982
25.17 0.23795
25.18 0.23599
25.19 0.23404
25.2 0.23216
25.21 0.23041
25.22 0.22882
25.23 0.22742
25.24 0.22617
25.25 0.22505
25.26 0.22401
25.27 0.22298
25.28 0.22191
25.29 0.22077
25.3 0.21952
25.31 0.21819
25.32 0.21678
25.33 0.21534
25.34 0.21388
25.35 0.21243
25.36 0.211
25.37 0.2096
25.38 0.20822
25.39 0.20689
25.4 0.20559
25.41 0.20435
25.42 0.20314
25.43 0.20194
25.44 0.20073
25.45 0.19944
25.46 0.19806
25.47 0.19655
25.48 0.19491
25.49 0.19314
25.5 0.19127
25.51 0.18934
25.52 0.18743
25.53 0.18559
25.54 0.1839
25.55 0.1824
25.56 0.18114
25.57 0.18012
25.58 0.17932
25.59 0.17872
25.6 0.17826
25.61 0.1779
25.62 0.17756
25.63 0.17721
25.64 0.17683
25.65 0.1764
25.66 0.1759
25.67 0.17535
25.68 0.17473
25.69 0.17404
25.7 0.17325
25.71 0.17237
25.72 0.17137
25.73 0.17026
25.74 0.16904
25.75 0.16771
25.76 0.16631
25.77 0.16485
25.78 0.16334
25.79 0.16179
25.8 0.16019
25.81 0.15855
25.82 0.15687
25.83 0.15515
25.84 0.15341
25.85 0.1517
25.86 0.15006
25.87 0.14861
25.88 0.14748
25.89 0.14687
25.9 0.14702
25.91 0.14821
25.92 0.15078
25.93 0.1551
25.94 0.16152
25.95 0.1704
25.96 0.18201
25.97 0.19656
25.98 0.21419
25.99 0.23496
26 0.25885
26.01 0.28578
26.02 0.31561
26.03 0.34812
26.04 0.38307
26.05 0.4202
26.06 0.4592
26.07 0.49979
26.08 0.54166
26.09 0.5845
26.1 0.62805
26.11 0.67205
26.12 0.71629
26.13 0.76059
26.14 0.80483
26.15 0.84888
26.16 0.89267
26.17 0.93612
26.18 0.9792
26.19 1.0219
26.2 1.0641
26.21 1.1059
26.22 1.1472
26.23 1.1881
26.24 1.2286
26.25 1.2687
26.26 1.3084
26.27 1.3476
26.28 1.3865
26.29 1.4249
26.3 1.4629
26.31 1.5005
26.32 1.5378
26.33 1.5746
26.34 1.611
26.35 1.647
26.36 1.6823
26.37 1.7168
26.38 1.7503
26.39 1.7826
26.4 1.8137
26.41 1.8433
26.42 1.8714
26.43 1.8981
26.44 1.9233
26.45 1.9471
26.46 1.9696
26.47 1.9908
26.48 2.0109
26.49 2.0299
26.5 2.0479
26.51 2.0648
26.52 2.0808
26.53 2.0957
26.54 2.1096
26.55 2.1225
26.56 2.1341
26.57 2.1445
26.58 2.1537
26.59 2.1616
26.6 2.1684
26.61 2.1741
26.62 2.1788
26.63 2.1826
26.64 2.1856
26.65 2.1881
26.66 2.19
26.67 2.1915
26.68 2.1928
26.69 2.194
26.7 2.1952
26.71 2.1962
26.72 2.1973
26.73 2.1981
26.74 2.1988
26.75 2.1991
26.76 2.1989
26.77 2.1981
26.78 2.1965
26.79 2.1939
26.8 2.1902
26.81 2.1852
26.82 2.1787
26.83 2.1706
26.84 2.1607
26.85 2.1491
26.86 2.1356
26.87 2.1204
26.88 2.1035
26.89 2.0851
26.9 2.0653
26.91 2.0443
26.92 2.0223
26.93 1.9994
26.94 1.9756
26.95 1.9512
26.96 1.9261
26.97 1.9002
26.98 1.8736
26.99 1.8461
27 1.8176
27.01 1.7881
27.02 1.7573
27.03 1.7254
27.04 1.6921
27.05 1.6576
27.06 1.6217
27.07 1.5845
27.08 1.546
27.09 1.5062
27.1 1.4652
27.11 1.4229
27.12 1.3795
27.13 1.335
27.14 1.2894
27.15 1.2428
27.16 1.1953
27.17 1.1469
27.18 1.0975
27.19 1.0473
27.2 0.9962
27.21 0.94445
27.22 0.89225
27.23 0.83989
27.24 0.78778
27.25 0.73636
27.26 0.68615
27.27 0.63764
27.28 0.59127
27.29 0.54738
27.3 0.50616
27.31 0.4676
27.32 0.43158
27.33 0.39793
27.34 0.3665
27.35 0.33721
27.36 0.31005
27.37 0.28508
27.38 0.26233
27.39 0.24181
27.4 0.22342
27.41 0.207
27.42 0.19229
27.43 0.17899
27.44 0.16676
27.45 0.15531
27.46 0.14439
27.47 0.13384
27.48 0.12358
27.49 0.11359
27.5 0.10394
27.51 0.094717
27.52 0.08607
27.53 0.078137
27.54 0.071038
27.55 0.064857
27.56 0.059622
27.57 0.055313
27.58 0.051877
27.59 0.049235
27.6 0.047293
27.61 0.045943
27.62 0.04507
27.63 0.044549
27.64 0.044247
27.65 0.044035
27.66 0.043801
27.67 0.043453
27.68 0.042921
27.69 0.042159
27.7 0.041156
27.71 0.039946
27.72 0.038605
27.73 0.037233
27.74 0.035936
27.75 0.034823
27.76 0.034001
27.77 0.033574
27.78 0.033618
27.79 0.03417
27.8 0.035228
27.81 0.036766
27.82 0.03874
27.83 0.041104
27.84 0.043804
27.85 0.046775
27.86 0.049939
27.87 0.053217
27.88 0.056541
27.89 0.059867
27.9 0.063181
27.91 0.066503
27.92 0.069873
27.93 0.073335
27.94 0.076918
27.95 0.080629
27.96 0.084447
27.97 0.088335
27.98 0.092251
27.99 0.096168
28 0.10008
28.01 0.10401
28.02 0.10797
28.03 0.11201
28.04 0.11616
28.05 0.12045
28.06 0.12488
28.07 0.12938
28.08 0.1339
28.09 0.13834
28.1 0.14262
28.11 0.1467
28.12 0.15055
28.13 0.15417
28.14 0.15756
28.15 0.16073
28.16 0.16365
28.17 0.16634
28.18 0.16878
28.19 0.17097
28.2 0.17295
28.21 0.17473
28.22 0.17637
28.23 0.17791
28.24 0.17937
28.25 0.18076
28.26 0.18208
28.27 0.18334
28.28 0.18454
28.29 0.1857
28.3 0.18686
28.31 0.18805
28.32 0.18928
28.33 0.19057
28.34 0.19192
28.35 0.19333
28.36 0.19482
28.37 0.19641
28.38 0.19811
28.39 0.19995
28.4 0.20195
28.41 0.20411
28.42 0.20646
28.43 0.209
28.44 0.21174
28.45 0.21467
28.46 0.21779
28.47 0.2211
28.48 0.22461
28.49 0.22831
28.5 0.23219
28.51 0.23622
28.52 0.24038
28.53 0.24465
28.54 0.249
28.55 0.25343
28.56 0.25795
28.57 0.26258
28.58 0.26733
28.59 0.27223
28.6 0.27724
28.61 0.28235
28.62 0.28749
28.63 0.29257
28.64 0.29751
28.65 0.30221
28.66 0.30657
28.67 0.3105
28.68 0.31392
28.69 0.31678
28.7 0.31907
28.71 0.32082
28.72 0.32207
28.73 0.32288
28.74 0.3233
28.75 0.32338
28.76 0.32315
28.77 0.32265
28.78 0.3219
28.79 0.32093
28.8 0.31975
28.81 0.31839
28.82 0.31684
28.83 0.3151
28.84 0.31315
28.85 0.311
28.86 0.30865
28.87 0.30615
28.88 0.30353
28.89 0.30084
28.9 0.29809
28.91 0.29527
28.92 0.29236
28.93 0.28934
28.94 0.28618
28.95 0.28289
28.96 0.27946
28.97 0.2759
28.98 0.27226
28.99 0.26858
29 0.26493
29.01 0.26135
29.02 0.25789
29.03 0.25458
29.04 0.25143
29.05 0.24842
29.06 0.24556
29.07 0.24285
29.08 0.24032
29.09 0.23803
29.1 0.23602
29.11 0.23434
29.12 0.23299
29.13 0.23197
29.14 0.23123
29.15 0.23074
29.16 0.23042
29.17 0.2302
29.18 0.22999
29.19 0.22971
29.2 0.22927
29.21 0.22863
29.22 0.22778
29.23 0.22672
29.24 0.22547
29.25 0.22407
29.26 0.22253
29.27 0.22087
29.28 0.21911
29.29 0.21728
29.3 0.21542
29.31 0.21359
29.32 0.21186
29.33 0.21031
29.34 0.209
29.35 0.20799
29.36 0.2073
29.37 0.20693
29.38 0.20684
29.39 0.20701
29.4 0.20741
29.41 0.208
29.42 0.20874
29.43 0.20957
29.44 0.21043
29.45 0.21126
29.46 0.21199
29.47 0.21258
29.48 0.21303
29.49 0.21336
29.5 0.21361
29.51 0.21384
29.52 0.21411
29.53 0.21445
29.54 0.2149
29.55 0.21547
29.56 0.21615
29.57 0.2169
29.58 0.21768
29.59 0.21843
29.6 0.2191
29.61 0.21963
29.62 0.22
29.63 0.22021
29.64 0.22025
29.65 0.22014
29.66 0.21988
29.67 0.2195
29.68 0.21901
29.69 0.21842
29.7 0.21776
29.71 0.21707
29.72 0.21639
29.73 0.21575
29.74 0.21515
29.75 0.2146
29.76 0.21407
29.77 0.21356
29.78 0.21306
29.79 0.21254
29.8 0.212
29.81 0.21142
29.82 0.21081
29.83 0.21018
29.84 0.20953
29.85 0.20886
29.86 0.20817
29.87 0.20747
29.88 0.20675
29.89 0.20602
29.9 0.20529
29.91 0.20458
29.92 0.20389
29.93 0.20323
29.94 0.2026
29.95 0.20201
29.96 0.20149
29.97 0.20102
29.98 0.20064
29.99 0.20035
30 0.20014
30.01 0.19998
30.02 0.19984
30.03 0.19966
30.04 0.19941
30.05 0.19907
30.06 0.1986
30.07 0.19803
30.08 0.19736
30.09 0.19664
30.1 0.19589
30.11 0.19515
30.12 0.19448
30.13 0.1939
30.14 0.19344
30.15 0.19312
30.16 0.19293
30.17 0.19284
30.18 0.19282
30.19 0.19286
30.2 0.1929
30.21 0.19293
30.22 0.19293
30.23 0.19288
30.24 0.1928
30.25 0.19269
30.26 0.19256
30.27 0.19241
30.28 0.19224
30.29 0.19206
30.3 0.19188
30.31 0.19169
30.32 0.1915
30.33 0.19131
30.34 0.19111
30.35 0.1909
30.36 0.19068
30.37 0.19046
30.38 0.19022
30.39 0.18995
30.4 0.18966
30.41 0.18934
30.42 0.189
30.43 0.18864
30.44 0.18828
30.45 0.18791
30.46 0.18755
30.47 0.18721
30.48 0.18688
30.49 0.18657
30.5 0.18627
30.51 0.18598
30.52 0.18569
30.53 0.18537
30.54 0.18505
30.55 0.18472
30.56 0.18439
30.57 0.18409
30.58 0.18382
30.59 0.18358
30.6 0.18338
30.61 0.18321
30.62 0.18306
30.63 0.18293
30.64 0.18282
30.65 0.18272
30.66 0.18262
30.67 0.18253
30.68 0.18243
30.69 0.18232
30.7 0.18218
30.71 0.18201
30.72 0.18181
30.73 0.18158
30.74 0.18132
30.75 0.18102
30.76 0.18067
30.77 0.18027
30.78 0.17981
30.79 0.17929
30.8 0.17873
30.81 0.17814
30.82 0.17751
30.83 0.17683
30.84 0.17612
30.85 0.17535
30.86 0.17453
30.87 0.17366
30.88 0.17275
30.89 0.17179
30.9 0.17082
30.91 0.16983
30.92 0.16885
30.93 0.16789
30.94 0.16694
30.95 0.16601
30.96 0.16511
30.97 0.16423
30.98 0.16338
30.99 0.16255
31 0.16174
31.01 0.16093
31.02 0.16011
31.03 0.15926
31.04 0.15834
31.05 0.15733
31.06 0.15619
31.07 0.1549
31.08 0.15345
31.09 0.15182
31.1 0.15001
31.11 0.14804
31.12 0.14592
31.13 0.14368
31.14 0.14137
31.15 0.13902
31.16 0.13666
31.17 0.13431
31.18 0.13199
31.19 0.12975
31.2 0.12761
31.21 0.12561
31.22 0.12379
31.23 0.12217
31.24 0.1208
31.25 0.11968
31.26 0.11882
31.27 0.11822
31.28 0.11788
31.29 0.11777
31.3 0.11786
31.31 0.11814
31.32 0.11855
31.33 0.11907
31.34 0.11965
31.35 0.12024
31.36 0.1208
31.37 0.12132
31.38 0.12174
31.39 0.12207
31.4 0.12231
31.41 0.12246
31.42 0.12256
31.43 0.12265
31.44 0.12275
31.45 0.1229
31.46 0.12311
31.47 0.12337
31.48 0.12368
31.49 0.12403
31.5 0.12438
31.51 0.12474
31.52 0.1251
31.53 0.12546
31.54 0.12583
31.55 0.12622
31.56 0.12664
31.57 0.1271
31.58 0.12759
31.59 0.12812
31.6 0.12867
31.61 0.12924
31.62 0.1298
31.63 0.13034
31.64 0.13085
31.65 0.13131
31.66 0.13171
31.67 0.13204
31.68 0.13231
31.69 0.13254
31.7 0.13273
31.71 0.13291
31.72 0.13309
31.73 0.13327
31.74 0.13345
31.75 0.13361
31.76 0.13375
31.77 0.13386
31.78 0.13393
31.79 0.13398
31.8 0.13401
31.81 0.13404
31.82 0.13406
31.83 0.13408
31.84 0.13411
31.85 0.13416
31.86 0.13423
31.87 0.13431
31.88 0.1344
31.89 0.13449
31.9 0.13456
31.91 0.13461
31.92 0.13463
31.93 0.13463
31.94 0.1346
31.95 0.13456
31.96 0.1345
31.97 0.13442
31.98 0.13431
31.99 0.13419
32 0.13406
32.01 0.13391
32.02 0.13376
32.03 0.13359
32.04 0.13341
32.05 0.13324
32.06 0.13308
32.07 0.13294
32.08 0.13283
32.09 0.13276
32.1 0.13273
32.11 0.13273
32.12 0.13276
32.13 0.13281
32.14 0.13288
32.15 0.13296
32.16 0.13304
32.17 0.13311
32.18 0.13318
32.19 0.13323
32.2 0.13326
32.21 0.13328
32.22 0.1333
32.23 0.1333
32.24 0.1333
32.25 0.1333
32.26 0.13329
32.27 0.13329
32.28 0.13331
32.29 0.13334
32.3 0.13341
32.31 0.13352
32.32 0.13366
32.33 0.13383
32.34 0.13401
32.35 0.13418
32.36 0.13432
32.37 0.13443
32.38 0.13448
32.39 0.13449
32.4 0.13445
32.41 0.13436
32.42 0.13425
32.43 0.13414
32.44 0.13405
32.45 0.13399
32.46 0.13395
32.47 0.13394
32.48 0.13395
32.49 0.13399
32.5 0.13404
32.51 0.13411
32.52 0.13419
32.53 0.13429
32.54 0.13439
32.55 0.13451
32.56 0.13464
32.57 0.13478
32.58 0.13493
32.59 0.13511
32.6 0.1353
32.61 0.13551
32.62 0.13574
32.63 0.13599
32.64 0.13624
32.65 0.13648
32.66 0.13671
32.67 0.1369
32.68 0.13705
32.69 0.13714
32.7 0.13717
32.71 0.13715
32.72 0.13707
32.73 0.13693
32.74 0.13674
32.75 0.1365
32.76 0.13624
32.77 0.13594
32.78 0.13563
32.79 0.1353
32.8 0.13498
32.81 0.13467
32.82 0.13437
32.83 0.13409
32.84 0.13383
32.85 0.13359
32.86 0.13338
32.87 0.1332
32.88 0.13306
32.89 0.13295
32.9 0.13289
32.91 0.13288
32.92 0.13292
32.93 0.13301
32.94 0.13315
32.95 0.13331
32.96 0.1335
32.97 0.13371
32.98 0.13392
32.99 0.13412
33 0.1343
33.01 0.13447
33.02 0.13461
33.03 0.13473
33.04 0.13482
33.05 0.13488
33.06 0.13493
33.07 0.13497
33.08 0.13502
33.09 0.1351
33.1 0.1352
33.11 0.13532
33.12 0.13547
33.13 0.13562
33.14 0.13575
33.15 0.13585
33.16 0.13593
33.17 0.13597
33.18 0.13598
33.19 0.13598
33.2 0.13596
33.21 0.13594
33.22 0.13592
33.23 0.1359
33.24 0.1359
33.25 0.1359
33.26 0.13591
33.27 0.13595
33.28 0.136
33.29 0.13608
33.3 0.13618
33.31 0.13629
33.32 0.13642
33.33 0.13656
33.34 0.1367
33.35 0.13685
33.36 0.13699
33.37 0.13711
33.38 0.13723
33.39 0.13733
33.4 0.13742
33.41 0.1375
33.42 0.13758
33.43 0.13766
33.44 0.13776
33.45 0.13786
33.46 0.13798
33.47 0.1381
33.48 0.13824
33.49 0.13837
33.5 0.13849
33.51 0.13858
33.52 0.13863
33.53 0.13865
33.54 0.13864
33.55 0.13859
33.56 0.13851
33.57 0.13841
33.58 0.1383
33.59 0.13816
33.6 0.13801
33.61 0.13785
33.62 0.13768
33.63 0.13751
33.64 0.13735
33.65 0.13721
33.66 0.13708
33.67 0.13697
33.68 0.13689
33.69 0.13682
33.7 0.13679
33.71 0.13677
33.72 0.13677
33.73 0.1368
33.74 0.13685
33.75 0.13693
33.76 0.13704
33.77 0.13719
33.78 0.13739
33.79 0.13764
33.8 0.13795
33.81 0.1383
33.82 0.13868
33.83 0.13908
33.84 0.13947
33.85 0.13985
33.86 0.1402
33.87 0.14052
33.88 0.1408
33.89 0.14104
33.9 0.14125
33.91 0.14141
33.92 0.14155
33.93 0.14165
33.94 0.14173
33.95 0.14179
33.96 0.14185
33.97 0.14189
33.98 0.14193
33.99 0.14195
34 0.14197
34.01 0.14197
34.02 0.14196
34.03 0.14195
34.04 0.14193
34.05 0.14191
34.06 0.14189
34.07 0.14187
34.08 0.14186
34.09 0.14184
34.1 0.14184
34.11 0.14184
34.12 0.14184
34.13 0.14184
34.14 0.14184
34.15 0.14184
34.16 0.14184
34.17 0.14183
34.18 0.14183
34.19 0.14184
34.2 0.14186
34.21 0.1419
34.22 0.14197
34.23 0.14208
34.24 0.14222
34.25 0.14239
34.26 0.14259
34.27 0.14279
34.28 0.14299
34.29 0.14318
34.3 0.14334
34.31 0.14347
34.32 0.14357
34.33 0.14364
34.34 0.14368
34.35 0.1437
34.36 0.14369
34.37 0.14368
34.38 0.14366
34.39 0.14365
34.4 0.14365
34.41 0.14366
34.42 0.14368
34.43 0.1437
34.44 0.14373
34.45 0.14375
34.46 0.14377
34.47 0.14379
34.48 0.1438
34.49 0.1438
34.5 0.1438
34.51 0.14377
34.52 0.14374
34.53 0.14369
34.54 0.14363
34.55 0.14355
34.56 0.14347
34.57 0.14337
34.58 0.14328
34.59 0.14317
34.6 0.14306
34.61 0.14295
34.62 0.14284
34.63 0.14274
34.64 0.14264
34.65 0.14256
34.66 0.14248
34.67 0.14242
34.68 0.14236
34.69 0.14232
34.7 0.14229
34.71 0.14228
34.72 0.14227
34.73 0.14228
34.74 0.1423
34.75 0.14232
34.76 0.14234
34.77 0.14236
34.78 0.14236
34.79 0.14233
34.8 0.14227
34.81 0.14217
34.82 0.14206
34.83 0.14193
34.84 0.1418
34.85 0.14168
34.86 0.14157
34.87 0.14148
34.88 0.1414
34.89 0.14134
34.9 0.14128
34.91 0.14124
34.92 0.14122
34.93 0.14122
34.94 0.14127
34.95 0.14134
34.96 0.14144
34.97 0.14156
34.98 0.14169
34.99 0.14181
35 0.14193
35.01 0.14202
35.02 0.1421
35.03 0.14215
35.04 0.14219
35.05 0.1422
35.06 0.1422
35.07 0.14219
35.08 0.14217
35.09 0.14214
35.1 0.1421
35.11 0.14205
35.12 0.14199
35.13 0.14192
35.14 0.14183
35.15 0.14172
35.16 0.14159
35.17 0.14143
35.18 0.14123
35.19 0.14102
35.2 0.14078
35.21 0.14054
35.22 0.14027
35.23 0.13999
35.24 0.13968
35.25 0.13935
35.26 0.13901
35.27 0.13865
35.28 0.1383
35.29 0.13797
35.3 0.13764
35.31 0.13734
35.32 0.13707
35.33 0.13683
35.34 0.13662
35.35 0.13644
35.36 0.13628
35.37 0.13614
35.38 0.13601
35.39 0.13588
35.4 0.13576
35.41 0.13565
35.42 0.13554
35.43 0.13544
35.44 0.13533
35.45 0.13523
35.46 0.13512
35.47 0.13501
35.48 0.1349
35.49 0.1348
35.5 0.13473
35.51 0.13469
35.52 0.1347
35.53 0.13475
35.54 0.13483
35.55 0.13495
35.56 0.13508
35.57 0.13521
35.58 0.13534
35.59 0.13548
35.6 0.13563
35.61 0.1358
35.62 0.136
35.63 0.13624
35.64 0.13652
35.65 0.13683
35.66 0.13717
35.67 0.13751
35.68 0.13784
35.69 0.13817
35.7 0.13846
35.71 0.13873
35.72 0.13895
35.73 0.13914
35.74 0.1393
35.75 0.13944
35.76 0.13958
35.77 0.13971
35.78 0.13984
35.79 0.13997
35.8 0.14008
35.81 0.14017
35.82 0.14025
35.83 0.14031
35.84 0.14036
35.85 0.14042
35.86 0.14048
35.87 0.14055
35.88 0.14063
35.89 0.14072
35.9 0.14083
35.91 0.14095
35.92 0.14109
35.93 0.14125
35.94 0.14141
35.95 0.14158
35.96 0.14174
35.97 0.1419
35.98 0.14204
35.99 0.14217
36 0.1423
36.01 0.14243
36.02 0.14256
36.03 0.1427
36.04 0.14285
36.05 0.14301
36.06 0.14318
36.07 0.14335
36.08 0.14352
36.09 0.14369
36.1 0.14387
36.11 0.14406
36.12 0.14426
36.13 0.14448
36.14 0.14469
36.15 0.14492
36.16 0.14515
36.17 0.14539
36.18 0.14563
