0 -0.33019
0.01 -0.31988
0.02 -0.30956
0.03 -0.29922
0.04 -0.28884
0.05 -0.2784
0.06 -0.26787
0.07 -0.25723
0.08 -0.24645
0.09 -0.23551
0.1 -0.22441
0.11 -0.21314
0.12 -0.2017
0.13 -0.19011
0.14 -0.17839
0.15 -0.16658
0.16 -0.1547
0.17 -0.14282
0.18 -0.13096
0.19 -0.11918
0.2 -0.10751
0.21 -0.09599
0.22 -0.084636
0.23 -0.073461
0.24 -0.062467
0.25 -0.051655
0.26 -0.041023
0.27 -0.030567
0.28 -0.020283
0.29 -0.010169
0.3 -0.0002239
0.31 0.0095514
0.32 0.019156
0.33 0.028594
0.34 0.037881
0.35 0.047048
0.36 0.056134
0.37 0.06518
0.38 0.074222
0.39 0.083284
0.4 0.09238
0.41 0.10152
0.42 0.1107
0.43 0.11992
0.44 0.12918
0.45 0.13846
0.46 0.14776
0.47 0.15707
0.48 0.16637
0.49 0.17567
0.5 0.18495
0.51 0.19422
0.52 0.20347
0.53 0.21271
0.54 0.22192
0.55 0.23114
0.56 0.24038
0.57 0.24964
0.58 0.25896
0.59 0.26836
0.6 0.27785
0.61 0.28745
0.62 0.29716
0.63 0.30696
0.64 0.31686
0.65 0.32686
0.66 0.33697
0.67 0.34721
0.68 0.3576
0.69 0.36815
0.7 0.37888
0.71 0.3898
0.72 0.40092
0.73 0.41225
0.74 0.42378
0.75 0.43548
0.76 0.44732
0.77 0.45924
0.78 0.4712
0.79 0.48311
0.8 0.49496
0.81 0.5067
0.82 0.51834
0.83 0.52988
0.84 0.54132
0.85 0.55264
0.86 0.56384
0.87 0.57488
0.88 0.58576
0.89 0.59642
0.9 0.60685
0.91 0.61703
0.92 0.62697
0.93 0.6367
0.94 0.64623
0.95 0.65561
0.96 0.66487
0.97 0.67406
0.98 0.68319
0.99 0.69233
1 0.7015
1.01 0.71073
1.02 0.72003
1.03 0.7294
1.04 0.73884
1.05 0.74835
1.06 0.7579
1.07 0.76746
1.08 0.77703
1.09 0.78658
1.1 0.7961
1.11 0.80558
1.12 0.81502
1.13 0.82441
1.14 0.83375
1.15 0.84306
1.16 0.85234
1.17 0.86161
1.18 0.87089
1.19 0.8802
1.2 0.88957
1.21 0.89903
1.22 0.90859
1.23 0.91827
1.24 0.92808
1.25 0.93801
1.26 0.94808
1.27 0.95827
1.28 0.9686
1.29 0.97906
1.3 0.98967
1.31 1.0004
1.32 1.0114
1.33 1.0225
1.34 1.0338
1.35 1.0453
1.36 1.0569
1.37 1.0687
1.38 1.0807
1.39 1.0927
1.4 1.1048
1.41 1.1169
1.42 1.1288
1.43 1.1402
