0 1.1081
0.01 1.1066
0.02 1.105
0.03 1.1035
0.04 1.1019
0.05 1.1004
0.06 1.099
0.07 1.0976
0.08 1.0963
0.09 1.0951
0.1 1.094
0.11 1.0931
0.12 1.0923
0.13 1.0917
0.14 1.0914
0.15 1.0914
0.16 1.0917
0.17 1.0923
0.18 1.0932
0.19 1.0944
0.2 1.0959
0.21 1.0975
0.22 1.0991
0.23 1.1009
0.24 1.1026
0.25 1.1043
0.26 1.1058
0.27 1.1073
0.28 1.1086
0.29 1.1099
0.3 1.111
0.31 1.1121
0.32 1.1131
0.33 1.1141
0.34 1.115
0.35 1.1159
0.36 1.1168
0.37 1.1176
0.38 1.1183
0.39 1.119
0.4 1.1197
0.41 1.1202
0.42 1.1207
0.43 1.121
0.44 1.1213
0.45 1.1214
0.46 1.1214
0.47 1.1213
0.48 1.1211
0.49 1.1208
0.5 1.1203
0.51 1.1198
0.52 1.1191
0.53 1.1183
0.54 1.1173
0.55 1.1162
0.56 1.115
0.57 1.1137
0.58 1.1123
0.59 1.1107
0.6 1.109
0.61 1.1073
0.62 1.1055
0.63 1.1037
0.64 1.1019
0.65 1.1001
0.66 1.0984
0.67 1.0968
0.68 1.0952
0.69 1.0937
0.7 1.0923
0.71 1.0911
0.72 1.0899
0.73 1.0889
0.74 1.0881
0.75 1.0876
0.76 1.0873
0.77 1.0874
0.78 1.0877
0.79 1.0885
0.8 1.0895
0.81 1.0909
0.82 1.0924
0.83 1.094
0.84 1.0958
0.85 1.0975
0.86 1.0991
0.87 1.1007
0.88 1.1022
0.89 1.1036
0.9 1.1048
0.91 1.106
0.92 1.107
0.93 1.108
0.94 1.1089
0.95 1.1098
0.96 1.1106
0.97 1.1113
0.98 1.112
0.99 1.1126
1 1.1132
1.01 1.1138
1.02 1.1143
1.03 1.1147
1.04 1.115
1.05 1.1153
1.06 1.1155
1.07 1.1155
1.08 1.1155
1.09 1.1154
1.1 1.1152
1.11 1.1149
1.12 1.1145
1.13 1.114
1.14 1.1134
1.15 1.1126
1.16 1.1118
1.17 1.1109
1.18 1.11
1.19 1.1089
1.2 1.1077
1.21 1.1065
1.22 1.1052
1.23 1.1038
1.24 1.1023
1.25 1.1008
1.26 1.0992
1.27 1.0976
1.28 1.0961
1.29 1.0946
1.3 1.0931
1.31 1.0918
1.32 1.0905
1.33 1.0893
1.34 1.0883
1.35 1.0875
1.36 1.0869
1.37 1.0865
1.38 1.0865
1.39 1.0867
1.4 1.0873
1.41 1.0881
1.42 1.0891
1.43 1.0902
