0 4.6837
0.01 4.6829
0.02 4.6823
0.03 4.682
0.04 4.6817
0.05 4.6814
0.06 4.6811
0.07 4.6809
0.08 4.6807
0.09 4.6806
0.1 4.6808
0.11 4.6813
0.12 4.6821
0.13 4.6832
0.14 4.6846
0.15 4.6862
0.16 4.6879
0.17 4.6897
0.18 4.6915
0.19 4.6932
0.2 4.695
0.21 4.6967
0.22 4.6984
0.23 4.7002
0.24 4.7019
0.25 4.7036
0.26 4.7052
0.27 4.7066
0.28 4.7079
0.29 4.709
0.3 4.7098
0.31 4.7104
0.32 4.7108
0.33 4.7109
0.34 4.7109
0.35 4.7108
0.36 4.7106
0.37 4.7106
0.38 4.7108
0.39 4.7113
0.4 4.7121
0.41 4.7131
0.42 4.7144
0.43 4.7159
0.44 4.7174
0.45 4.7188
0.46 4.7201
0.47 4.7211
0.48 4.7218
0.49 4.7222
0.5 4.7222
0.51 4.7219
0.52 4.7213
0.53 4.7204
0.54 4.7192
0.55 4.7178
0.56 4.7162
0.57 4.7146
0.58 4.7129
0.59 4.7113
0.6 4.7098
0.61 4.7084
0.62 4.7072
0.63 4.7061
0.64 4.7052
0.65 4.7042
0.66 4.7033
0.67 4.7024
0.68 4.7016
0.69 4.7008
0.7 4.7003
0.71 4.7002
0.72 4.7005
0.73 4.7013
0.74 4.7027
0.75 4.7047
0.76 4.707
0.77 4.7095
0.78 4.7121
0.79 4.7146
0.8 4.7169
0.81 4.719
0.82 4.721
0.83 4.723
0.84 4.7249
0.85 4.7268
0.86 4.7287
0.87 4.7305
0.88 4.7323
0.89 4.7337
0.9 4.7348
0.91 4.7354
0.92 4.7354
0.93 4.7348
0.94 4.7338
0.95 4.7324
0.96 4.7307
0.97 4.7288
0.98 4.727
0.99 4.7253
1 4.7239
1.01 4.7229
1.02 4.7224
1.03 4.7223
1.04 4.7225
1.05 4.723
1.06 4.7236
1.07 4.7242
1.08 4.7246
1.09 4.7248
1.1 4.7247
1.11 4.7241
1.12 4.7232
1.13 4.7219
1.14 4.7202
1.15 4.7182
1.16 4.716
1.17 4.7136
1.18 4.7113
1.19 4.7089
1.2 4.7067
1.21 4.7047
1.22 4.7028
1.23 4.7012
1.24 4.6999
1.25 4.6987
1.26 4.6977
1.27 4.697
1.28 4.6964
1.29 4.696
1.3 4.6958
1.31 4.6959
1.32 4.6963
1.33 4.6971
1.34 4.6983
1.35 4.7001
1.36 4.7024
1.37 4.7052
1.38 4.7083
1.39 4.7114
1.4 4.7142
1.41 4.7164
1.42 4.7175
1.43 4.7173
