0 -11.866
0.01 -11.859
0.02 -11.852
0.03 -11.845
0.04 -11.84
0.05 -11.837
0.06 -11.838
0.07 -11.842
0.08 -11.849
0.09 -11.858
0.1 -11.867
0.11 -11.875
0.12 -11.882
0.13 -11.888
0.14 -11.894
0.15 -11.902
0.16 -11.911
0.17 -11.923
0.18 -11.937
0.19 -11.955
0.2 -11.976
0.21 -12
0.22 -12.025
0.23 -12.051
0.24 -12.077
0.25 -12.101
0.26 -12.122
0.27 -12.141
0.28 -12.158
0.29 -12.172
0.3 -12.185
0.31 -12.195
0.32 -12.204
0.33 -12.21
0.34 -12.215
0.35 -12.219
0.36 -12.221
0.37 -12.222
0.38 -12.221
0.39 -12.221
0.4 -12.22
0.41 -12.218
0.42 -12.217
0.43 -12.215
0.44 -12.214
0.45 -12.212
0.46 -12.211
0.47 -12.209
0.48 -12.207
0.49 -12.206
0.5 -12.204
0.51 -12.202
0.52 -12.201
0.53 -12.199
0.54 -12.197
0.55 -12.195
0.56 -12.193
0.57 -12.19
0.58 -12.186
0.59 -12.181
0.6 -12.175
0.61 -12.169
0.62 -12.161
0.63 -12.152
0.64 -12.142
0.65 -12.132
0.66 -12.12
0.67 -12.107
0.68 -12.092
0.69 -12.075
0.7 -12.056
0.71 -12.034
0.72 -12.009
0.73 -11.981
0.74 -11.948
0.75 -11.91
0.76 -11.868
0.77 -11.822
0.78 -11.772
0.79 -11.72
0.8 -11.667
0.81 -11.617
0.82 -11.571
0.83 -11.533
0.84 -11.507
0.85 -11.498
0.86 -11.509
0.87 -11.539
0.88 -11.584
0.89 -11.636
0.9 -11.689
0.91 -11.736
0.92 -11.775
0.93 -11.805
0.94 -11.83
0.95 -11.849
0.96 -11.865
0.97 -11.878
0.98 -11.891
0.99 -11.901
1 -11.911
1.01 -11.919
1.02 -11.926
1.03 -11.931
1.04 -11.935
1.05 -11.937
1.06 -11.937
1.07 -11.937
1.08 -11.935
1.09 -11.934
1.1 -11.932
1.11 -11.931
1.12 -11.929
1.13 -11.928
1.14 -11.926
1.15 -11.923
1.16 -11.92
1.17 -11.916
1.18 -11.912
1.19 -11.907
1.2 -11.901
1.21 -11.894
1.22 -11.886
1.23 -11.878
1.24 -11.869
1.25 -11.86
1.26 -11.852
1.27 -11.846
1.28 -11.841
1.29 -11.84
1.3 -11.841
1.31 -11.844
1.32 -11.848
1.33 -11.853
1.34 -11.858
1.35 -11.862
1.36 -11.867
1.37 -11.874
1.38 -11.883
1.39 -11.894
1.4 -11.907
1.41 -11.922
1.42 -11.938
1.43 -11.954
