0 -5.9844
0.01 -5.9888
0.02 -5.9931
0.03 -5.9974
0.04 -6.0018
0.05 -6.0062
0.06 -6.0107
0.07 -6.0156
0.08 -6.0208
0.09 -6.0264
0.1 -6.0323
0.11 -6.0387
0.12 -6.0457
0.13 -6.0533
0.14 -6.0618
0.15 -6.0712
0.16 -6.0815
0.17 -6.0923
0.18 -6.1035
0.19 -6.1145
0.2 -6.1249
0.21 -6.1345
0.22 -6.1428
0.23 -6.1496
0.24 -6.1546
0.25 -6.1579
0.26 -6.1594
0.27 -6.1594
0.28 -6.158
0.29 -6.1553
0.3 -6.1515
0.31 -6.1466
0.32 -6.1406
0.33 -6.1334
0.34 -6.1248
0.35 -6.1148
0.36 -6.1033
0.37 -6.0904
0.38 -6.0763
0.39 -6.0611
0.4 -6.045
0.41 -6.0282
0.42 -6.0108
0.43 -5.993
0.44 -5.9748
0.45 -5.9566
0.46 -5.9385
0.47 -5.9208
0.48 -5.9035
0.49 -5.8867
0.5 -5.8704
0.51 -5.8545
0.52 -5.8391
0.53 -5.8241
0.54 -5.8096
0.55 -5.7956
0.56 -5.7823
0.57 -5.7697
0.58 -5.7577
0.59 -5.7464
0.6 -5.736
0.61 -5.7263
0.62 -5.7174
0.63 -5.7093
0.64 -5.7019
0.65 -5.6952
0.66 -5.6891
0.67 -5.6837
0.68 -5.6787
0.69 -5.6743
0.7 -5.6706
0.71 -5.6676
0.72 -5.6655
0.73 -5.6645
0.74 -5.6651
0.75 -5.6674
0.76 -5.6718
0.77 -5.6787
0.78 -5.6882
0.79 -5.7005
0.8 -5.7154
0.81 -5.7325
0.82 -5.7515
0.83 -5.7719
0.84 -5.7934
0.85 -5.8156
0.86 -5.8383
0.87 -5.8616
0.88 -5.8853
0.89 -5.9094
0.9 -5.9337
0.91 -5.9578
0.92 -5.981
0.93 -6.0027
0.94 -6.0224
0.95 -6.0397
0.96 -6.0542
0.97 -6.066
0.98 -6.0751
0.99 -6.0817
1 -6.0863
1.01 -6.0891
1.02 -6.0906
1.03 -6.0911
1.04 -6.0909
1.05 -6.0903
1.06 -6.0892
1.07 -6.0874
1.08 -6.0849
1.09 -6.0815
1.1 -6.0775
1.11 -6.0729
1.12 -6.0682
1.13 -6.0635
1.14 -6.0591
1.15 -6.0552
1.16 -6.0518
1.17 -6.0491
1.18 -6.0469
1.19 -6.0452
1.2 -6.0438
1.21 -6.0427
1.22 -6.0419
1.23 -6.0415
1.24 -6.0413
1.25 -6.0414
1.26 -6.042
1.27 -6.0429
1.28 -6.0444
1.29 -6.0464
1.3 -6.0488
1.31 -6.0515
1.32 -6.0544
1.33 -6.0573
1.34 -6.0602
1.35 -6.0631
1.36 -6.0663
1.37 -6.0699
1.38 -6.0742
1.39 -6.0792
1.4 -6.0851
1.41 -6.0917
1.42 -6.0989
1.43 -6.1068
