0 -5.8612
0.01 -5.8521
0.02 -5.843
0.03 -5.8339
0.04 -5.8248
0.05 -5.8156
0.06 -5.8066
0.07 -5.7978
0.08 -5.7891
0.09 -5.7807
0.1 -5.7724
0.11 -5.7644
0.12 -5.7568
0.13 -5.7499
0.14 -5.7441
0.15 -5.7396
0.16 -5.7368
0.17 -5.7358
0.18 -5.7362
0.19 -5.738
0.2 -5.7408
0.21 -5.7444
0.22 -5.7485
0.23 -5.7531
0.24 -5.7581
0.25 -5.7636
0.26 -5.7699
0.27 -5.7771
0.28 -5.7854
0.29 -5.7947
0.3 -5.8047
0.31 -5.815
0.32 -5.8252
0.33 -5.8351
0.34 -5.8444
0.35 -5.8533
0.36 -5.8619
0.37 -5.8704
0.38 -5.8789
0.39 -5.8876
0.4 -5.8967
0.41 -5.9061
0.42 -5.9158
0.43 -5.9255
0.44 -5.9353
0.45 -5.945
0.46 -5.9544
0.47 -5.9634
0.48 -5.9721
0.49 -5.9803
0.5 -5.9881
0.51 -5.9954
0.52 -6.0024
0.53 -6.0091
0.54 -6.0155
0.55 -6.0218
0.56 -6.0281
0.57 -6.0342
0.58 -6.0402
0.59 -6.0458
0.6 -6.0508
0.61 -6.0553
0.62 -6.0593
0.63 -6.0629
0.64 -6.0661
0.65 -6.069
0.66 -6.0715
0.67 -6.0736
0.68 -6.0754
0.69 -6.0767
0.7 -6.0779
0.71 -6.0789
0.72 -6.0798
0.73 -6.0808
0.74 -6.0818
0.75 -6.0831
0.76 -6.0848
0.77 -6.0868
0.78 -6.0892
0.79 -6.0918
0.8 -6.0944
0.81 -6.0965
0.82 -6.0978
0.83 -6.0981
0.84 -6.097
0.85 -6.0947
0.86 -6.0912
0.87 -6.0867
0.88 -6.0814
0.89 -6.0754
0.9 -6.0689
0.91 -6.0621
0.92 -6.0549
0.93 -6.0471
0.94 -6.0386
0.95 -6.0294
0.96 -6.0192
0.97 -6.0082
0.98 -5.9967
0.99 -5.9846
1 -5.9722
1.01 -5.9596
1.02 -5.9468
1.03 -5.934
1.04 -5.9211
1.05 -5.9082
1.06 -5.8952
1.07 -5.8821
1.08 -5.8686
1.09 -5.8548
1.1 -5.8408
1.11 -5.8269
1.12 -5.8132
1.13 -5.8004
1.14 -5.7886
1.15 -5.7782
1.16 -5.7692
1.17 -5.7616
1.18 -5.7552
1.19 -5.7499
1.2 -5.7454
1.21 -5.7416
1.22 -5.7384
1.23 -5.7358
1.24 -5.7337
1.25 -5.7321
1.26 -5.7313
1.27 -5.7311
1.28 -5.7317
1.29 -5.733
1.3 -5.7347
1.31 -5.7369
1.32 -5.7393
1.33 -5.742
1.34 -5.7453
1.35 -5.7492
1.36 -5.7542
1.37 -5.7606
1.38 -5.7685
1.39 -5.7781
1.4 -5.7891
1.41 -5.8012
1.42 -5.8138
1.43 -5.8261
