0 -9.7829
0.01 -9.7805
0.02 -9.7784
0.03 -9.7762
0.04 -9.7741
0.05 -9.7719
0.06 -9.7697
0.07 -9.7673
0.08 -9.7647
0.09 -9.762
0.1 -9.7591
0.11 -9.7563
0.12 -9.7534
0.13 -9.7508
0.14 -9.7485
0.15 -9.7464
0.16 -9.7447
0.17 -9.7431
0.18 -9.7418
0.19 -9.7407
0.2 -9.7398
0.21 -9.7392
0.22 -9.7389
0.23 -9.7389
0.24 -9.7391
0.25 -9.7394
0.26 -9.7398
0.27 -9.74
0.28 -9.7402
0.29 -9.7402
0.3 -9.7402
0.31 -9.7402
0.32 -9.7402
0.33 -9.7402
0.34 -9.7403
0.35 -9.7404
0.36 -9.7407
0.37 -9.7412
0.38 -9.742
0.39 -9.7431
0.4 -9.7446
0.41 -9.7465
0.42 -9.7488
0.43 -9.7512
0.44 -9.7536
0.45 -9.7557
0.46 -9.7575
0.47 -9.7587
0.48 -9.7594
0.49 -9.7595
0.5 -9.7591
0.51 -9.7582
0.52 -9.7569
0.53 -9.7551
0.54 -9.7531
0.55 -9.7507
0.56 -9.7481
0.57 -9.7454
0.58 -9.7426
0.59 -9.7398
0.6 -9.737
0.61 -9.7344
0.62 -9.7318
0.63 -9.7291
0.64 -9.7264
0.65 -9.7235
0.66 -9.7205
0.67 -9.7172
0.68 -9.7137
0.69 -9.7101
0.7 -9.7065
0.71 -9.7029
0.72 -9.6998
0.73 -9.697
0.74 -9.6949
0.75 -9.6932
0.76 -9.6921
0.77 -9.6914
0.78 -9.6912
0.79 -9.6912
0.8 -9.6914
0.81 -9.6918
0.82 -9.6923
0.83 -9.6931
0.84 -9.6941
0.85 -9.6953
0.86 -9.6969
0.87 -9.6988
0.88 -9.7009
0.89 -9.7031
0.9 -9.7052
0.91 -9.707
0.92 -9.7085
0.93 -9.7094
0.94 -9.7099
0.95 -9.7101
0.96 -9.71
0.97 -9.7099
0.98 -9.7099
0.99 -9.7101
1 -9.7107
1.01 -9.7117
1.02 -9.7133
1.03 -9.7152
1.04 -9.7175
1.05 -9.72
1.06 -9.7224
1.07 -9.7246
1.08 -9.7265
1.09 -9.7279
1.1 -9.7287
1.11 -9.7289
1.12 -9.7285
1.13 -9.7276
1.14 -9.7261
1.15 -9.7241
1.16 -9.7219
1.17 -9.7194
1.18 -9.7168
1.19 -9.7141
1.2 -9.7114
1.21 -9.7087
1.22 -9.706
1.23 -9.7032
1.24 -9.7003
1.25 -9.6973
1.26 -9.6942
1.27 -9.6909
1.28 -9.6876
1.29 -9.6842
1.3 -9.6807
1.31 -9.6772
1.32 -9.6736
1.33 -9.67
1.34 -9.6668
1.35 -9.6639
1.36 -9.6616
1.37 -9.6598
1.38 -9.6584
1.39 -9.6572
1.4 -9.656
1.41 -9.6543
1.42 -9.6519
1.43 -9.6486
