0 -4.7545
0.01 -4.7512
0.02 -4.7478
0.03 -4.7445
0.04 -4.7415
0.05 -4.739
0.06 -4.7373
0.07 -4.7369
0.08 -4.7382
0.09 -4.7415
0.1 -4.7471
0.11 -4.7554
0.12 -4.7667
0.13 -4.7813
0.14 -4.7998
0.15 -4.8222
0.16 -4.8487
0.17 -4.8788
0.18 -4.9118
0.19 -4.9466
0.2 -4.9821
0.21 -5.0169
0.22 -5.0499
0.23 -5.0798
0.24 -5.1057
0.25 -5.127
0.26 -5.1431
0.27 -5.1538
0.28 -5.1591
0.29 -5.1595
0.3 -5.1555
0.31 -5.1478
0.32 -5.1372
0.33 -5.1243
0.34 -5.1099
0.35 -5.0944
0.36 -5.0783
0.37 -5.0622
0.38 -5.0463
0.39 -5.031
0.4 -5.0166
0.41 -5.0032
0.42 -4.991
0.43 -4.98
0.44 -4.9703
0.45 -4.9617
0.46 -4.9541
0.47 -4.9474
0.48 -4.9415
0.49 -4.9365
0.5 -4.9321
0.51 -4.9283
0.52 -4.9253
0.53 -4.9228
0.54 -4.9209
0.55 -4.9196
0.56 -4.9189
0.57 -4.9186
0.58 -4.9189
0.59 -4.9197
0.6 -4.9209
0.61 -4.9225
0.62 -4.9243
0.63 -4.9261
0.64 -4.9277
0.65 -4.929
0.66 -4.93
0.67 -4.9308
0.68 -4.9315
0.69 -4.9327
0.7 -4.9352
0.71 -4.9396
0.72 -4.9465
0.73 -4.9564
0.74 -4.9691
0.75 -4.9838
0.76 -4.9991
0.77 -5.0135
0.78 -5.0257
0.79 -5.0349
0.8 -5.0403
0.81 -5.0419
0.82 -5.0402
0.83 -5.0359
0.84 -5.0297
0.85 -5.0224
0.86 -5.0148
0.87 -5.0073
0.88 -5.0001
0.89 -4.9931
0.9 -4.9863
0.91 -4.9795
0.92 -4.9724
0.93 -4.9649
0.94 -4.957
0.95 -4.9486
0.96 -4.9399
0.97 -4.9309
0.98 -4.9217
0.99 -4.9124
1 -4.903
1.01 -4.8936
1.02 -4.8842
1.03 -4.8748
1.04 -4.8655
1.05 -4.8563
1.06 -4.8472
1.07 -4.8384
1.08 -4.83
1.09 -4.8224
1.1 -4.8155
1.11 -4.8096
1.12 -4.8046
1.13 -4.8004
1.14 -4.7969
1.15 -4.7939
1.16 -4.791
1.17 -4.7879
1.18 -4.7846
1.19 -4.7809
1.2 -4.7768
1.21 -4.7723
1.22 -4.7678
1.23 -4.7636
1.24 -4.76
1.25 -4.7574
1.26 -4.7561
1.27 -4.7561
1.28 -4.7573
1.29 -4.7596
1.3 -4.7631
1.31 -4.7679
1.32 -4.7743
1.33 -4.7829
1.34 -4.7942
1.35 -4.8088
1.36 -4.8271
1.37 -4.8494
1.38 -4.8755
1.39 -4.905
1.4 -4.9369
1.41 -4.9696
1.42 -5.0016
1.43 -5.0309
