0 -6.1253
0.01 -6.1217
0.02 -6.1187
0.03 -6.1164
0.04 -6.1149
0.05 -6.1144
0.06 -6.1148
0.07 -6.1161
0.08 -6.1186
0.09 -6.1223
0.1 -6.1271
0.11 -6.1332
0.12 -6.1405
0.13 -6.1489
0.14 -6.1582
0.15 -6.1683
0.16 -6.179
0.17 -6.1901
0.18 -6.2016
0.19 -6.2134
0.2 -6.2254
0.21 -6.2377
0.22 -6.25
0.23 -6.2623
0.24 -6.2744
0.25 -6.2862
0.26 -6.2974
0.27 -6.3079
0.28 -6.3176
0.29 -6.3264
0.3 -6.3345
0.31 -6.3421
0.32 -6.3493
0.33 -6.3563
0.34 -6.3633
0.35 -6.3703
0.36 -6.3774
0.37 -6.3847
0.38 -6.3921
0.39 -6.3997
0.4 -6.4073
0.41 -6.4149
0.42 -6.4224
0.43 -6.4299
0.44 -6.4372
0.45 -6.4443
0.46 -6.451
0.47 -6.4575
0.48 -6.4635
0.49 -6.4692
0.5 -6.4744
0.51 -6.4792
0.52 -6.4835
0.53 -6.4873
0.54 -6.4905
0.55 -6.4932
0.56 -6.4953
0.57 -6.4969
0.58 -6.4982
0.59 -6.4993
0.6 -6.5003
0.61 -6.5013
0.62 -6.5022
0.63 -6.5029
0.64 -6.5035
0.65 -6.5038
0.66 -6.5038
0.67 -6.5037
0.68 -6.5034
0.69 -6.503
0.7 -6.5025
0.71 -6.502
0.72 -6.5016
0.73 -6.5012
0.74 -6.5007
0.75 -6.5002
0.76 -6.4993
0.77 -6.4979
0.78 -6.4957
0.79 -6.4928
0.8 -6.4891
0.81 -6.4846
0.82 -6.4796
0.83 -6.4743
0.84 -6.4688
0.85 -6.4632
0.86 -6.4573
0.87 -6.4512
0.88 -6.4446
0.89 -6.4374
0.9 -6.4295
0.91 -6.4207
0.92 -6.4111
0.93 -6.4009
0.94 -6.3902
0.95 -6.3792
0.96 -6.3682
0.97 -6.3573
0.98 -6.3466
0.99 -6.3363
1 -6.3265
1.01 -6.3172
1.02 -6.3086
1.03 -6.3005
1.04 -6.2931
1.05 -6.2862
1.06 -6.2798
1.07 -6.2739
1.08 -6.2685
1.09 -6.2635
1.1 -6.2589
1.11 -6.2544
1.12 -6.25
1.13 -6.2454
1.14 -6.2407
1.15 -6.2357
1.16 -6.2305
1.17 -6.2252
1.18 -6.22
1.19 -6.2149
1.2 -6.2102
1.21 -6.2059
1.22 -6.2021
1.23 -6.1988
1.24 -6.1961
1.25 -6.1939
1.26 -6.1922
1.27 -6.191
1.28 -6.1903
1.29 -6.1902
1.3 -6.1909
1.31 -6.1924
1.32 -6.1949
1.33 -6.1985
1.34 -6.203
1.35 -6.2085
1.36 -6.2148
1.37 -6.2219
1.38 -6.2294
1.39 -6.2373
1.4 -6.2451
1.41 -6.2527
1.42 -6.2596
1.43 -6.2656
