0 -4.9448
0.01 -4.9482
0.02 -4.9511
0.03 -4.9537
0.04 -4.956
0.05 -4.9582
0.06 -4.9604
0.07 -4.9631
0.08 -4.9667
0.09 -4.972
0.1 -4.9798
0.11 -4.9906
0.12 -5.0045
0.13 -5.0205
0.14 -5.0372
0.15 -5.0529
0.16 -5.0662
0.17 -5.076
0.18 -5.0814
0.19 -5.0821
0.2 -5.0783
0.21 -5.0707
0.22 -5.0602
0.23 -5.0478
0.24 -5.0345
0.25 -5.021
0.26 -5.0078
0.27 -4.9952
0.28 -4.9831
0.29 -4.9716
0.3 -4.9607
0.31 -4.9504
0.32 -4.9406
0.33 -4.9312
0.34 -4.9222
0.35 -4.9136
0.36 -4.9052
0.37 -4.8971
0.38 -4.8893
0.39 -4.8816
0.4 -4.8742
0.41 -4.8669
0.42 -4.8598
0.43 -4.8528
0.44 -4.8459
0.45 -4.839
0.46 -4.8322
0.47 -4.8252
0.48 -4.8182
0.49 -4.8109
0.5 -4.8035
0.51 -4.7958
0.52 -4.7881
0.53 -4.7802
0.54 -4.7724
0.55 -4.7647
0.56 -4.7572
0.57 -4.7499
0.58 -4.7431
0.59 -4.7368
0.6 -4.7313
0.61 -4.7267
0.62 -4.7228
0.63 -4.7198
0.64 -4.7173
0.65 -4.7153
0.66 -4.7137
0.67 -4.7126
0.68 -4.7125
0.69 -4.7135
0.7 -4.716
0.71 -4.7202
0.72 -4.7264
0.73 -4.735
0.74 -4.7466
0.75 -4.7617
0.76 -4.7806
0.77 -4.8036
0.78 -4.831
0.79 -4.8628
0.8 -4.8988
0.81 -4.9389
0.82 -4.9828
0.83 -5.0297
0.84 -5.0785
0.85 -5.1275
0.86 -5.1744
0.87 -5.2173
0.88 -5.2542
0.89 -5.2836
0.9 -5.3046
0.91 -5.3165
0.92 -5.3197
0.93 -5.315
0.94 -5.3037
0.95 -5.2869
0.96 -5.2659
0.97 -5.2419
0.98 -5.2157
0.99 -5.1882
1 -5.1602
1.01 -5.1324
1.02 -5.1053
1.03 -5.0795
1.04 -5.0555
1.05 -5.0337
1.06 -5.0145
1.07 -4.9979
1.08 -4.9835
1.09 -4.9711
1.1 -4.9606
1.11 -4.9517
1.12 -4.9444
1.13 -4.9385
1.14 -4.9341
1.15 -4.931
1.16 -4.9289
1.17 -4.9276
1.18 -4.9267
1.19 -4.926
1.2 -4.9255
1.21 -4.9252
1.22 -4.9252
1.23 -4.9257
1.24 -4.9267
1.25 -4.928
1.26 -4.9293
1.27 -4.9308
1.28 -4.9323
1.29 -4.9338
1.3 -4.9357
1.31 -4.9385
1.32 -4.9429
1.33 -4.9497
1.34 -4.9593
1.35 -4.9716
1.36 -4.9856
1.37 -5.0002
1.38 -5.0145
1.39 -5.0277
1.4 -5.0394
1.41 -5.0492
1.42 -5.0572
1.43 -5.064
