0 -6.5744
0.01 -6.5707
0.02 -6.5675
0.03 -6.5648
0.04 -6.5629
0.05 -6.5621
0.06 -6.5624
0.07 -6.5641
0.08 -6.5674
0.09 -6.5725
0.1 -6.5796
0.11 -6.589
0.12 -6.6009
0.13 -6.6157
0.14 -6.6338
0.15 -6.6556
0.16 -6.6812
0.17 -6.7107
0.18 -6.744
0.19 -6.7808
0.2 -6.8204
0.21 -6.8624
0.22 -6.9059
0.23 -6.9506
0.24 -6.9957
0.25 -7.0409
0.26 -7.0857
0.27 -7.1296
0.28 -7.1724
0.29 -7.2135
0.3 -7.2525
0.31 -7.289
0.32 -7.3226
0.33 -7.353
0.34 -7.3796
0.35 -7.4021
0.36 -7.4202
0.37 -7.4337
0.38 -7.4423
0.39 -7.4461
0.4 -7.4452
0.41 -7.4396
0.42 -7.4296
0.43 -7.4153
0.44 -7.397
0.45 -7.3747
0.46 -7.3487
0.47 -7.3191
0.48 -7.2858
0.49 -7.2491
0.5 -7.2088
0.51 -7.165
0.52 -7.1181
0.53 -7.0681
0.54 -7.0156
0.55 -6.9609
0.56 -6.9048
0.57 -6.848
0.58 -6.7914
0.59 -6.736
0.6 -6.6827
0.61 -6.6328
0.62 -6.5875
0.63 -6.5478
0.64 -6.515
0.65 -6.4899
0.66 -6.4729
0.67 -6.4643
0.68 -6.4637
0.69 -6.4702
0.7 -6.4826
0.71 -6.4992
0.72 -6.5184
0.73 -6.5384
0.74 -6.558
0.75 -6.5763
0.76 -6.593
0.77 -6.6084
0.78 -6.623
0.79 -6.637
0.8 -6.6504
0.81 -6.6628
0.82 -6.6735
0.83 -6.6819
0.84 -6.6877
0.85 -6.691
0.86 -6.6919
0.87 -6.6907
0.88 -6.688
0.89 -6.6843
0.9 -6.6801
0.91 -6.6758
0.92 -6.6717
0.93 -6.668
0.94 -6.6648
0.95 -6.662
0.96 -6.6596
0.97 -6.6573
0.98 -6.6552
0.99 -6.653
1 -6.6506
1.01 -6.6479
1.02 -6.6449
1.03 -6.6415
1.04 -6.6377
1.05 -6.6338
1.06 -6.6298
1.07 -6.6258
1.08 -6.622
1.09 -6.6184
1.1 -6.6152
1.11 -6.6123
1.12 -6.6099
1.13 -6.6079
1.14 -6.6063
1.15 -6.605
1.16 -6.6039
1.17 -6.603
1.18 -6.6023
1.19 -6.6016
1.2 -6.6009
1.21 -6.6002
1.22 -6.5996
1.23 -6.5991
1.24 -6.5987
1.25 -6.5985
1.26 -6.5985
1.27 -6.5987
1.28 -6.5993
1.29 -6.6003
1.3 -6.6019
1.31 -6.6045
1.32 -6.6082
1.33 -6.6136
1.34 -6.6209
1.35 -6.6306
1.36 -6.6433
1.37 -6.6594
1.38 -6.6791
1.39 -6.7024
1.4 -6.7287
1.41 -6.7573
1.42 -6.7868
1.43 -6.8153
