0 -12.126
0.01 -12.12
0.02 -12.113
0.03 -12.106
0.04 -12.098
0.05 -12.089
0.06 -12.078
0.07 -12.065
0.08 -12.049
0.09 -12.029
0.1 -12.006
0.11 -11.979
0.12 -11.948
0.13 -11.912
0.14 -11.873
0.15 -11.829
0.16 -11.782
0.17 -11.733
0.18 -11.685
0.19 -11.641
0.2 -11.604
0.21 -11.579
0.22 -11.569
0.23 -11.577
0.24 -11.601
0.25 -11.638
0.26 -11.683
0.27 -11.728
0.28 -11.769
0.29 -11.803
0.3 -11.83
0.31 -11.853
0.32 -11.872
0.33 -11.889
0.34 -11.905
0.35 -11.921
0.36 -11.936
0.37 -11.951
0.38 -11.965
0.39 -11.978
0.4 -11.988
0.41 -11.995
0.42 -12
0.43 -12.003
0.44 -12.003
0.45 -12.001
0.46 -11.998
0.47 -11.994
0.48 -11.989
0.49 -11.983
0.5 -11.977
0.51 -11.972
0.52 -11.966
0.53 -11.961
0.54 -11.957
0.55 -11.953
0.56 -11.95
0.57 -11.948
0.58 -11.946
0.59 -11.945
0.6 -11.945
0.61 -11.946
0.62 -11.946
0.63 -11.947
0.64 -11.948
0.65 -11.948
0.66 -11.949
0.67 -11.95
0.68 -11.951
0.69 -11.952
0.7 -11.953
0.71 -11.954
0.72 -11.953
0.73 -11.951
0.74 -11.948
0.75 -11.944
0.76 -11.941
0.77 -11.939
0.78 -11.938
0.79 -11.939
0.8 -11.944
0.81 -11.951
0.82 -11.962
0.83 -11.976
0.84 -11.992
0.85 -12.01
0.86 -12.029
0.87 -12.047
0.88 -12.065
0.89 -12.082
0.9 -12.098
0.91 -12.113
0.92 -12.126
0.93 -12.139
0.94 -12.15
0.95 -12.16
0.96 -12.169
0.97 -12.176
0.98 -12.18
0.99 -12.184
1 -12.185
1.01 -12.185
1.02 -12.184
1.03 -12.183
1.04 -12.182
1.05 -12.18
1.06 -12.179
1.07 -12.178
1.08 -12.176
1.09 -12.174
1.1 -12.172
1.11 -12.168
1.12 -12.163
1.13 -12.158
1.14 -12.151
1.15 -12.144
1.16 -12.136
1.17 -12.13
1.18 -12.124
1.19 -12.118
1.2 -12.113
1.21 -12.108
1.22 -12.103
1.23 -12.098
1.24 -12.091
1.25 -12.083
1.26 -12.074
1.27 -12.063
1.28 -12.05
1.29 -12.036
1.3 -12.02
1.31 -12.002
1.32 -11.981
1.33 -11.958
1.34 -11.931
1.35 -11.899
1.36 -11.863
1.37 -11.821
1.38 -11.774
1.39 -11.722
1.4 -11.668
1.41 -11.613
1.42 -11.559
1.43 -11.51
