0 -6.3231
0.01 -6.3368
0.02 -6.3507
0.03 -6.3646
0.04 -6.3782
0.05 -6.3913
0.06 -6.4038
0.07 -6.4157
0.08 -6.4269
0.09 -6.4374
0.1 -6.4472
0.11 -6.4562
0.12 -6.4641
0.13 -6.4708
0.14 -6.4759
0.15 -6.4789
0.16 -6.4795
0.17 -6.4774
0.18 -6.4724
0.19 -6.4645
0.2 -6.4539
0.21 -6.4407
0.22 -6.4253
0.23 -6.408
0.24 -6.3891
0.25 -6.3687
0.26 -6.347
0.27 -6.3241
0.28 -6.3002
0.29 -6.2752
0.3 -6.2494
0.31 -6.2227
0.32 -6.1954
0.33 -6.1675
0.34 -6.1394
0.35 -6.1113
0.36 -6.0836
0.37 -6.0566
0.38 -6.0306
0.39 -6.0059
0.4 -5.9827
0.41 -5.9608
0.42 -5.9405
0.43 -5.9216
0.44 -5.904
0.45 -5.8877
0.46 -5.8726
0.47 -5.8585
0.48 -5.8457
0.49 -5.834
0.5 -5.8237
0.51 -5.8147
0.52 -5.8071
0.53 -5.801
0.54 -5.7961
0.55 -5.7926
0.56 -5.7903
0.57 -5.7891
0.58 -5.7889
0.59 -5.7896
0.6 -5.7909
0.61 -5.7926
0.62 -5.7944
0.63 -5.7959
0.64 -5.7969
0.65 -5.7969
0.66 -5.796
0.67 -5.7941
0.68 -5.7913
0.69 -5.7882
0.7 -5.785
0.71 -5.7824
0.72 -5.781
0.73 -5.7811
0.74 -5.783
0.75 -5.7866
0.76 -5.7919
0.77 -5.7984
0.78 -5.8057
0.79 -5.8135
0.8 -5.8216
0.81 -5.8303
0.82 -5.8399
0.83 -5.8507
0.84 -5.863
0.85 -5.8766
0.86 -5.8916
0.87 -5.9075
0.88 -5.924
0.89 -5.9406
0.9 -5.9568
0.91 -5.9723
0.92 -5.9868
0.93 -6.0002
0.94 -6.0125
0.95 -6.0239
0.96 -6.0346
0.97 -6.045
0.98 -6.0552
0.99 -6.0657
1 -6.0767
1.01 -6.0885
1.02 -6.1012
1.03 -6.1146
1.04 -6.1288
1.05 -6.1435
1.06 -6.1583
1.07 -6.1731
1.08 -6.1874
1.09 -6.2013
1.1 -6.2144
1.11 -6.2267
1.12 -6.2381
1.13 -6.2487
1.14 -6.2586
1.15 -6.2678
1.16 -6.2766
1.17 -6.2851
1.18 -6.2936
1.19 -6.3022
1.2 -6.3111
1.21 -6.3203
1.22 -6.33
1.23 -6.34
1.24 -6.3505
1.25 -6.3614
1.26 -6.3725
1.27 -6.3839
1.28 -6.3955
1.29 -6.4072
1.3 -6.4189
1.31 -6.4305
1.32 -6.4418
1.33 -6.4528
1.34 -6.4632
1.35 -6.4728
1.36 -6.4814
1.37 -6.4886
1.38 -6.494
1.39 -6.4974
1.4 -6.4984
1.41 -6.4972
1.42 -6.4939
1.43 -6.4889
