0 -6.6372
0.01 -6.601
0.02 -6.5679
0.03 -6.5395
0.04 -6.5171
0.05 -6.5014
0.06 -6.4927
0.07 -6.4907
0.08 -6.4946
0.09 -6.5035
0.1 -6.5159
0.11 -6.5303
0.12 -6.5456
0.13 -6.5605
0.14 -6.5746
0.15 -6.5878
0.16 -6.6003
0.17 -6.6121
0.18 -6.6234
0.19 -6.634
0.2 -6.6438
0.21 -6.6527
0.22 -6.6605
0.23 -6.6672
0.24 -6.6727
0.25 -6.677
0.26 -6.6802
0.27 -6.6822
0.28 -6.6831
0.29 -6.683
0.3 -6.682
0.31 -6.6803
0.32 -6.6779
0.33 -6.6751
0.34 -6.6718
0.35 -6.6681
0.36 -6.664
0.37 -6.6594
0.38 -6.6541
0.39 -6.6483
0.4 -6.6419
0.41 -6.635
0.42 -6.6277
0.43 -6.6202
0.44 -6.6126
0.45 -6.6051
0.46 -6.5978
0.47 -6.5909
0.48 -6.5846
0.49 -6.5788
0.5 -6.5737
0.51 -6.5692
0.52 -6.5653
0.53 -6.5621
0.54 -6.5595
0.55 -6.5573
0.56 -6.5556
0.57 -6.5543
0.58 -6.5532
0.59 -6.5524
0.6 -6.5518
0.61 -6.5514
0.62 -6.5516
0.63 -6.5523
0.64 -6.5537
0.65 -6.556
0.66 -6.5592
0.67 -6.5636
0.68 -6.569
0.69 -6.5758
0.7 -6.5839
0.71 -6.5935
0.72 -6.6047
0.73 -6.6177
0.74 -6.6329
0.75 -6.6505
0.76 -6.6708
0.77 -6.694
0.78 -6.7204
0.79 -6.7499
0.8 -6.7825
0.81 -6.8178
0.82 -6.8554
0.83 -6.8949
0.84 -6.9358
0.85 -6.9779
0.86 -7.0208
0.87 -7.0644
0.88 -7.1082
0.89 -7.1519
0.9 -7.1953
0.91 -7.2377
0.92 -7.2786
0.93 -7.3175
0.94 -7.3537
0.95 -7.3865
0.96 -7.4153
0.97 -7.4398
0.98 -7.4596
0.99 -7.4743
1 -7.4839
1.01 -7.4883
1.02 -7.4875
1.03 -7.4817
1.04 -7.4711
1.05 -7.456
1.06 -7.4365
1.07 -7.4129
1.08 -7.3854
1.09 -7.3541
1.1 -7.3192
1.11 -7.2808
1.12 -7.239
1.13 -7.1941
1.14 -7.1463
1.15 -7.0959
1.16 -7.0434
1.17 -6.9892
1.18 -6.9341
1.19 -6.8787
1.2 -6.8238
1.21 -6.7704
1.22 -6.7195
1.23 -6.672
1.24 -6.6291
1.25 -6.5917
1.26 -6.5607
1.27 -6.5368
1.28 -6.5202
1.29 -6.5111
1.3 -6.5089
1.31 -6.513
1.32 -6.5221
1.33 -6.5347
1.34 -6.5493
1.35 -6.5643
1.36 -6.5784
1.37 -6.5908
1.38 -6.6013
1.39 -6.6097
1.4 -6.6157
1.41 -6.6195
1.42 -6.6207
1.43 -6.6197
