0 -5.7521
0.01 -5.7531
0.02 -5.7539
0.03 -5.7543
0.04 -5.7544
0.05 -5.7542
0.06 -5.7539
0.07 -5.7536
0.08 -5.7537
0.09 -5.7543
0.1 -5.7557
0.11 -5.7581
0.12 -5.7616
0.13 -5.7663
0.14 -5.7722
0.15 -5.779
0.16 -5.7867
0.17 -5.795
0.18 -5.8038
0.19 -5.8132
0.2 -5.823
0.21 -5.8333
0.22 -5.8442
0.23 -5.8557
0.24 -5.8678
0.25 -5.8804
0.26 -5.8934
0.27 -5.9066
0.28 -5.9201
0.29 -5.9338
0.3 -5.9475
0.31 -5.9611
0.32 -5.9746
0.33 -5.9878
0.34 -6.0009
0.35 -6.0139
0.36 -6.027
0.37 -6.0406
0.38 -6.0547
0.39 -6.0695
0.4 -6.0851
0.41 -6.1014
0.42 -6.1182
0.43 -6.1354
0.44 -6.1528
0.45 -6.17
0.46 -6.1869
0.47 -6.2033
0.48 -6.2189
0.49 -6.2338
0.5 -6.2479
0.51 -6.2612
0.52 -6.2738
0.53 -6.2856
0.54 -6.2967
0.55 -6.3072
0.56 -6.3173
0.57 -6.3271
0.58 -6.3369
0.59 -6.3467
0.6 -6.3568
0.61 -6.367
0.62 -6.3774
0.63 -6.388
0.64 -6.3984
0.65 -6.4086
0.66 -6.4185
0.67 -6.4281
0.68 -6.4372
0.69 -6.4459
0.7 -6.4543
0.71 -6.4624
0.72 -6.4704
0.73 -6.4782
0.74 -6.4856
0.75 -6.4923
0.76 -6.4978
0.77 -6.5016
0.78 -6.5032
0.79 -6.5022
0.8 -6.4984
0.81 -6.4919
0.82 -6.4828
0.83 -6.4713
0.84 -6.4579
0.85 -6.4426
0.86 -6.4258
0.87 -6.4075
0.88 -6.3876
0.89 -6.3661
0.9 -6.343
0.91 -6.3181
0.92 -6.2915
0.93 -6.2634
0.94 -6.2342
0.95 -6.2041
0.96 -6.1735
0.97 -6.1429
0.98 -6.1126
0.99 -6.0831
1 -6.0549
1.01 -6.0283
1.02 -6.0033
1.03 -5.9801
1.04 -5.9587
1.05 -5.9389
1.06 -5.9206
1.07 -5.9036
1.08 -5.8877
1.09 -5.8729
1.1 -5.8591
1.11 -5.8462
1.12 -5.8343
1.13 -5.8234
1.14 -5.8134
1.15 -5.8046
1.16 -5.7969
1.17 -5.7903
1.18 -5.7848
1.19 -5.7806
1.2 -5.7775
1.21 -5.7753
1.22 -5.7741
1.23 -5.7736
1.24 -5.7737
1.25 -5.7741
1.26 -5.7747
1.27 -5.7754
1.28 -5.7761
1.29 -5.777
1.3 -5.7779
1.31 -5.7792
1.32 -5.781
1.33 -5.7836
1.34 -5.7873
1.35 -5.7924
1.36 -5.799
1.37 -5.8073
1.38 -5.8172
1.39 -5.8284
1.4 -5.8405
1.41 -5.8531
1.42 -5.8655
1.43 -5.8771
