0 -6.575
0.01 -6.5758
0.02 -6.5769
0.03 -6.578
0.04 -6.579
0.05 -6.5798
0.06 -6.5804
0.07 -6.5807
0.08 -6.5807
0.09 -6.5805
0.1 -6.5801
0.11 -6.5795
0.12 -6.5787
0.13 -6.5775
0.14 -6.5759
0.15 -6.5735
0.16 -6.5704
0.17 -6.5663
0.18 -6.5614
0.19 -6.5555
0.2 -6.5489
0.21 -6.5416
0.22 -6.5339
0.23 -6.5257
0.24 -6.5172
0.25 -6.5084
0.26 -6.4994
0.27 -6.4901
0.28 -6.4805
0.29 -6.4705
0.3 -6.4601
0.31 -6.4493
0.32 -6.4382
0.33 -6.4268
0.34 -6.4153
0.35 -6.4038
0.36 -6.3924
0.37 -6.3814
0.38 -6.3708
0.39 -6.3607
0.4 -6.351
0.41 -6.3418
0.42 -6.333
0.43 -6.3246
0.44 -6.3165
0.45 -6.3086
0.46 -6.3008
0.47 -6.293
0.48 -6.2852
0.49 -6.2772
0.5 -6.2693
0.51 -6.2613
0.52 -6.2534
0.53 -6.2456
0.54 -6.2379
0.55 -6.2304
0.56 -6.2232
0.57 -6.2164
0.58 -6.2099
0.59 -6.2041
0.6 -6.1988
0.61 -6.1941
0.62 -6.1902
0.63 -6.187
0.64 -6.1845
0.65 -6.1829
0.66 -6.1821
0.67 -6.1824
0.68 -6.1837
0.69 -6.1863
0.7 -6.1901
0.71 -6.1951
0.72 -6.2015
0.73 -6.2091
0.74 -6.2178
0.75 -6.2275
0.76 -6.2379
0.77 -6.2488
0.78 -6.2598
0.79 -6.2707
0.8 -6.2814
0.81 -6.2918
0.82 -6.302
0.83 -6.312
0.84 -6.3218
0.85 -6.3315
0.86 -6.341
0.87 -6.3502
0.88 -6.3589
0.89 -6.367
0.9 -6.3744
0.91 -6.3812
0.92 -6.3875
0.93 -6.3936
0.94 -6.3997
0.95 -6.4061
0.96 -6.413
0.97 -6.4205
0.98 -6.4287
0.99 -6.4376
1 -6.4472
1.01 -6.4573
1.02 -6.468
1.03 -6.4789
1.04 -6.49
1.05 -6.501
1.06 -6.5118
1.07 -6.5223
1.08 -6.5324
1.09 -6.5421
1.1 -6.5512
1.11 -6.5596
1.12 -6.5673
1.13 -6.574
1.14 -6.5798
1.15 -6.5846
1.16 -6.5886
1.17 -6.5917
1.18 -6.5942
1.19 -6.596
1.2 -6.5974
1.21 -6.5984
1.22 -6.5992
1.23 -6.5997
1.24 -6.6
1.25 -6.6001
1.26 -6.6
1.27 -6.5996
1.28 -6.599
1.29 -6.5981
1.3 -6.5969
1.31 -6.5955
1.32 -6.5939
1.33 -6.5922
1.34 -6.5906
1.35 -6.589
1.36 -6.5874
1.37 -6.5856
1.38 -6.5831
1.39 -6.5796
1.4 -6.5749
1.41 -6.5686
1.42 -6.5604
1.43 -6.5504
